14   7   30
35   2   41
56   27   56
35   2   62
62   38   63
55   56   32
59   30   63
60   60   21
52   25   3
1   47   43
46   11   54
46   45   50
49   39   60
22   58   42
49   37   13
13   49   54
31   1   4
55   39   50
49   6   55
38   12   3
0   15   26
3   28   5
5   24   35
2   26   5
36   51   26
47   17   44
57   61   49
39   29   6
18   14   52
14   55   34
19   53   19
21   30   4
14   48   5
59   18   12
59   39   5
12   52   4
23   62   50
14   14   27
56   44   0
34   16   15
53   19   19
42   31   49
58   4   14
16   27   14
47   46   2
19   50   42
37   1   46
46   57   33
24   56   22
26   55   49
53   46   39
57   18   15
58   59   26
28   31   16
23   23   15
42   11   15
53   48   0
51   35   7
19   23   14
29   43   61
49   23   14
11   38   28
38   17   31
56   11   53
57   60   58
50   55   31
41   36   15
39   12   53
37   54   40
34   19   55
39   45   14
25   19   58
8   31   3
0   24   6
30   8   12
40   23   33
52   33   1
6   37   2
57   42   47
18   18   52
6   47   36
25   24   9
25   55   21
7   57   39
62   43   47
1   3   31
35   31   24
10   35   29
3   49   5
45   54   18
47   12   63
63   16   44
56   43   0
18   14   10
10   14   7
43   48   0
26   34   47
26   34   22
34   53   56
44   56   31
61   43   16
40   2   34
15   33   28
60   31   38
22   35   15
63   49   43
20   30   1
47   15   32
6   23   5
50   37   39
25   55   3
53   56   11
63   43   54
14   27   2
58   55   10
21   9   22
28   58   40
47   1   63
57   11   52
35   10   11
61   16   53
8   8   8
13   39   14
16   40   16
30   25   49
9   21   42
13   52   31
35   43   38
58   11   2
47   32   50
7   50   12
57   58   4
6   51   4
45   54   14
37   59   1
21   51   7
29   62   13
1   30   56
37   15   41
44   35   12
41   19   19
49   55   18
8   34   36
22   35   26
18   50   28
53   15   11
52   60   45
62   52   5
48   1   12
26   3   6
30   22   52
14   23   7
34   63   40
32   7   24
34   21   2
60   59   14
7   8   2
25   0   40
3   20   18
34   16   25
23   15   28
12   35   5
61   24   63
25   31   4
55   18   56
46   59   7
34   11   11
38   54   34
7   42   15
47   1   35
50   58   41
12   28   62
7   28   8
62   4   12
61   27   60
15   40   13
1   35   55
23   49   32
62   24   13
56   3   47
57   27   61
58   9   47
25   4   13
27   45   57
10   8   1
59   61   50
50   49   21
10   53   60
38   17   32
38   27   1
31   45   41
22   20   35
61   53   34
35   30   3
7   62   60
33   17   35
40   11   13
20   4   52
28   32   19
48   4   23
37   61   49
55   53   18
19   10   12
62   59   6
46   17   33
14   60   29
17   38   42
48   36   16
52   49   45
10   19   40
26   31   9
59   13   3
2   39   10
1   13   6
21   23   35
40   28   55
9   34   38
47   3   61
11   49   58
8   24   47
55   15   7
28   59   37
45   54   8
38   43   30
22   0   54
41   62   49
18   45   49
26   20   9
57   39   39
23   15   55
28   21   26
53   40   62
22   40   23
58   55   49
31   55   41
42   36   49
14   53   0
14   50   44
18   48   50
57   57   54
9   33   10
61   60   5
40   8   45
32   22   2
63   30   5
14   50   11
61   55   11
11   63   49
26   60   32
26   14   9
46   5   9
6   56   28
11   55   1
28   14   2
47   44   50
40   4   59
46   13   18
32   30   20
38   37   6
4   43   8
34   52   43
4   3   44
45   14   7
19   30   7
31   61   40
3   6   10
6   61   2
26   50   19
41   13   27
54   50   56
18   27   3
36   14   15
58   33   34
12   47   9
55   20   56
9   40   19
41   4   16
8   62   61
34   40   24
1   42   0
23   48   2
16   50   13
18   39   33
0   8   3
39   17   41
31   31   26
14   36   0
1   53   54
34   28   59
22   48   7
50   4   19
62   58   48
44   44   6
44   15   30
13   20   4
6   49   3
24   13   51
31   55   33
4   30   7
11   57   44
18   17   18
56   59   47
61   33   60
12   49   27
46   26   16
15   56   19
16   60   37
37   4   13
46   19   26
43   44   8
25   37   20
24   18   6
42   8   63
1   46   60
51   3   7
61   34   62
50   25   16
37   52   47
44   42   50
41   19   20
61   51   7
8   31   24
7   3   45
4   24   19
19   32   62
0   39   16
44   54   33
10   31   7
45   54   43
43   60   48
49   20   54
9   50   8
17   52   28
16   33   16
52   59   62
0   52   35
44   53   31
45   55   29
45   37   22
24   33   1
47   11   42
0   52   3
33   33   20
32   53   11
16   63   14
21   39   20
1   39   63
20   22   26
8   26   47
22   26   4
55   8   34
36   15   28
9   51   3
32   43   29
30   52   36
1   33   55
14   31   19
27   3   62
35   54   30
49   47   52
13   49   13
37   22   28
42   7   5
48   36   30
56   18   0
15   11   13
18   63   58
43   1   59
51   58   35
19   51   50
50   10   46
2   1   0
40   19   25
34   26   4
17   19   17
47   27   30
23   59   53
14   30   6
36   30   24
54   35   0
9   47   6
11   40   32
48   41   13
32   16   22
13   46   3
1   15   10
33   23   51
19   44   30
8   63   18
39   0   42
28   32   17
41   48   14
11   1   26
4   52   40
23   51   49
59   1   18
37   15   2
54   12   10
32   13   24
53   44   44
63   31   15
14   1   55
5   63   53
47   37   46
29   55   15
22   4   47
23   16   8
46   1   44
58   15   6
16   50   2
15   51   57
8   47   3
12   29   3
52   17   21
54   53   41
27   32   41
19   43   34
22   30   3
34   43   40
32   46   39
12   0   0
2   37   8
49   28   30
52   54   11
41   24   28
26   39   14
14   4   8
43   14   13
47   12   21
47   20   32
49   17   40
27   2   49
9   33   8
1   44   32
34   40   10
36   45   42
12   21   3
13   54   63
19   27   58
45   8   49
36   46   52
46   34   3
11   40   2
11   58   51
36   27   4
40   14   14
20   46   61
1   60   11
8   1   19
38   11   51
44   26   4
24   62   42
52   43   39
44   42   51
53   42   14
34   34   49
15   51   54
6   3   32
48   32   49
2   36   62
53   56   36
44   25   17
51   41   16
28   16   26
51   0   14
14   44   61
58   34   39
9   57   31
61   58   63
32   8   35
41   58   47
2   60   10
45   36   50
4   22   62
47   43   37
6   57   37
49   47   0
56   16   54
9   10   0
3   37   46
23   12   14
39   6   0
56   12   15
8   24   40
16   50   45
34   54   51
30   42   23
7   61   9
26   44   40
52   63   49
16   50   43
47   30   14
1   5   4
27   16   23
23   62   20
22   62   22
23   11   11
53   62   23
44   54   31
44   12   7
52   40   13
57   37   54
57   17   2
0   39   58
62   49   37
60   18   11
59   5   45
30   31   5
34   28   2
31   29   12
9   51   60
1   1   61
46   19   13
25   48   8
30   39   41
5   37   6
54   52   47
33   55   43
43   16   26
1   52   10
54   0   20
14   40   48
6   7   6
18   47   10
3   6   4
28   27   19
63   46   42
46   38   3
43   32   12
7   11   54
50   35   52
46   47   35
42   40   39
3   60   9
25   42   62
27   14   7
40   16   1
46   59   46
3   50   6
59   30   62
31   34   12
24   63   19
18   39   32
30   61   3
45   37   11
40   14   3
5   52   7
58   55   23
21   63   41
29   29   26
59   40   15
25   52   5
39   11   9
58   35   19
27   45   36
48   16   12
37   42   10
47   12   19
6   51   9
14   63   20
10   7   13
30   62   62
56   24   60
32   8   42
19   43   38
4   15   25
58   4   21
14   21   0
25   26   7
3   46   49
33   46   24
12   59   41
25   46   33
59   52   50
15   0   50
52   55   0
12   51   0
54   30   52
41   19   14
27   54   19
40   2   48
38   20   43
43   43   10
0   38   15
23   2   38
33   4   6
55   35   54
12   1   15
24   20   5
32   59   41
6   47   10
19   60   16
41   43   8
14   30   8
14   53   49
50   41   11
58   42   20
9   56   25
5   50   34
26   9   14
23   50   33
62   36   36
37   9   61
51   0   5
55   22   18
25   50   3
55   56   27
17   59   0
30   23   49
37   45   34
12   58   49
39   3   2
62   30   53
8   55   8
15   44   32
39   44   12
24   58   48
42   15   54
24   8   31
5   46   54
15   53   2
30   28   23
51   29   7
10   23   2
45   63   34
3   35   54
3   52   48
49   10   54
60   49   35
0   35   56
10   8   63
54   62   47
25   37   31
40   8   21
50   11   7
21   58   50
47   46   40
5   16   28
37   26   3
53   28   18
49   3   1
61   12   0
59   16   15
61   18   4
38   12   36
21   61   53
48   48   45
52   60   44
2   12   16
8   29   62
58   58   50
62   49   30
19   18   55
30   63   53
58   56   6
38   45   27
63   51   43
51   44   15
23   14   13
56   7   45
28   2   13
12   41   26
15   46   36
29   26   27
23   59   48
34   15   18
16   52   37
20   20   14
20   23   34
42   11   14
34   20   27
50   35   4
33   31   21
26   16   21
41   58   48
9   21   5
54   43   44
51   33   17
59   12   4
22   42   49
19   1   52
36   45   21
15   33   23
56   51   3
25   4   53
25   6   4
1   35   3
52   35   51
28   18   52
22   38   49
21   5   4
16   38   36
27   54   18
62   12   23
8   31   1
60   34   33
53   26   60
17   50   10
49   11   27
50   54   0
1   20   15
12   12   61
57   40   47
1   37   40
43   17   12
59   18   3
60   39   9
49   0   12
21   9   56
47   16   32
18   63   40
7   27   5
40   20   36
42   15   22
22   6   26
29   52   31
13   51   37
24   55   22
43   15   43
21   5   24
53   44   7
20   37   17
27   61   18
1   50   49
27   21   6
25   35   24
50   1   4
9   32   58
7   3   38
30   63   4
33   46   43
34   19   54
46   23   39
1   12   7
49   62   54
17   20   38
55   52   61
23   9   30
15   42   16
47   15   27
29   52   23
53   51   21
23   13   49
47   20   30
60   26   57
11   40   56
31   42   24
45   16   30
49   10   37
39   48   34
54   41   51
17   28   21
23   41   42
20   35   14
34   40   16
41   40   38
33   59   16
49   45   42
1   5   29
58   59   43
10   16   23
27   9   42
28   39   15
44   31   16
53   46   63
6   9   62
41   8   40
45   57   42
49   11   6
10   47   61
59   1   5
18   44   43
11   20   11
44   29   1
42   19   32
2   53   40
37   27   28
50   24   19
48   40   14
55   50   0
50   18   46
28   42   29
24   8   46
52   26   11
12   40   59
38   1   21
27   52   18
26   46   42
45   30   13
26   9   25
34   40   41
60   2   12
39   45   39
57   47   38
59   22   58
9   9   13
29   24   7
3   39   2
19   53   55
30   55   18
3   2   44
43   29   8
19   49   34
29   62   37
9   44   50
46   19   63
32   23   57
44   17   37
0   59   56
21   21   33
20   63   18
25   52   41
21   42   43
43   42   34
33   48   45
37   25   3
11   63   21
33   46   36
10   19   37
47   16   20
5   47   40
56   29   55
59   33   53
55   17   63
62   56   48
12   7   35
38   61   23
62   31   11
19   51   55
12   54   1
50   47   8
6   30   9
50   18   18
16   63   34
43   11   3
35   29   3
61   42   19
23   6   55
35   23   59
55   50   14
18   24   4
18   29   21
19   19   34
11   40   6
37   31   4
26   57   46
10   58   5
56   40   17
1   48   36
51   33   15
17   59   30
7   60   21
33   40   6
10   9   14
17   18   34
39   33   10
42   30   1
31   29   4
46   0   16
62   46   45
20   60   18
16   26   25
32   31   19
53   52   11
50   52   9
36   60   8
53   39   52
54   7   36
31   31   29
60   59   13
24   20   49
53   63   44
55   38   52
3   61   54
10   19   19
7   24   25
17   2   34
41   37   42
20   57   8
21   40   17
26   59   19
7   38   24
49   0   46
54   57   10
19   63   33
52   62   25
43   8   24
61   4   17
27   27   24
20   7   46
60   38   53
28   46   29
9   28   6
44   2   35
24   40   22
25   62   48
43   54   6
55   11   8
47   25   1
43   53   27
63   51   6
41   57   52
52   21   26
55   58   56
1   9   34
32   51   40
48   46   49
0   39   18
51   38   24
32   8   30
31   52   39
27   46   14
45   37   14
41   31   27
22   3   53
39   19   43
45   13   25
8   16   24
51   14   46
17   15   1
6   23   1
59   18   8
62   0   46
58   56   43
57   34   29
27   34   24
25   55   38
20   54   36
41   27   17
6   57   40
57   37   56
35   55   8
57   30   7
27   60   39
30   2   48
46   55   32
17   12   24
24   34   1
55   62   60
26   4   16
29   45   31
23   39   24
13   36   41
23   56   42
63   40   11
54   39   15
5   45   47
1   39   1
26   16   56
5   37   49
46   53   0
52   14   54
42   5   6
7   49   49
12   29   18
25   58   53
60   9   45
18   23   36
43   45   22
33   15   35
33   3   40
9   33   7
20   43   43
57   15   55
1   16   14
39   2   51
43   43   49
3   15   40
63   60   7
6   61   55
31   44   41
40   23   26
62   16   12
19   38   31
44   62   42
36   15   10
22   40   19
7   52   25
22   31   58
31   39   13
31   38   23
36   31   42
30   9   33
43   13   23
20   32   3
53   39   25
34   46   3
1   6   7
6   3   41
32   62   33
35   33   21
18   33   41
38   54   39
29   42   31
32   7   42
25   57   40
27   13   54
18   14   49
26   63   48
26   35   2
11   30   5
41   42   52
25   60   42
62   27   58
48   0   8
39   37   12
30   59   40
0   54   5
41   3   44
49   13   42
9   24   42
53   55   26
24   61   6
50   39   14
55   22   59
3   28   15
24   39   12
7   22   59
21   23   39
16   54   61
51   26   18
33   8   47
15   19   36
61   24   7
1   9   2
36   58   41
28   3   14
27   59   33
45   35   3
21   58   52
7   55   31
22   47   8
21   60   41
15   36   2
54   58   46
22   12   11
3   28   13
26   31   1
48   37   15
63   21   42
22   55   23
23   45   33
36   57   1
20   35   17
48   9   29
51   13   48
27   43   27
13   32   40
27   50   21
3   0   61
6   29   13
31   61   17
23   36   23
26   47   29
27   12   58
0   37   30
61   9   48
54   20   40
7   55   11
21   30   58
47   45   40
32   8   48
58   56   50
62   2   8
21   55   6
26   56   33
28   15   6
12   32   35
7   46   11
7   58   7
3   63   6
53   44   46
62   15   41
16   30   18
53   44   63
18   57   39
30   57   39
1   49   6
31   3   35
0   41   60
62   52   6
40   43   47
6   23   14
62   63   39
11   58   53
44   23   41
17   41   7
13   1   53
27   60   48
10   52   6
45   42   7
56   17   18
46   59   47
16   9   53
59   49   49
27   46   13
28   7   47
54   23   59
5   19   44
24   11   52
45   36   12
21   63   16
41   24   1
50   42   43
29   32   16
7   21   59
37   32   1
14   14   26
45   62   14
15   45   32
0   40   10
0   63   54
54   42   45
17   27   1
4   18   26
19   48   36
0   15   24
25   34   19
47   37   41
38   50   6
59   29   52
37   21   32
45   19   8
23   24   12
18   45   45
59   40   51
17   17   22
44   41   35
34   57   13
46   36   3
57   34   48
56   11   31
7   27   3
63   55   29
2   49   10
17   61   22
32   63   34
53   44   45
20   12   19
41   1   24
38   61   47
37   45   47
12   50   5
27   41   33
38   24   4
30   28   1
5   6   13
50   53   17
60   30   2
45   36   14
53   1   49
29   4   29
24   42   17
52   1   8
36   30   9
45   17   43
57   44   39
35   19   18
44   51   3
39   12   11
23   48   30
10   12   19
37   12   1
18   20   15
4   27   56
29   3   50
26   22   45
30   60   33
32   62   34
60   40   7
11   46   14
15   52   5
21   13   3
3   20   36
18   48   43
0   61   63
63   59   11
49   39   62
38   29   29
53   58   3
30   57   48
15   8   5
44   60   1
35   54   47
17   52   2
30   20   55
44   62   52
29   16   31
19   12   55
0   40   9
10   38   6
39   30   8
55   55   46
7   21   35
28   0   46
25   9   40
22   20   11
32   4   35
46   19   50
1   59   41
47   55   21
22   13   52
2   1   7
32   60   3
62   24   1
33   22   35
16   36   45
6   29   58
28   51   46
33   22   4
21   30   13
38   45   38
23   53   50
40   33   14
11   9   54
4   27   28
45   8   53
52   29   47
34   47   3
52   9   34
17   31   48
26   44   36
0   38   58
27   36   44
6   1   21
3   46   8
17   30   22
30   26   22
34   59   45
42   31   13
5   63   17
27   3   32
16   23   41
20   46   32
9   47   2
9   51   2
32   41   27
2   27   63
17   2   33
46   30   12
39   23   6
44   4   6
12   38   13
0   31   7
13   31   20
54   59   27
33   7   41
61   17   3
59   29   56
0   58   46
29   25   1
31   55   46
7   16   6
3   12   15
22   2   42
24   42   11
19   20   55
17   23   8
13   53   4
10   42   9
18   60   36
32   20   22
20   7   42
25   63   42
34   22   54
42   51   50
46   41   34
21   1   13
1   52   8
41   16   3
5   53   2
13   42   42
49   9   38
4   43   11
53   51   56
52   4   12
14   37   32
57   46   0
30   9   44
57   36   61
1   36   38
44   4   61
39   13   10
11   53   1
45   54   17
61   45   49
3   52   38
57   50   62
10   14   47
21   37   30
0   46   3
18   38   33
25   32   11
52   54   61
24   21   10
56   19   18
46   46   9
36   30   63
2   4   16
5   38   22
34   23   35
16   30   20
45   4   17
41   10   40
18   20   13
45   4   40
30   52   21
27   25   2
62   63   60
16   6   19
50   35   13
32   59   18
32   13   2
59   10   3
14   0   26
20   7   17
51   30   61
42   21   34
38   27   3
17   49   29
55   19   20
4   12   17
44   44   49
53   23   23
45   12   14
35   45   26
14   57   45
47   47   49
51   51   49
59   54   23
29   52   19
0   39   15
42   16   10
52   46   25
22   57   7
36   1   3
27   37   33
9   56   6
18   31   24
46   40   51
39   25   4
60   11   12
12   21   62
27   2   35
55   55   41
20   49   31
17   38   32
51   54   60
45   4   14
20   10   52
3   20   17
62   12   29
11   56   34
55   21   23
48   62   16
14   44   45
22   61   27
34   8   46
27   42   42
49   48   47
37   50   21
60   28   41
24   22   20
54   56   35
11   34   19
52   12   8
29   47   44
25   13   55
15   59   22
26   21   34
46   34   12
3   52   42
17   54   29
56   56   40
8   17   15
48   25   56
22   57   20
60   59   3
18   60   25
63   18   36
12   39   22
63   49   47
47   51   10
38   50   3
23   58   36
42   27   15
27   33   33
41   56   20
26   11   54
40   45   8
30   59   34
0   16   9
48   35   15
25   63   54
55   3   50
1   37   32
17   35   19
50   15   18
13   35   48
1   57   49
20   59   43
63   14   11
37   53   8
53   4   18
15   7   44
19   63   53
40   42   6
3   8   62
56   31   52
63   63   61
32   45   22
45   0   9
43   32   41
15   38   45
53   58   1
12   58   19
37   62   41
29   52   51
13   3   7
49   47   36
7   33   54
19   2   36
59   51   11
52   18   53
43   56   16
41   38   51
27   28   3
13   58   45
54   59   61
44   11   4
42   33   1
41   38   15
8   21   37
59   2   13
26   57   33
34   54   42
44   8   26
46   40   15
54   55   17
33   29   25
19   14   3
31   43   6
23   53   8
40   10   45
35   23   37
24   62   18
2   12   14
62   30   38
45   43   4
26   45   60
12   7   34
18   53   17
2   63   20
47   47   34
56   18   14
44   62   47
27   26   24
15   48   38
46   39   13
58   24   8
45   16   34
29   8   60
23   18   58
2   44   19
62   63   63
29   46   11
63   9   3
14   13   35
52   1   0
46   46   3
41   31   31
14   20   5
46   40   7
59   1   35
42   59   3
57   60   46
20   20   1
58   22   57
10   58   16
55   6   46
63   22   38
62   56   62
62   27   48
50   6   34
30   31   12
42   22   6
33   17   36
33   54   33
22   59   54
58   18   20
57   13   41
48   29   14
22   38   29
34   40   7
51   45   11
46   1   40
56   18   42
63   28   9
23   29   24
23   39   42
37   63   41
59   18   6
32   2   40
25   60   34
34   30   17
16   13   11
52   39   10
23   42   19
54   8   46
33   23   32
49   50   34
51   29   45
20   2   40
41   53   63
51   18   49
36   54   45
49   30   16
5   46   2
6   56   26
8   56   3
9   14   25
54   26   23
8   16   33
8   21   33
24   57   42
56   18   10
50   48   42
15   38   10
45   55   34
36   6   36
14   50   7
21   40   20
24   52   40
47   16   63
25   30   43
18   27   7
51   11   10
23   57   6
25   33   29
45   19   37
32   61   20
53   43   9
19   57   49
24   43   62
19   35   7
5   44   28
46   16   13
17   31   23
56   33   7
13   60   30
37   10   9
52   9   42
45   40   35
4   53   61
37   16   29
3   48   30
17   41   38
53   40   50
28   10   5
15   10   11
50   3   63
31   21   51
16   54   0
29   50   41
62   16   11
23   46   34
39   25   6
25   50   30
60   33   33
4   16   10
24   37   23
20   52   36
10   38   46
46   11   34
31   30   4
38   11   7
15   53   61
0   15   20
23   39   19
48   62   17
33   51   29
25   43   44
19   2   6
58   43   61
5   52   14
58   18   19
26   20   7
50   46   62
28   3   13
10   24   37
8   36   49
0   4   13
14   57   57
19   45   42
31   55   40
54   7   59
16   7   47
35   45   46
30   15   30
11   36   54
15   57   12
55   33   2
3   3   0
34   2   56
20   57   43
40   29   13
38   61   18
61   54   50
44   34   17
44   26   15
55   26   10
42   45   41
60   1   3
58   51   16
1   55   56
14   47   38
8   16   8
26   45   13
33   12   41
41   1   42
32   16   10
47   35   14
32   2   54
37   31   58
54   55   47
38   8   43
12   47   42
31   43   22
57   54   12
35   59   49
25   9   54
13   31   5
18   37   16
34   48   41
5   20   6
6   18   3
5   39   5
45   59   4
16   23   1
6   5   35
1   1   31
26   45   11
4   52   49
45   12   20
48   44   61
20   27   22
61   47   47
17   36   9
63   27   15
63   4   19
24   62   41
45   29   12
40   25   49
38   35   58
59   60   47
5   52   54
8   62   53
51   23   15
43   34   15
23   60   53
63   24   14
41   17   7
24   9   47
58   38   29
58   35   21
61   59   34
42   38   49
26   60   46
46   45   52
31   9   5
46   21   19
8   42   11
12   53   5
42   43   26
18   43   15
18   27   21
24   37   22
27   63   47
36   60   41
20   17   1
12   40   63
10   42   13
50   41   10
46   36   13
29   16   27
3   50   4
7   12   24
38   28   36
7   34   31
9   23   51
2   55   28
3   1   30
7   47   12
36   46   44
28   39   17
49   40   44
36   13   20
60   13   28
54   54   13
22   4   6
49   36   1
45   26   63
46   17   53
30   58   43
6   16   15
60   36   34
8   29   6
6   56   54
5   54   48
3   9   63
60   37   5
1   37   61
11   63   15
53   63   45
17   7   3
48   24   63
50   51   17
0   26   55
6   6   54
20   20   34
4   12   25
3   44   36
39   30   15
31   42   27
21   61   54
27   40   33
41   58   43
17   57   28
56   60   40
38   22   1
27   26   25
1   59   36
39   1   7
2   22   25
20   57   26
55   24   58
63   17   14
23   24   11
5   51   10
49   12   18
48   44   47
2   48   35
16   51   10
23   43   49
37   17   26
42   63   42
22   54   34
56   51   62
31   59   21
19   30   62
34   59   17
24   50   20
47   22   13
47   19   31
22   2   37
30   42   6
37   2   30
54   33   61
50   44   5
58   62   46
39   54   52
51   1   13
29   26   37
26   60   38
33   42   39
0   6   9
45   7   40
8   27   7
8   43   34
16   59   16
42   23   3
46   1   17
12   2   2
35   44   13
60   40   49
3   24   16
46   26   12
8   55   9
16   46   37
11   49   17
63   49   41
23   60   43
15   22   27
27   0   43
11   49   56
18   33   17
28   56   34
53   43   42
13   50   9
21   12   15
38   32   17
61   3   46
22   15   23
28   29   5
24   12   52
61   53   5
60   53   50
14   39   15
18   7   15
46   10   42
9   34   12
15   53   44
26   16   52
59   30   6
24   53   5
38   38   18
23   6   25
18   35   41
12   47   34
32   37   41
28   48   11
47   23   1
33   19   10
27   54   16
52   24   0
29   44   11
29   52   2
7   36   43
7   52   9
39   3   63
4   61   4
29   19   57
58   60   27
38   7   53
48   15   14
42   46   26
10   60   40
53   24   53
63   57   50
48   44   35
57   16   10
63   17   4
52   22   60
29   61   44
4   54   2
43   62   44
35   38   17
55   15   10
20   57   30
39   46   35
50   60   30
53   62   27
38   15   19
25   53   7
50   62   19
36   31   63
54   24   61
57   13   44
12   33   19
10   34   32
51   4   16
19   59   49
5   47   54
35   3   5
59   2   11
55   15   60
53   5   61
19   44   42
9   10   8
14   12   1
50   40   45
45   31   17
6   33   36
27   33   26
11   40   49
29   63   33
18   14   8
58   34   34
63   22   31
53   8   19
59   11   6
40   2   55
36   8   14
10   63   54
62   34   60
18   20   41
52   44   42
51   12   6
26   8   23
16   1   20
60   0   47
54   39   24
11   59   36
8   12   2
49   54   34
29   49   34
40   46   41
6   27   1
51   18   38
41   2   50
61   4   20
28   41   29
54   1   37
25   44   31
57   60   43
57   39   21
3   22   42
59   40   53
29   16   2
17   33   58
41   40   22
52   0   44
17   57   35
44   54   51
13   47   49
51   44   43
24   17   38
14   9   35
56   31   53
0   51   54
3   9   42
16   6   21
50   1   62
54   63   21
0   57   56
33   16   36
40   45   19
63   49   29
6   17   59
54   47   3
20   47   36
2   53   35
60   2   46
7   13   8
29   24   2
19   10   3
58   28   40
51   13   10
20   57   50
49   39   59
20   50   18
33   51   42
36   41   34
12   5   7
60   0   50
8   35   62
13   13   26
20   36   3
10   13   25
61   56   3
49   18   45
50   16   18
54   60   3
46   62   33
31   7   23
20   42   30
21   8   30
5   61   7
40   12   6
62   15   19
45   9   62
39   12   35
54   54   40
22   53   63
28   40   48
38   43   34
4   62   51
48   1   34
53   49   47
28   40   11
6   46   12
7   44   34
62   61   61
27   44   32
46   51   15
12   58   6
0   15   14
17   27   6
21   50   17
9   29   8
51   1   14
45   4   44
54   7   41
54   55   3
30   11   12
12   15   7
43   54   29
42   45   25
1   49   11
60   37   53
62   14   4
40   40   26
22   42   15
61   12   12
19   23   21
29   42   32
3   16   18
21   43   23
13   55   4
20   4   1
9   25   18
46   46   16
3   37   63
50   41   24
34   54   43
24   56   57
44   58   44
62   39   12
31   61   50
58   33   62
5   60   17
26   20   10
57   40   20
0   49   9
29   52   30
23   12   23
1   43   53
23   58   15
27   41   41
24   41   49
22   50   36
32   9   48
25   57   47
45   35   17
1   34   3
15   41   34
37   2   33
42   52   50
19   56   37
22   1   47
5   46   47
32   48   40
32   24   10
61   7   29
49   20   35
35   63   9
22   48   32
20   59   18
24   0   55
17   28   8
12   60   26
23   54   30
25   18   10
32   15   29
59   35   20
50   33   16
13   62   54
50   15   15
34   6   5
57   31   37
21   29   17
18   59   44
45   53   7
41   14   6
11   58   18
58   48   3
46   60   49
44   51   45
51   60   0
46   18   20
33   27   37
1   31   13
3   62   2
28   59   46
1   53   41
14   50   0
23   51   51
10   56   4
34   62   11
26   58   57
60   52   34
63   21   36
18   32   16
49   2   61
30   16   9
56   11   15
44   59   51
26   32   43
12   53   56
20   57   48
29   0   13
62   14   0
37   15   23
62   14   40
23   22   49
39   24   29
62   63   32
58   40   21
60   63   41
27   58   47
45   42   37
12   33   20
2   15   13
32   30   1
51   13   46
40   44   46
0   41   58
8   20   7
9   42   6
44   19   9
60   34   59
28   18   2
27   26   16
3   52   59
47   9   40
24   9   24
35   48   28
14   3   1
63   22   22
60   47   49
54   45   47
29   39   11
28   2   39
59   51   10
31   24   52
60   56   61
15   19   39
7   59   40
60   9   41
19   15   54
56   62   61
46   2   0
44   13   26
50   55   6
25   56   39
35   52   42
13   42   14
62   49   38
30   14   5
54   19   17
43   42   3
54   42   16
7   27   62
35   60   37
12   5   5
36   1   25
36   16   28
0   50   3
48   53   60
39   33   15
24   43   33
61   12   41
42   46   0
13   16   41
14   35   38
57   39   0
8   55   25
44   48   40
61   28   10
18   63   52
4   12   13
59   2   47
23   36   26
55   51   47
35   15   21
24   58   49
35   12   5
51   60   36
24   6   3
28   20   19
1   46   5
9   8   0
44   24   26
58   4   23
37   48   31
37   21   3
21   38   12
55   12   3
36   22   26
53   41   14
54   56   14
24   48   49
22   20   37
60   53   33
63   53   4
52   43   41
20   25   8
63   12   19
31   58   39
11   13   9
46   43   7
48   2   37
42   43   6
23   53   20
52   62   20
42   13   14
52   46   61
26   11   56
27   26   17
42   51   8
32   23   19
36   58   45
16   41   33
27   50   23
7   10   48
2   22   19
53   23   18
51   19   7
13   10   54
0   37   37
36   57   63
18   23   11
42   51   47
24   1   54
45   60   51
54   56   31
7   12   3
60   11   7
58   30   60
0   7   1
24   58   22
28   62   49
27   1   62
18   52   29
36   56   63
12   0   53
41   1   6
32   0   39
59   9   44
60   35   25
33   4   33
33   0   44
53   40   18
55   29   40
54   53   47
10   58   46
57   38   54
28   43   32
35   24   49
44   46   6
3   53   47
33   44   29
57   40   52
23   34   6
6   27   51
56   15   17
14   50   61
4   39   8
40   37   10
7   32   54
45   27   26
43   14   11
39   27   6
29   50   40
29   40   47
50   57   62
20   42   13
39   53   32
61   26   56
27   21   30
48   15   9
18   10   15
49   11   36
25   58   19
0   45   50
35   15   20
28   40   39
24   32   2
19   47   45
12   40   4
5   53   37
18   58   62
22   43   18
54   40   63
33   31   23
2   4   15
30   23   1
36   58   46
38   11   2
62   10   29
63   31   20
27   34   23
19   56   62
9   30   12
19   32   42
30   50   43
32   15   9
60   31   8
29   3   42
24   11   51
10   57   33
26   0   6
39   2   32
56   60   62
62   31   9
60   54   49
28   8   49
8   59   38
12   10   1
56   33   63
22   29   7
8   52   47
22   2   41
27   55   20
18   53   43
40   10   41
61   15   44
27   17   54
14   51   5
2   15   18
6   15   9
45   17   11
53   10   40
15   49   5
38   1   61
0   19   36
10   3   8
17   42   38
44   21   50
44   33   45
21   41   19
63   46   10
34   51   33
44   11   49
10   38   40
16   5   26
26   15   7
53   17   42
27   61   22
47   58   34
12   18   15
55   40   48
61   59   5
43   19   33
38   27   31
48   41   30
21   15   50
38   38   48
7   60   31
23   49   42
8   39   4
13   29   45
48   40   43
53   45   44
43   2   6
52   52   41
19   26   45
40   0   24
6   34   7
41   57   22
28   29   23
36   48   30
26   43   20
37   26   1
17   28   60
50   51   55
61   49   46
55   62   62
55   30   1
38   57   20
46   31   1
11   60   15
4   24   15
10   51   13
36   22   31
22   52   7
22   17   51
29   34   15
16   33   25
61   4   29
2   58   56
2   63   57
47   11   44
60   42   21
5   24   2
21   12   8
28   8   26
7   33   5
43   15   53
50   54   16
43   48   8
11   28   9
26   54   39
60   1   50
47   43   46
29   61   48
25   0   34
17   18   14
10   29   12
43   4   9
19   17   52
52   37   51
41   57   23
54   59   49
20   30   46
48   25   2
63   36   60
1   12   20
41   33   48
6   24   31
53   46   8
0   2   41
59   54   46
9   33   13
31   59   44
4   31   10
10   21   9
16   10   14
23   4   55
54   46   4
17   27   60
57   62   7
41   23   34
12   55   5
12   28   3
24   8   27
58   34   40
30   8   33
6   21   31
25   52   33
28   7   48
27   50   32
29   26   33
13   20   2
63   11   0
8   53   59
63   18   1
61   43   5
46   11   30
4   52   11
17   53   10
17   32   39
34   45   17
14   49   12
53   23   60
0   1   13
6   28   12
47   48   3
40   16   23
37   6   61
14   1   48
40   17   30
54   50   10
45   58   42
26   7   28
55   35   5
44   57   48
16   41   36
25   47   31
19   61   23
55   43   45
19   59   20
10   35   22
60   14   2
47   37   37
38   51   48
17   8   7
19   24   8
23   20   54
43   3   48
5   43   14
17   37   33
2   46   1
23   8   52
18   38   30
54   33   3
22   36   24
21   46   7
11   30   25
39   21   36
51   45   45
19   37   13
23   40   12
46   40   46
32   45   43
6   21   34
4   51   59
14   53   11
3   38   2
53   4   13
8   12   9
30   48   9
23   30   11
49   54   49
48   15   12
21   29   19
18   39   13
26   59   38
22   59   11
38   17   54
16   11   14
23   50   15
23   19   55
27   62   47
34   16   19
35   38   21
57   39   11
22   17   26
1   59   54
42   38   52
46   12   13
46   16   36
15   59   35
34   62   42
18   13   12
35   55   39
22   12   22
24   6   6
9   52   27
25   31   7
45   54   42
51   46   42
3   20   19
45   13   15
20   23   20
52   24   18
45   19   28
59   48   61
50   0   7
63   51   42
25   0   50
25   8   25
24   3   58
60   7   62
34   41   26
14   51   61
15   53   47
58   18   27
24   44   49
20   29   25
37   42   42
19   14   12
22   60   26
27   45   52
35   33   5
9   24   44
44   51   6
15   49   37
58   16   55
54   20   41
37   4   5
5   47   11
45   15   20
39   48   39
28   26   2
26   5   6
62   60   56
53   46   46
44   42   53
29   8   36
2   29   10
4   6   12
35   13   5
16   43   36
26   35   29
6   33   1
44   44   11
15   60   22
52   35   60
32   52   46
28   56   11
1   14   6
30   32   12
48   1   9
23   9   38
21   4   51
21   43   22
59   45   32
36   28   31
54   24   23
17   26   3
11   16   37
37   55   27
37   13   9
52   38   51
27   57   17
53   14   33
45   30   10
32   3   12
18   42   26
47   54   1
32   42   41
19   53   34
9   3   43
45   24   24
8   7   2
54   45   4
3   63   2
26   4   3
17   27   4
19   53   18
51   49   2
46   17   49
20   28   1
28   29   21
21   6   1
48   39   3
16   1   21
60   36   33
58   55   50
37   33   49
1   3   30
11   43   32
59   62   5
12   58   8
56   51   61
23   15   21
17   7   36
14   50   63
15   50   38
45   17   9
63   47   50
49   13   53
26   31   22
47   52   8
44   19   1
50   34   10
49   47   51
3   48   54
50   19   48
51   3   3
27   60   49
14   3   0
46   48   5
7   26   1
6   18   19
25   26   26
63   30   58
51   19   15
16   42   36
45   42   58
27   3   47
42   19   29
20   35   1
52   13   8
45   45   46
50   37   50
9   47   7
24   37   19
58   12   11
44   46   15
59   58   10
50   51   12
42   50   33
4   60   6
18   18   31
42   23   49
27   38   15
3   60   2
24   58   38
33   40   12
57   32   30
29   2   16
59   18   60
55   37   52
37   31   33
5   30   13
16   19   31
24   11   15
2   60   26
25   55   5
57   49   53
56   33   5
42   3   55
6   17   2
44   16   33
61   62   49
23   18   5
24   33   0
27   34   45
27   63   55
37   15   3
14   19   18
40   45   10
54   55   12
62   30   37
32   44   10
44   22   11
18   17   55
52   46   31
23   6   54
26   24   57
53   62   50
6   15   47
28   12   12
22   10   6
16   53   45
61   1   4
39   43   39
10   10   7
38   8   25
56   60   41
4   46   9
1   38   16
39   15   25
15   13   14
27   2   46
48   8   22
18   53   53
61   16   13
57   62   56
49   54   46
1   37   35
46   19   11
27   46   12
4   31   56
35   28   29
4   50   54
62   46   37
57   8   45
13   12   54
39   23   43
10   36   61
62   30   61
60   24   10
62   22   55
52   42   42
56   63   23
5   60   41
25   51   13
8   34   35
46   59   35
34   31   3
34   20   25
41   56   32
10   57   56
34   16   18
49   23   63
24   16   25
11   19   41
26   23   7
15   60   39
12   57   47
7   24   9
31   61   42
39   37   17
20   35   20
31   62   39
36   48   36
7   54   47
29   2   12
49   3   8
19   2   43
41   61   48
30   31   20
18   59   26
17   17   21
63   22   40
62   37   9
21   17   25
61   36   56
49   8   44
49   3   2
40   28   41
56   17   41
9   58   47
37   12   2
43   38   50
4   40   54
16   56   35
63   49   48
16   60   17
32   43   36
24   9   23
23   62   43
58   61   32
59   1   41
14   31   41
26   21   5
45   55   33
55   60   60
44   2   52
14   35   45
34   60   1
13   8   6
24   26   29
17   58   13
55   14   41
60   35   53
60   0   19
29   55   34
38   32   45
46   44   25
58   60   19
63   12   6
53   2   60
54   7   54
23   9   27
60   58   62
22   23   12
12   40   11
18   53   39
27   17   28
14   49   61
23   57   38
11   59   3
10   35   49
56   29   38
14   0   56
49   15   25
62   24   17
52   57   0
49   2   42
20   40   15
1   63   19
37   45   24
22   43   17
44   7   0
