41   36   4
47   61   1
37   19   36
25   53   12
37   2   0
19   25   10
8   42   57
39   49   37
63   3   26
47   33   40
15   42   40
6   7   36
54   28   62
34   50   12
46   53   10
34   9   0
58   19   50
7   59   5
47   56   8
54   2   52
48   37   45
5   1   27
8   4   55
23   10   62
7   14   63
60   30   55
6   11   35
10   44   46
61   60   34
57   15   31
36   33   1
26   37   53
58   50   22
33   19   43
17   50   15
11   27   60
20   25   34
48   48   36
25   2   49
33   1   15
52   41   57
50   28   32
33   23   48
47   45   56
41   43   58
47   53   50
38   26   10
18   37   31
53   58   43
50   35   63
51   53   2
31   29   55
13   32   3
10   10   35
0   13   29
13   5   60
38   41   16
48   55   56
4   13   30
11   38   18
60   36   19
0   60   30
6   45   44
18   37   21
0   37   14
18   33   18
12   6   49
11   36   39
14   41   57
0   9   46
30   21   60
49   28   21
25   36   63
60   31   44
56   56   48
42   7   57
20   27   51
32   48   28
38   28   56
16   24   52
30   27   42
46   7   52
0   1   22
28   29   38
30   12   1
51   21   0
12   11   57
1   39   59
14   28   16
23   62   57
43   6   52
24   44   16
46   12   42
61   21   20
21   22   15
39   48   44
11   33   48
22   63   10
5   45   15
28   38   0
17   45   25
27   18   56
43   5   48
57   27   21
39   24   62
19   0   46
32   43   7
42   31   47
1   48   45
13   44   26
0   54   38
26   18   50
51   21   57
20   16   33
3   15   54
0   50   15
27   0   48
58   17   47
11   6   11
18   39   23
46   23   56
49   31   24
53   47   24
51   52   26
35   51   60
22   9   20
28   29   56
31   33   61
15   5   23
53   63   25
16   39   40
57   36   29
17   42   28
21   37   58
8   38   61
48   11   60
31   41   55
57   10   26
17   46   52
57   30   22
22   48   3
13   51   52
45   21   52
20   4   33
14   26   17
45   63   20
8   60   33
24   5   63
57   1   35
13   17   55
49   24   22
17   26   26
51   33   32
38   31   57
41   54   55
50   59   41
29   57   5
0   10   59
2   34   17
53   15   57
2   24   35
42   59   57
56   46   58
63   18   51
24   25   30
36   44   5
30   24   39
33   12   48
3   62   27
15   46   28
31   15   62
28   35   53
18   15   12
27   62   30
0   54   2
58   29   9
32   12   3
49   7   61
12   38   17
24   29   27
46   62   54
42   53   6
49   22   40
0   38   1
34   0   10
30   26   49
58   21   44
7   54   27
37   20   11
12   27   21
29   5   59
63   7   42
24   45   11
45   55   17
35   16   8
21   47   8
61   44   27
24   14   32
27   56   31
50   60   32
19   16   42
47   25   7
6   54   59
58   46   28
37   16   38
45   14   5
1   0   49
33   21   46
14   44   53
50   24   62
13   26   41
51   1   31
47   30   38
24   42   40
35   17   50
38   42   57
41   26   61
31   35   60
5   23   24
38   27   61
38   61   19
42   29   2
23   25   56
15   28   15
20   28   31
30   22   62
20   53   60
42   7   24
40   13   12
36   19   63
54   31   40
16   35   3
26   60   29
63   48   9
17   25   37
60   36   3
63   7   5
37   9   8
13   38   39
38   51   12
1   56   55
38   11   45
41   53   54
49   55   40
24   31   43
5   6   38
48   46   38
23   56   51
47   27   9
26   62   2
15   26   4
34   33   36
37   21   42
14   1   50
55   53   63
39   48   38
44   0   57
29   55   58
37   54   55
62   53   29
34   33   30
42   2   23
42   41   1
16   39   41
15   23   22
45   23   48
63   53   36
1   56   59
30   57   56
23   53   31
40   13   47
33   21   54
47   29   2
63   52   1
13   5   11
11   28   26
12   16   63
18   5   23
38   57   35
58   50   19
59   35   23
50   6   56
9   13   57
57   23   34
61   40   29
37   42   54
25   3   5
38   12   4
48   63   41
13   54   50
53   43   23
1   11   62
41   6   22
10   9   49
45   12   17
3   30   44
32   46   48
50   24   3
26   45   44
17   41   1
5   50   55
2   60   28
3   6   37
50   23   54
10   15   27
42   28   19
25   4   58
26   22   44
13   16   54
37   54   58
57   49   23
42   32   55
23   31   51
61   32   37
6   45   56
33   49   62
56   19   21
15   45   23
63   48   63
28   50   9
1   3   55
26   56   3
34   1   45
63   12   34
26   27   32
51   33   21
15   35   35
58   14   28
30   57   23
45   42   2
13   56   35
24   7   34
14   0   29
27   48   52
7   44   53
11   28   57
3   57   1
2   9   58
49   56   39
37   49   3
43   5   17
18   41   52
58   29   57
28   7   16
14   30   21
56   21   4
5   12   33
7   25   52
27   39   4
38   35   25
36   26   40
2   11   37
18   41   60
48   53   59
27   5   2
47   62   4
6   27   40
32   21   35
2   57   29
24   10   16
60   55   52
20   44   48
24   49   14
31   31   21
32   48   44
55   2   49
41   48   57
35   27   54
9   54   1
33   61   7
27   31   37
46   38   40
17   52   20
14   44   62
44   57   10
51   34   19
12   13   60
15   43   16
38   24   14
40   63   26
22   23   10
1   13   56
45   49   4
35   26   51
53   3   47
6   55   42
46   32   9
26   35   56
61   18   62
27   37   2
46   11   55
60   9   39
14   20   55
28   38   9
30   28   48
25   45   60
30   5   18
30   1   59
25   2   62
28   63   8
36   27   27
9   12   58
11   39   53
29   36   37
33   17   40
54   5   45
13   16   43
62   24   4
20   1   62
10   45   53
44   53   2
54   29   57
2   28   14
41   33   44
30   59   15
37   30   14
47   48   58
46   28   25
12   24   0
28   46   62
37   38   0
43   61   4
25   59   56
52   8   58
1   8   5
45   53   19
10   22   26
31   46   48
23   53   58
2   9   32
54   29   53
14   32   3
30   43   6
1   0   0
7   14   54
34   19   15
44   5   58
58   28   11
0   13   25
10   2   57
15   17   30
3   46   58
3   59   33
50   24   11
2   48   58
51   32   29
49   29   23
36   47   37
48   21   54
47   43   59
15   15   57
31   62   15
37   54   5
35   51   59
18   38   39
50   44   30
20   6   0
31   9   19
59   61   48
54   21   6
2   63   34
26   31   36
13   29   63
51   5   28
45   32   8
13   28   4
62   7   63
2   7   51
39   8   55
21   40   6
37   30   60
12   11   53
48   63   43
34   17   56
19   26   51
2   48   57
5   10   61
36   55   59
25   9   48
44   26   37
58   14   24
61   21   21
47   11   5
27   31   63
13   14   18
6   6   61
46   12   38
49   57   30
2   58   40
28   28   8
35   22   43
26   5   63
30   23   44
4   9   31
18   3   9
48   28   0
49   22   54
20   35   25
38   62   32
58   8   50
10   11   48
38   14   33
39   20   9
50   50   26
30   36   3
37   5   3
54   26   46
58   54   29
27   61   15
12   8   45
61   44   36
50   38   32
23   5   41
62   8   14
46   32   47
25   58   7
30   54   31
1   11   57
14   16   52
23   8   40
63   1   31
7   23   59
21   8   51
6   55   44
63   50   37
12   51   35
30   37   45
60   31   58
25   40   1
44   27   35
13   12   50
21   41   35
51   5   39
25   32   8
27   2   10
26   16   29
57   39   28
53   1   36
1   7   27
18   0   12
7   58   47
55   20   50
39   53   6
44   13   42
0   35   62
48   23   58
0   0   42
39   9   49
57   36   32
0   23   36
39   51   57
32   40   5
59   48   19
43   53   15
6   53   60
25   38   41
38   7   39
35   16   40
27   35   9
57   6   51
47   60   12
37   22   43
27   18   47
57   46   20
11   28   20
55   52   5
54   23   51
58   14   1
48   49   41
43   16   52
21   39   0
46   40   18
17   1   10
0   56   45
9   0   33
53   22   27
63   10   61
25   44   38
48   53   54
13   27   55
29   51   27
26   23   30
36   15   3
27   8   5
25   34   59
48   46   37
13   23   0
39   1   27
13   63   36
32   55   61
63   55   59
26   53   4
60   8   38
59   47   44
46   53   9
15   7   22
34   45   20
56   63   51
31   13   60
54   37   6
1   48   44
57   31   19
16   63   57
9   31   52
3   1   39
8   26   38
14   25   27
45   22   19
45   24   60
19   63   51
55   22   57
46   27   11
14   12   12
36   5   32
23   36   57
46   55   2
52   62   41
6   10   52
49   21   32
15   30   11
39   19   12
40   43   4
26   41   46
15   31   33
27   62   61
26   60   28
11   26   61
2   51   59
8   27   4
55   49   44
33   44   58
4   3   26
46   20   61
40   19   46
25   1   60
45   1   4
13   43   18
37   0   11
58   46   35
5   62   24
32   31   21
1   63   44
28   20   52
3   46   39
12   35   58
15   33   18
62   2   16
5   7   8
63   51   55
44   28   34
21   43   39
19   23   0
25   33   21
4   22   47
40   6   37
42   51   14
43   1   49
37   59   43
0   37   59
44   41   54
23   49   3
13   9   31
59   33   9
26   50   25
9   33   17
49   26   33
33   28   18
49   43   53
33   19   0
37   37   50
32   61   57
54   40   1
20   44   41
37   63   7
15   10   60
46   62   1
42   36   3
9   38   51
52   57   57
9   9   4
25   28   61
51   63   27
47   37   1
39   18   15
48   43   43
54   41   17
63   52   53
46   23   48
10   22   55
13   32   50
35   32   32
58   50   39
62   6   13
15   42   25
9   59   24
45   15   57
45   15   42
19   18   32
47   32   24
55   63   51
10   11   51
39   15   48
59   56   12
32   35   50
33   0   63
23   30   59
57   22   8
55   24   5
46   11   48
22   36   35
47   12   2
27   5   20
33   26   49
6   11   56
63   30   51
25   39   57
53   27   23
55   49   57
61   50   60
39   14   7
11   37   43
37   58   51
15   23   63
2   44   56
12   60   59
52   59   38
28   36   5
49   57   57
33   63   21
26   12   61
17   22   30
53   12   56
2   3   63
9   39   31
58   61   58
1   39   27
2   63   36
61   50   9
12   38   57
1   7   30
1   58   16
23   48   25
61   50   53
56   56   57
15   41   22
39   7   50
19   35   55
10   2   9
43   37   45
19   6   50
4   13   50
35   54   5
30   63   57
30   17   43
39   12   61
29   57   45
19   60   13
9   61   26
54   8   39
36   27   39
35   47   38
46   21   46
14   14   13
49   20   45
29   27   35
21   33   21
52   62   45
31   56   0
53   26   22
49   6   59
46   42   20
33   27   10
32   36   51
15   47   29
42   35   63
12   31   25
63   32   58
23   60   49
6   24   39
57   43   54
51   19   62
9   1   40
30   18   59
23   4   59
57   43   48
56   9   1
4   5   37
19   10   0
29   4   45
14   24   56
23   55   55
57   47   63
30   25   63
56   42   1
12   42   55
52   48   56
33   60   25
57   8   57
0   48   17
49   55   45
28   52   56
1   3   37
13   28   14
27   45   56
46   12   57
6   16   8
51   2   12
12   41   24
51   49   13
13   42   22
63   50   44
40   38   32
11   21   54
43   18   5
42   16   63
15   22   56
42   8   34
7   45   56
6   24   62
63   13   33
38   39   19
45   52   55
35   8   4
1   1   42
39   43   2
23   11   16
25   35   5
3   56   23
13   41   37
31   29   54
9   18   12
9   21   29
30   54   29
37   34   46
43   15   56
7   13   48
28   50   1
30   23   53
18   18   45
36   39   62
15   49   48
36   34   4
46   32   54
55   54   2
55   63   25
33   7   18
30   36   50
51   2   56
1   51   22
50   63   47
17   47   22
38   11   63
48   14   0
42   52   4
44   7   60
2   3   50
40   38   31
21   7   4
9   50   33
18   39   46
8   53   30
8   26   2
34   38   35
61   49   44
1   39   55
58   25   24
52   48   53
2   10   45
38   41   56
39   23   39
47   13   55
9   30   57
41   23   0
38   39   14
32   19   42
11   28   23
6   44   16
36   61   58
35   48   12
47   36   21
28   45   22
28   37   51
12   52   32
48   54   50
56   51   53
17   51   43
29   48   1
24   58   9
49   62   62
51   45   30
9   22   23
24   44   1
38   19   62
17   20   29
31   36   50
54   15   55
46   21   27
57   51   42
56   10   30
40   13   34
13   17   58
38   41   0
47   44   51
50   55   28
48   38   44
3   15   56
27   15   24
36   48   12
29   59   9
61   55   48
1   26   47
18   10   46
15   34   20
53   53   37
0   19   43
33   26   13
44   12   57
35   29   10
15   5   20
59   41   50
49   20   51
46   62   23
11   49   52
35   25   14
63   35   30
8   56   27
49   44   58
31   8   4
11   36   38
63   31   23
57   8   59
1   16   49
9   29   60
6   14   46
51   46   28
3   58   29
9   12   61
7   18   45
48   43   24
60   51   57
22   22   52
51   26   2
60   30   14
61   32   26
32   59   56
20   45   26
46   42   63
32   55   63
46   28   20
16   22   48
47   26   11
28   52   45
31   48   59
8   61   58
37   28   22
40   41   56
39   7   56
9   23   26
28   2   44
48   0   10
26   16   3
0   47   39
6   27   50
23   56   32
57   20   13
23   17   59
36   33   2
39   6   60
22   45   27
7   11   55
27   12   46
58   43   60
30   49   59
27   10   45
16   22   56
25   58   3
59   34   12
39   18   63
54   13   61
42   8   0
13   40   16
40   45   2
44   32   31
20   1   59
59   43   59
4   42   55
27   19   51
32   40   1
49   22   42
19   2   42
39   7   59
5   42   51
29   38   35
63   3   39
35   53   63
20   3   56
0   43   60
36   31   22
0   44   52
27   41   58
41   23   60
13   41   45
45   11   52
33   8   59
63   23   29
13   38   60
34   23   8
5   2   32
24   41   35
5   45   17
63   54   15
20   4   29
20   1   63
52   11   59
37   45   48
19   13   58
55   34   21
24   44   62
45   43   1
27   15   53
9   27   19
46   40   36
19   36   50
61   42   34
48   53   24
25   5   61
50   47   23
29   36   5
26   6   53
36   1   7
22   60   5
52   59   43
5   36   3
42   31   50
9   54   29
24   63   0
17   10   5
20   5   57
48   28   24
48   35   62
3   30   52
16   38   43
60   50   58
2   36   3
45   21   61
30   34   10
32   10   4
20   3   31
6   9   54
1   26   49
14   21   54
0   34   55
34   24   13
6   13   48
5   11   39
37   50   35
56   38   6
31   41   58
61   2   35
31   23   60
1   14   50
16   21   49
20   57   38
44   40   55
29   31   10
48   25   7
32   55   45
14   56   24
33   18   62
51   23   33
4   15   57
42   30   46
54   23   20
58   36   6
13   36   58
3   3   35
45   37   5
53   58   38
7   57   12
15   59   25
44   15   40
40   12   33
11   25   4
33   3   55
51   62   49
61   48   30
33   51   1
14   61   30
3   2   32
20   18   12
60   23   35
36   42   63
33   0   0
45   51   54
17   10   4
42   6   4
9   13   30
16   25   55
3   51   55
12   9   21
27   52   58
22   39   28
15   36   39
32   57   1
7   27   18
12   28   59
8   18   49
62   18   26
63   20   49
32   22   40
54   61   48
27   14   57
53   17   47
42   10   8
33   40   51
58   24   32
38   48   10
35   26   36
37   42   57
43   61   14
20   24   47
44   59   4
36   30   10
38   17   0
24   40   57
11   24   17
46   39   62
33   55   36
30   40   35
63   8   43
10   4   55
25   62   11
39   51   25
30   44   28
30   2   2
35   13   44
30   30   55
44   53   56
63   43   57
33   27   58
6   46   39
33   9   57
20   36   18
57   40   58
27   32   5
11   34   50
26   22   37
42   27   61
45   49   9
2   13   35
2   35   59
53   2   41
1   62   38
55   53   59
55   19   49
14   4   53
57   19   12
35   53   55
4   15   46
42   6   30
34   8   16
40   1   22
23   47   26
26   35   27
1   16   45
30   56   35
38   32   37
13   12   51
12   15   58
62   51   53
28   58   3
35   41   54
18   42   25
35   50   7
42   6   59
31   3   7
36   49   62
11   40   4
32   44   6
28   56   12
25   4   50
1   13   46
6   8   32
46   55   53
22   52   59
54   39   48
62   43   43
19   24   63
53   48   35
28   49   27
32   48   14
32   53   60
31   58   10
19   4   43
15   44   46
57   11   23
42   50   5
7   10   51
2   37   4
9   43   44
57   20   57
1   47   19
40   10   39
44   53   50
21   59   47
53   11   22
40   21   50
63   44   40
13   46   19
10   54   35
48   10   56
7   19   46
62   9   1
42   3   39
28   14   4
47   57   10
10   15   57
0   7   63
25   7   4
43   22   7
0   8   58
40   12   4
25   36   0
37   35   8
11   36   45
3   55   4
31   57   58
29   20   0
34   59   59
54   19   45
61   32   16
48   43   51
24   10   35
7   24   4
45   53   57
48   16   51
40   41   60
11   41   46
63   25   24
44   55   58
42   37   4
41   21   30
33   62   56
10   43   41
2   9   39
36   55   36
31   7   10
48   45   20
35   35   25
8   19   46
2   60   24
36   35   28
8   21   48
56   44   37
18   34   20
27   44   46
14   26   59
49   29   55
6   26   44
22   35   54
7   43   46
26   34   4
42   37   56
37   1   2
22   61   9
59   11   9
63   8   30
6   25   2
25   12   47
13   51   55
53   44   20
35   29   53
33   61   38
35   3   37
10   38   17
44   17   46
46   14   5
63   29   27
39   6   62
47   8   57
12   16   27
51   52   23
49   24   11
59   46   48
15   37   43
58   55   33
23   51   33
19   54   9
22   36   39
55   8   55
32   27   25
62   52   59
50   49   35
55   50   51
2   63   48
38   38   15
8   18   32
27   59   14
44   32   19
25   59   9
43   3   8
5   47   12
56   43   60
63   32   28
7   49   32
31   47   52
41   33   2
8   15   21
6   10   58
26   8   2
23   63   62
38   12   52
58   40   33
42   40   11
5   25   23
60   57   15
58   30   26
32   59   5
10   37   55
31   23   35
13   13   16
61   57   31
11   32   44
35   4   8
39   28   0
34   15   17
14   0   33
53   12   23
6   24   22
43   12   49
47   40   45
28   36   2
6   10   31
12   23   52
16   42   33
4   23   45
0   51   36
5   19   8
1   14   48
25   12   63
25   56   29
0   41   2
46   10   39
10   10   36
11   12   57
45   33   4
47   40   62
46   52   5
15   50   21
15   36   44
35   55   52
46   54   63
51   43   31
35   27   48
15   32   17
3   49   51
19   19   20
48   32   55
15   33   50
38   0   20
15   21   32
6   9   51
33   43   54
2   46   63
6   7   33
49   24   37
21   12   46
1   44   17
36   40   8
43   57   16
30   14   63
4   14   32
45   48   10
13   20   23
32   35   46
27   28   27
28   58   51
10   42   38
52   54   39
19   7   18
31   59   59
58   16   36
22   23   54
45   26   5
2   25   32
27   48   60
51   58   45
36   56   5
26   39   1
44   13   55
38   59   14
59   0   38
29   36   34
57   11   37
44   23   62
55   49   54
44   34   43
12   47   50
30   6   0
36   18   47
40   44   62
54   25   48
63   20   47
23   2   45
49   30   18
2   9   43
55   32   38
33   24   44
49   56   18
42   47   10
3   24   42
31   31   8
21   58   60
20   36   40
32   26   60
38   12   49
12   24   29
7   52   1
16   62   51
0   18   37
24   33   48
28   42   39
58   33   27
19   16   50
50   20   52
60   27   50
37   16   34
21   39   41
42   4   22
30   53   55
3   57   52
35   51   10
32   49   0
17   61   27
38   1   22
7   47   55
48   49   28
21   42   56
29   57   0
30   44   24
43   14   60
13   11   49
19   23   56
50   47   22
46   48   13
15   23   48
38   39   18
45   12   16
55   25   62
10   45   19
48   5   61
54   28   58
7   48   44
9   35   45
7   50   63
50   57   39
8   36   3
16   63   29
58   9   23
49   49   55
54   63   47
6   43   20
19   3   4
63   29   31
58   60   53
49   60   38
13   41   23
55   45   37
9   15   27
44   10   62
61   47   59
50   29   36
1   6   43
28   31   60
46   40   33
39   51   24
26   2   5
60   47   4
29   9   60
49   23   43
3   5   24
40   0   10
56   10   26
1   9   32
33   46   57
32   21   63
44   23   5
47   62   13
15   34   21
63   55   57
28   31   57
46   52   58
48   8   55
34   38   1
0   8   57
25   13   44
29   49   28
51   30   34
63   52   2
17   13   10
27   38   55
3   57   22
40   53   7
50   34   40
25   13   32
5   40   55
26   27   40
45   41   13
26   18   51
47   29   5
26   58   1
35   25   6
45   20   56
55   63   56
41   11   8
20   28   11
45   35   41
35   24   31
11   21   24
46   25   51
50   23   42
19   20   43
27   19   48
35   11   60
45   28   54
36   5   62
53   19   25
33   54   2
36   13   49
60   51   48
17   13   13
36   3   31
45   49   37
40   22   5
1   39   48
49   59   56
33   14   17
49   16   47
7   29   21
20   29   43
45   24   47
29   19   62
61   45   48
24   2   62
55   39   53
34   38   37
32   0   9
24   29   51
63   58   29
18   45   20
22   63   23
4   4   24
23   9   48
49   50   12
5   57   23
26   46   48
52   30   25
4   32   57
21   11   44
24   43   12
12   29   27
58   36   36
54   18   5
10   6   52
6   44   24
30   21   51
6   16   49
15   44   19
61   35   38
15   16   28
19   22   57
53   59   32
43   23   61
39   48   5
9   0   37
27   52   35
46   29   5
27   16   3
58   21   42
27   47   26
34   34   25
63   5   27
7   14   16
7   10   52
14   41   48
36   47   49
12   54   63
61   54   29
46   34   16
24   54   4
62   45   54
59   58   15
61   15   38
13   14   46
7   15   43
48   48   19
58   48   15
27   61   12
42   24   57
8   46   46
32   2   8
33   23   45
63   34   26
2   39   62
44   15   48
17   47   24
18   35   47
26   58   60
22   31   53
61   62   40
11   14   4
58   1   57
57   20   32
16   0   60
46   39   23
53   58   29
33   26   63
38   23   11
45   48   41
22   43   25
27   55   13
38   46   7
6   12   45
28   59   4
16   22   50
35   17   48
7   41   26
63   34   46
50   34   0
31   16   53
3   5   30
28   50   61
36   7   59
28   25   20
40   47   1
58   27   25
29   8   39
50   18   7
39   47   60
34   22   18
40   50   37
42   59   35
25   16   43
43   18   58
3   58   37
42   27   18
22   0   63
49   24   29
32   33   4
14   60   36
19   51   7
22   52   58
15   44   15
9   18   10
24   10   7
20   49   3
50   63   36
44   17   45
35   7   3
42   29   22
24   6   57
8   51   32
47   47   57
51   56   28
44   41   9
1   55   42
4   47   53
7   19   47
22   20   47
44   33   13
5   22   33
39   12   44
24   21   31
14   48   21
8   53   23
22   7   59
57   17   25
25   50   14
50   5   52
33   12   63
31   49   61
45   60   22
19   18   24
57   48   43
32   13   1
33   59   59
42   22   52
56   37   23
35   26   34
57   18   30
50   17   57
22   28   37
2   57   55
9   38   56
38   63   31
39   18   46
49   33   31
19   26   36
29   34   38
44   14   4
3   31   57
34   36   50
22   29   59
55   0   48
50   34   48
12   24   55
1   4   40
19   13   45
1   45   21
36   19   44
59   38   6
36   13   53
13   42   20
2   14   52
32   36   28
6   9   37
50   26   2
15   43   33
51   31   23
1   63   56
40   12   38
26   37   50
39   1   37
16   23   53
57   5   43
31   60   5
30   62   5
43   53   12
0   63   43
10   49   23
61   55   8
30   24   45
41   41   49
40   37   53
62   41   12
31   56   2
19   23   55
54   19   43
47   0   60
34   27   39
13   0   39
31   3   20
13   0   33
21   36   27
35   17   53
44   55   5
28   16   63
55   50   28
10   10   42
60   18   36
50   22   50
19   13   63
11   8   5
30   21   61
49   32   27
56   10   4
41   40   23
26   44   24
29   37   1
42   34   54
30   57   28
59   52   7
19   10   57
29   62   61
8   48   33
44   12   0
39   16   58
24   37   52
34   8   1
27   2   18
47   51   9
54   31   54
45   39   63
46   19   59
38   39   58
20   62   4
36   31   35
49   29   4
55   34   58
42   41   57
9   52   30
28   58   2
1   23   46
42   42   2
54   34   2
58   5   0
20   35   37
53   42   54
33   60   31
35   42   53
4   14   27
3   25   36
17   46   35
61   50   2
29   8   63
46   19   60
3   19   39
45   48   59
43   60   0
23   46   52
21   40   60
27   48   44
50   26   9
16   43   39
26   48   52
41   19   15
31   37   51
42   50   15
57   12   50
48   59   36
58   23   17
50   51   37
12   18   54
39   53   7
27   47   24
17   63   32
3   7   22
25   62   59
54   33   21
17   19   35
30   28   52
44   51   55
31   8   35
10   48   55
33   14   39
11   13   61
40   60   31
18   58   10
58   14   22
46   0   10
7   19   57
31   26   13
63   58   28
35   46   58
55   35   2
11   27   18
59   43   54
45   50   62
11   30   0
46   35   32
22   22   61
37   35   59
46   31   24
41   38   56
18   50   14
32   16   61
34   48   10
20   14   29
18   6   48
29   11   46
38   43   54
15   47   35
21   13   6
26   17   27
42   5   32
4   18   52
29   17   59
14   4   32
7   21   49
8   49   45
56   47   59
51   1   15
57   54   22
16   38   29
63   19   32
52   39   12
62   43   2
15   61   52
0   61   10
29   8   57
49   24   39
45   31   2
50   44   28
51   31   31
48   60   46
2   5   33
38   9   6
37   38   55
11   37   41
17   26   63
11   13   60
23   37   56
55   57   26
7   49   23
14   26   14
28   22   0
9   13   16
36   47   50
21   23   9
31   11   61
38   17   53
2   27   54
53   35   55
12   43   33
42   13   53
5   11   58
30   32   40
39   18   16
16   23   46
20   24   49
56   55   55
43   33   44
21   41   1
21   9   48
37   53   9
27   9   16
46   22   0
30   54   58
47   6   17
26   35   0
4   0   25
50   5   43
23   36   37
48   28   60
40   19   61
27   42   35
20   24   10
30   25   54
29   59   4
61   50   42
42   36   59
57   41   57
58   45   30
27   21   52
30   24   47
17   29   14
51   31   5
37   35   2
36   18   0
45   48   38
22   46   41
26   46   37
46   14   45
38   15   47
44   17   53
35   24   44
25   46   35
5   13   29
15   50   20
56   48   4
51   4   35
8   40   56
1   49   2
50   33   8
27   53   51
12   26   61
16   25   60
53   35   31
50   6   8
27   14   22
62   49   55
2   15   34
4   33   44
15   24   27
33   62   27
10   40   37
5   50   52
49   17   5
6   40   15
20   24   30
14   35   44
27   36   47
24   42   0
27   45   48
37   19   9
61   48   51
8   47   44
33   12   13
53   7   3
6   23   47
41   34   9
11   38   35
8   37   55
58   34   30
4   3   43
29   10   44
31   24   34
32   16   39
18   38   35
9   13   51
56   53   52
46   21   18
31   34   5
24   30   54
26   54   61
5   3   5
51   52   58
28   53   31
44   20   63
42   63   52
28   54   24
43   51   4
17   25   61
55   38   1
37   33   40
5   5   26
57   6   0
6   44   55
49   4   60
50   60   22
34   17   14
22   24   44
15   19   61
13   13   0
57   1   31
49   21   31
19   56   60
15   43   26
46   55   60
46   33   0
30   47   25
46   29   60
56   15   29
16   44   30
48   28   9
50   27   37
46   22   53
55   1   15
3   10   58
60   57   53
36   10   56
17   47   50
37   28   62
26   36   59
31   55   1
32   38   16
32   29   32
30   42   48
52   63   18
32   16   59
7   62   28
42   26   44
16   29   11
25   12   59
48   22   57
10   41   57
32   53   4
8   28   52
25   38   6
17   38   31
35   30   7
50   22   58
13   50   24
55   49   58
1   58   52
39   29   2
15   8   49
62   52   51
6   26   57
1   51   0
22   27   63
59   50   20
23   35   27
36   8   63
23   25   55
28   33   4
35   30   30
30   10   4
37   40   60
22   58   4
14   38   39
38   17   50
7   41   61
45   21   2
25   16   50
58   19   62
27   41   37
28   58   29
36   17   58
46   39   61
23   20   63
43   8   16
39   51   28
59   2   37
21   53   33
16   29   4
20   3   2
56   43   38
9   15   63
10   17   54
3   33   48
36   17   61
12   9   56
50   30   6
48   10   57
4   47   52
58   24   29
58   60   51
3   10   63
31   46   56
1   44   26
22   22   15
5   46   58
33   50   25
46   28   26
2   53   18
52   8   55
12   21   23
35   9   61
37   37   58
48   10   2
35   46   35
3   22   34
28   59   21
25   41   53
30   42   4
38   19   5
37   38   33
37   29   57
16   37   1
59   41   57
31   12   3
4   13   33
7   17   50
57   57   63
35   44   27
37   34   9
61   55   33
29   10   40
52   48   52
62   35   57
27   62   59
15   23   55
50   21   47
24   32   46
33   52   63
30   58   63
42   25   43
40   2   8
58   10   58
6   40   25
39   16   42
13   45   38
30   47   12
5   30   26
38   6   40
9   1   39
41   52   50
37   32   42
12   36   29
5   51   0
39   33   44
16   42   4
37   30   18
60   17   37
55   51   25
0   47   55
33   20   56
39   52   29
5   28   29
23   16   61
38   53   6
37   35   44
36   54   60
26   23   38
57   39   12
37   7   4
41   18   5
25   36   35
1   5   39
18   39   54
3   41   17
9   6   5
28   29   34
25   42   46
44   52   54
4   21   49
43   26   43
48   60   62
55   36   0
51   38   20
57   51   38
36   32   32
28   34   16
40   28   11
44   52   62
32   42   45
38   41   55
45   63   19
20   11   60
46   42   60
15   3   53
38   33   63
37   31   51
8   20   50
34   16   61
51   4   43
55   41   33
57   40   34
57   8   32
10   27   25
29   39   63
13   9   38
6   36   57
9   26   20
38   10   58
27   36   39
50   24   0
44   48   4
61   60   36
4   22   51
43   29   11
14   35   35
39   8   45
50   48   24
45   21   46
9   5   27
48   40   42
54   39   26
31   53   60
24   24   34
33   12   60
36   19   46
14   36   10
42   60   38
39   21   5
45   23   59
35   30   37
12   29   53
53   57   55
30   39   0
3   44   56
28   32   58
37   38   1
37   30   10
44   21   30
21   30   43
4   18   43
12   46   46
58   36   37
13   2   30
50   57   31
36   6   40
27   46   47
17   44   30
42   3   20
41   34   1
40   63   19
28   32   32
36   15   12
60   24   59
44   46   1
63   58   33
19   18   53
63   19   46
27   5   21
31   54   45
13   45   28
58   5   49
33   37   38
10   21   29
2   49   31
52   54   9
48   13   62
42   40   58
9   45   45
15   21   43
0   2   18
46   3   58
28   31   40
12   12   46
60   50   8
2   30   26
46   28   21
38   38   9
30   39   38
16   16   61
18   4   22
28   53   58
14   14   17
26   30   5
18   24   43
1   47   15
50   18   21
40   55   4
11   30   27
53   30   63
38   23   15
60   62   2
10   19   49
22   16   58
25   9   45
46   39   21
23   47   27
36   7   43
44   44   60
20   16   9
51   58   60
3   21   35
54   53   38
42   55   30
9   13   1
26   61   59
16   26   21
34   31   40
62   46   60
32   48   10
57   23   28
10   12   38
44   22   38
57   10   22
29   51   25
31   25   63
42   30   60
56   48   63
35   50   62
51   4   51
6   20   24
11   2   9
35   21   47
24   3   61
14   59   25
23   10   46
11   38   55
24   0   45
20   47   33
37   53   59
23   11   29
14   35   18
48   2   58
20   55   2
51   50   56
53   49   22
1   11   47
4   32   50
6   21   20
26   4   50
29   0   44
53   16   55
43   9   50
54   15   22
9   58   25
51   25   9
16   39   0
27   50   1
5   44   56
40   14   49
58   11   5
31   8   0
42   40   5
47   31   19
63   22   26
20   17   57
48   38   32
16   37   7
36   23   8
43   16   38
34   54   36
57   16   33
13   53   57
18   22   39
22   8   60
50   7   45
18   38   17
8   26   0
11   27   59
63   14   45
56   16   57
20   45   8
29   44   9
33   56   58
11   12   63
50   16   51
15   23   34
57   6   56
29   49   59
13   26   53
19   39   18
29   58   10
40   41   59
51   63   50
33   45   61
3   30   50
52   33   8
22   19   46
63   56   30
15   8   4
8   45   51
45   13   4
38   31   40
47   38   61
46   19   40
39   12   4
36   44   35
3   39   40
49   58   13
50   37   29
54   32   8
38   37   50
30   57   14
51   46   59
24   41   59
16   27   63
10   2   59
3   44   44
19   61   44
12   50   17
44   10   38
51   3   52
38   13   61
41   37   0
49   23   44
28   28   59
55   23   54
33   14   15
52   56   55
35   48   0
2   46   32
47   4   58
3   7   36
38   60   36
7   15   21
42   31   53
54   12   0
48   52   57
51   26   36
33   18   61
16   1   27
46   31   2
50   17   55
10   19   61
5   4   30
25   36   2
54   36   27
59   2   39
35   21   46
59   58   42
41   38   59
44   21   44
8   26   61
22   54   2
33   13   37
37   21   61
42   7   62
19   18   23
55   2   11
32   35   18
26   13   0
57   21   4
33   38   35
62   40   13
20   39   39
28   38   59
2   34   27
16   1   56
57   33   27
54   18   42
13   60   34
54   30   45
55   59   52
42   19   62
33   10   16
10   33   53
29   47   14
54   51   63
40   41   33
52   46   54
35   25   35
9   61   28
48   31   47
9   13   45
19   4   62
27   1   0
38   58   7
35   32   40
46   56   55
9   18   13
25   62   44
26   45   9
58   43   32
59   48   8
39   43   61
8   47   53
55   6   16
58   13   61
40   63   20
22   15   30
61   47   25
38   42   4
17   61   36
42   45   7
15   24   60
10   5   41
26   32   60
20   50   27
57   46   30
15   22   52
32   20   58
11   29   42
39   1   39
5   3   11
12   36   35
49   25   6
28   3   9
21   43   59
19   30   21
33   27   51
41   15   13
49   32   36
55   49   42
26   2   49
39   53   0
39   23   13
4   25   36
57   27   24
14   46   20
6   13   39
19   18   54
33   60   52
20   53   7
8   18   43
56   34   58
60   59   4
46   16   62
25   2   0
20   34   21
35   27   52
51   62   30
59   18   52
32   12   33
28   9   53
2   20   49
25   44   4
26   47   47
27   40   53
27   51   61
16   31   9
23   6   31
46   43   51
28   26   10
23   56   61
37   20   63
39   6   57
44   54   0
49   49   11
42   31   0
53   14   51
33   42   47
9   62   3
33   26   55
12   14   20
47   10   24
20   24   54
58   17   25
13   24   52
29   8   62
12   37   21
5   1   21
24   47   3
58   18   37
43   54   10
28   57   28
53   48   27
57   20   22
31   23   38
43   19   0
25   30   10
25   10   2
3   55   53
44   63   1
0   19   33
1   47   24
63   7   21
3   63   40
28   18   59
60   42   6
43   36   37
62   48   58
51   55   25
47   62   45
3   5   33
19   7   56
29   59   2
4   32   47
62   33   1
21   58   59
33   43   37
18   33   44
60   10   35
14   36   17
16   39   10
9   12   0
27   28   18
55   44   27
24   43   9
53   58   26
33   28   60
0   19   12
6   31   0
35   30   27
9   43   46
54   45   57
23   61   44
20   21   13
41   26   57
8   43   58
8   36   17
35   25   13
56   18   6
19   48   16
41   28   62
55   38   22
30   37   37
37   16   6
58   13   34
11   32   30
15   39   51
20   17   58
59   52   52
34   50   9
50   39   33
43   40   33
46   29   23
47   61   56
26   42   39
35   36   50
13   48   29
54   14   29
32   59   51
38   33   52
5   40   59
53   62   30
52   9   52
14   37   7
19   29   53
40   37   1
49   7   56
5   49   60
32   43   35
33   29   14
44   11   50
38   11   46
5   20   32
49   47   57
6   49   57
45   59   0
6   24   4
25   15   62
11   24   14
38   39   53
4   14   28
5   31   44
4   23   12
63   54   52
26   40   55
19   7   48
20   26   50
47   61   54
16   10   22
39   20   41
12   58   33
19   63   16
51   55   20
40   35   57
18   3   16
43   25   47
44   45   11
4   23   39
15   23   23
40   60   27
44   47   57
58   37   2
54   32   36
31   7   63
17   51   42
58   16   31
40   4   18
57   48   4
56   18   55
19   30   47
50   63   20
17   38   27
31   31   3
28   38   50
2   57   25
3   44   14
23   3   9
38   29   43
16   32   51
44   11   16
52   10   17
50   24   60
44   10   8
18   23   46
25   55   4
22   62   61
60   40   5
33   13   41
47   4   48
47   11   61
35   5   32
46   32   8
35   8   39
56   18   22
33   53   26
50   46   19
4   50   9
39   19   45
55   42   59
13   20   20
28   23   36
31   45   37
11   13   22
8   31   50
31   2   8
9   41   37
22   61   3
44   51   12
45   39   43
43   52   5
32   21   41
48   30   2
0   57   55
30   27   38
31   9   18
32   34   37
44   26   40
36   4   25
31   16   59
58   4   1
41   38   60
1   34   50
63   17   54
15   20   54
36   62   8
2   43   12
42   55   54
62   23   19
32   19   38
0   24   0
32   13   37
6   3   49
8   0   60
51   44   4
25   35   25
45   52   60
37   57   47
4   11   55
13   40   43
35   8   1
4   22   44
50   30   5
36   5   57
42   2   3
22   17   42
47   4   52
1   43   4
39   11   38
47   49   41
36   3   53
16   8   21
32   57   58
50   39   21
11   25   46
25   49   59
27   3   9
17   24   36
35   51   9
21   57   42
63   41   6
46   2   57
33   56   35
53   15   29
53   30   19
10   29   4
10   36   56
21   4   10
36   4   1
20   14   35
61   48   55
20   55   63
26   24   34
52   39   1
31   11   16
50   20   48
17   39   0
42   42   61
1   62   48
53   23   62
21   53   40
0   46   13
22   33   52
48   22   23
4   26   4
5   11   63
55   17   22
19   39   31
45   18   51
1   32   4
10   15   46
17   20   39
8   26   59
31   59   51
57   44   40
38   45   35
51   33   33
38   3   28
0   56   0
44   43   18
62   40   11
21   19   16
35   6   43
30   25   50
10   32   60
19   4   39
63   45   39
46   49   1
34   35   43
26   48   45
38   54   2
55   26   63
48   29   59
36   6   0
57   49   5
45   17   53
36   3   34
3   48   18
17   20   31
17   24   34
47   10   62
9   13   55
24   46   41
33   46   0
48   25   53
11   32   21
2   28   31
0   55   57
31   62   24
46   21   2
26   54   56
13   28   51
6   18   29
38   11   34
50   29   35
24   11   33
10   39   20
11   48   55
62   63   6
1   7   51
1   46   52
54   20   4
8   24   53
41   37   63
48   13   17
49   18   27
44   13   52
12   32   23
35   24   39
57   4   30
54   27   11
63   40   2
7   27   50
58   9   29
17   45   51
2   34   50
26   29   10
27   41   0
12   13   50
0   5   16
14   22   23
5   50   16
54   28   44
32   51   52
55   46   50
53   57   56
51   52   57
51   54   55
22   34   55
30   37   46
25   10   46
60   53   59
9   49   32
52   59   58
16   34   20
12   47   52
47   30   43
36   10   13
46   50   59
21   41   62
10   15   30
5   20   30
61   22   54
2   63   2
15   36   53
5   1   6
57   1   39
38   18   48
25   45   58
45   22   18
50   11   47
19   9   60
10   49   21
61   3   49
31   56   56
27   14   4
27   31   36
63   63   58
26   1   11
27   31   34
23   1   2
19   27   52
56   18   24
28   8   57
7   13   33
60   35   1
5   3   37
38   5   37
31   46   54
47   1   11
40   10   50
2   1   49
44   12   59
57   52   55
3   31   0
61   40   43
40   19   8
12   35   30
28   30   39
13   13   53
50   12   16
15   33   30
36   20   42
21   8   2
6   61   52
26   37   28
51   30   6
46   34   41
22   10   56
25   57   32
44   38   40
33   12   1
2   59   37
10   63   60
29   42   0
26   22   42
43   13   61
36   2   45
13   41   57
0   20   34
3   52   0
1   12   38
18   43   24
39   26   18
40   15   13
15   30   16
43   14   4
42   12   33
13   50   58
32   13   62
12   12   52
