49   63   46
11   17   23
35   63   15
63   51   17
14   7   38
33   28   32
48   18   38
40   35   32
48   63   3
17   22   15
62   38   17
1   25   18
25   0   18
63   32   63
43   5   18
19   8   20
24   39   57
17   63   57
39   9   15
42   59   20
22   48   55
31   44   0
23   3   32
20   10   16
2   20   63
32   36   54
53   14   11
20   18   16
41   14   25
0   40   24
17   34   49
44   34   20
9   22   31
52   37   57
21   25   36
39   2   7
38   63   42
54   4   63
35   36   56
10   61   14
37   1   53
12   2   49
6   54   27
30   15   10
36   50   51
20   18   63
5   21   62
25   24   13
33   11   31
17   11   57
59   37   25
31   18   35
26   6   14
23   31   27
27   25   35
49   15   62
46   7   42
34   22   19
25   32   44
34   7   58
13   9   19
15   60   43
20   38   49
17   14   52
14   60   3
8   36   19
52   51   20
18   8   35
36   24   31
43   52   21
62   22   31
55   39   28
48   42   22
21   40   29
34   4   17
53   30   37
37   6   18
47   50   12
56   61   34
25   28   41
13   11   61
50   55   49
30   13   38
41   10   26
4   58   29
34   28   27
62   25   34
42   49   17
49   50   61
36   21   32
27   60   2
6   41   35
40   11   21
44   32   52
25   56   45
18   60   41
60   47   20
61   3   10
63   31   54
52   22   22
44   34   60
43   36   52
14   49   29
58   60   7
57   39   40
18   45   61
3   33   20
21   15   12
58   55   53
63   5   61
29   32   56
47   51   30
38   38   27
0   42   23
50   22   36
54   15   45
29   1   31
53   26   30
1   34   15
39   0   52
54   59   17
47   59   54
33   50   4
13   26   28
60   31   20
41   63   61
48   56   5
56   10   12
47   23   52
8   54   56
24   36   32
38   59   51
22   32   19
43   38   63
12   15   10
42   33   31
25   11   26
22   10   39
50   61   12
4   42   5
59   10   22
11   57   59
38   21   36
51   23   17
16   54   9
12   11   28
13   62   19
24   21   20
18   55   41
6   10   11
52   48   17
35   9   49
6   32   26
23   5   13
44   10   13
19   15   34
1   21   21
4   8   4
5   52   24
25   25   33
45   58   23
26   3   32
53   47   39
52   27   35
8   47   14
31   7   31
34   60   6
51   21   35
41   25   20
7   6   31
48   32   26
41   7   59
49   53   32
42   15   42
62   5   17
61   12   31
51   5   17
45   34   43
45   12   23
6   8   17
16   0   31
17   61   9
27   1   32
56   33   50
29   47   46
41   58   24
8   39   40
8   56   34
41   21   56
38   55   54
3   10   44
48   22   38
20   21   16
47   51   16
53   18   7
10   2   62
47   25   53
37   14   17
19   52   43
23   44   46
62   61   19
31   51   22
37   13   38
16   1   62
39   11   21
36   1   36
24   61   37
7   39   30
47   32   52
0   3   62
53   9   5
11   23   55
15   34   40
46   14   27
16   14   61
6   38   33
51   60   9
9   60   46
25   8   14
4   22   6
34   17   42
52   18   63
38   21   14
42   58   31
34   58   63
59   54   28
10   40   26
51   21   23
62   29   22
49   5   39
45   10   13
5   41   21
34   17   18
50   34   22
39   19   21
34   12   42
14   59   8
8   50   16
62   45   15
43   24   39
31   52   8
38   28   40
19   14   30
28   49   12
60   34   17
37   14   50
23   54   39
59   31   60
8   32   8
24   27   39
43   20   15
0   32   39
57   3   51
58   5   2
11   36   5
7   7   50
22   0   36
56   12   36
61   0   62
25   52   44
17   18   54
15   6   37
48   60   2
56   4   54
8   0   35
46   5   44
5   49   18
44   42   20
13   37   16
0   40   36
43   40   48
38   4   45
25   39   46
38   58   13
39   18   27
56   40   31
62   12   31
7   35   29
21   25   23
13   2   14
3   45   60
30   27   26
63   31   40
21   5   58
59   61   22
59   9   53
15   59   57
23   34   12
23   63   1
53   9   19
8   48   62
43   4   34
15   42   60
21   10   18
61   30   23
59   20   30
24   62   55
2   50   37
41   61   26
55   16   1
21   14   30
8   2   7
50   5   55
50   7   22
26   11   23
56   22   34
53   63   5
40   54   53
2   11   18
21   56   21
54   10   16
36   25   31
19   41   56
59   8   1
31   30   16
56   31   1
61   32   46
54   1   52
2   4   53
1   41   30
34   20   35
43   35   48
58   37   16
26   19   7
33   19   24
42   34   3
34   15   36
50   37   53
48   53   42
56   34   44
13   31   29
39   32   49
29   4   18
16   3   13
22   24   17
15   11   29
4   0   35
41   47   4
47   25   35
13   4   4
46   49   39
31   5   25
11   4   62
40   62   12
62   61   9
25   26   49
12   19   4
6   31   25
17   20   19
21   44   8
24   54   45
4   9   4
24   50   49
17   44   2
47   3   16
31   10   23
29   27   41
13   9   42
40   36   17
60   21   56
63   26   36
4   42   45
38   25   25
3   5   14
36   27   9
13   22   4
47   9   1
9   30   33
42   21   37
14   15   29
23   9   11
23   31   7
11   31   31
39   42   47
48   26   39
33   22   25
5   44   4
35   15   45
55   12   28
25   55   47
4   4   45
60   4   53
2   19   24
38   53   22
25   14   14
4   47   24
12   36   1
22   22   4
21   31   57
57   36   6
11   46   24
1   10   17
49   3   16
61   6   13
0   43   34
62   63   9
45   63   7
39   61   53
50   6   60
15   35   51
45   42   19
16   0   16
7   4   45
45   61   2
35   5   59
62   34   17
30   19   17
9   51   15
32   33   41
43   6   18
59   10   54
19   56   43
49   57   62
17   43   5
8   39   29
14   54   8
56   34   33
17   58   29
44   4   24
5   42   24
42   3   24
42   58   17
22   56   39
14   22   25
38   10   41
0   4   56
7   23   23
53   45   28
58   63   34
16   57   60
17   52   55
1   36   23
47   59   17
15   27   11
6   2   23
58   6   8
63   10   6
48   55   63
62   16   33
19   0   3
60   38   31
6   10   38
17   25   63
45   20   6
35   14   49
29   15   10
14   5   57
12   51   36
33   63   8
1   20   25
40   47   34
21   22   57
5   42   4
49   60   19
16   54   37
9   23   34
4   5   46
52   39   44
37   17   57
23   13   19
41   7   29
0   33   41
11   38   7
43   1   26
60   21   40
16   43   52
10   34   15
26   26   15
62   6   31
9   0   43
0   45   19
10   14   53
34   12   19
21   24   20
32   46   17
45   62   30
62   57   34
59   17   51
17   19   56
26   1   33
29   22   33
59   25   19
57   4   57
60   42   26
61   38   59
46   55   43
8   35   40
52   21   38
45   29   31
53   62   63
17   17   34
60   58   19
27   14   31
17   37   15
0   32   2
56   49   27
18   4   35
35   18   23
7   11   4
1   6   17
26   35   46
11   54   14
9   56   55
58   46   48
3   3   49
10   28   35
16   46   17
30   11   36
34   29   41
34   6   27
32   14   21
22   15   35
11   30   31
4   31   25
35   56   39
4   24   28
37   60   14
12   59   20
40   34   38
54   51   31
34   49   21
44   9   6
20   52   53
18   11   28
11   27   29
12   59   4
11   22   32
11   56   42
29   33   54
61   6   54
9   17   5
53   32   51
12   0   12
37   34   26
36   11   14
5   51   20
10   2   13
56   27   41
34   19   34
35   21   9
51   25   21
55   21   5
10   4   40
59   2   61
60   1   25
32   31   49
63   25   58
12   48   34
49   56   0
19   37   22
9   45   16
45   28   20
40   37   24
59   6   23
20   33   61
12   62   16
23   38   16
9   43   15
9   54   53
22   62   27
9   5   12
61   43   18
24   49   19
42   49   36
46   6   31
50   32   20
31   10   48
27   5   31
22   21   16
32   4   37
34   57   51
0   7   2
52   28   53
34   13   38
40   15   54
61   45   15
44   55   29
8   61   10
4   59   16
10   62   22
59   5   23
2   24   36
56   60   13
54   61   2
37   6   40
53   60   16
60   9   22
10   56   57
4   54   26
12   41   46
10   45   22
44   61   27
39   2   17
26   5   38
23   47   12
60   43   24
8   43   41
1   49   55
47   27   53
25   27   38
54   50   43
13   6   18
42   42   28
12   43   44
35   12   19
33   8   1
27   3   20
9   39   32
4   7   50
50   13   28
60   4   38
59   13   22
17   11   45
55   14   22
42   5   42
42   4   40
21   23   46
16   34   41
39   52   9
58   44   18
6   26   9
63   29   61
24   1   31
62   37   20
33   45   0
52   38   57
16   20   42
45   38   26
10   10   24
63   54   24
3   47   18
50   9   9
55   20   62
4   35   34
35   9   15
21   27   42
53   20   36
1   28   28
2   20   53
10   32   14
37   27   46
61   15   18
16   12   36
14   43   59
41   61   1
31   13   23
51   19   52
57   31   38
2   54   36
17   32   47
60   45   21
45   12   39
62   34   49
24   13   22
18   31   56
7   8   7
27   22   7
23   26   8
62   11   36
52   23   52
56   4   24
7   31   39
27   49   6
63   44   41
14   60   43
63   0   62
37   19   40
33   52   8
32   17   41
0   41   19
29   10   17
0   29   19
52   28   5
18   18   55
1   63   0
1   28   52
26   23   57
49   49   63
36   21   14
17   45   12
42   32   27
16   59   46
23   37   40
14   46   27
4   8   46
1   40   28
23   32   29
6   36   3
4   33   20
20   41   53
58   26   63
32   48   54
37   53   12
29   21   15
25   28   24
18   10   35
3   36   10
33   60   9
40   49   8
5   56   30
17   21   44
41   43   11
12   26   34
25   29   34
48   61   9
4   52   15
53   28   4
22   45   2
37   59   22
8   5   19
47   5   16
41   29   39
31   46   19
34   56   59
16   5   35
40   21   15
59   32   57
5   61   39
47   41   5
38   37   26
28   22   10
14   14   36
15   43   58
41   10   59
2   57   61
34   41   14
16   22   2
44   57   33
1   26   59
40   32   26
11   59   23
15   39   58
54   9   15
0   21   63
34   37   9
55   4   34
43   49   60
18   3   50
15   62   29
63   62   18
5   26   40
61   42   52
8   35   17
11   2   33
22   55   46
6   48   61
44   21   16
51   14   15
35   53   40
47   7   30
12   26   4
62   57   61
53   28   31
34   32   49
10   42   21
11   24   56
18   17   0
40   49   23
21   28   24
33   39   49
45   43   52
33   6   43
24   6   8
4   40   30
39   33   26
20   42   2
52   32   1
3   61   38
15   19   2
12   50   36
29   32   24
60   8   56
59   30   13
32   19   17
2   47   17
53   61   57
38   10   59
13   59   25
1   20   0
12   11   8
62   2   27
11   3   49
17   5   50
18   24   50
4   34   7
32   11   20
62   5   50
15   22   62
42   43   16
62   32   37
51   20   8
7   19   4
29   56   47
24   16   60
12   37   9
10   23   15
0   33   23
43   32   20
7   28   30
56   6   57
40   33   30
32   28   44
43   52   51
38   40   26
61   20   28
33   7   30
7   62   17
2   26   14
32   48   15
47   4   22
12   41   6
34   33   56
55   30   19
1   19   1
45   13   30
18   28   50
41   11   54
15   61   41
3   21   6
6   51   29
13   32   23
33   40   56
19   46   20
29   35   55
20   46   16
51   39   49
50   10   9
9   5   54
39   41   15
54   63   53
53   7   7
58   3   16
28   12   38
52   30   41
52   27   13
19   55   49
61   29   7
41   39   31
56   56   16
5   0   33
2   46   13
53   55   52
46   21   7
9   32   42
51   29   46
6   45   63
52   4   48
27   33   47
6   29   25
39   8   0
62   37   32
35   13   11
39   44   18
20   37   58
59   24   39
11   26   35
24   34   16
52   32   29
34   27   44
63   47   11
49   10   13
20   22   15
56   16   36
43   54   54
30   29   27
7   3   15
32   7   10
43   21   7
60   41   53
17   37   56
3   23   57
8   49   12
34   47   51
26   51   59
44   10   46
21   12   33
7   29   23
22   16   46
10   1   44
51   11   57
2   48   41
57   63   29
6   28   27
63   22   4
0   5   53
26   29   48
46   52   35
2   29   39
50   13   58
40   63   44
10   59   57
17   41   40
34   21   37
10   27   32
59   25   54
11   62   23
35   6   48
43   61   50
53   24   33
43   28   18
50   50   54
17   62   37
41   59   23
16   6   63
0   52   22
6   42   39
2   0   4
61   19   25
2   44   22
4   44   42
33   7   1
18   19   58
40   60   49
58   12   30
33   24   11
14   34   41
61   27   30
54   53   21
59   29   58
42   39   20
28   48   50
28   49   50
47   20   7
25   35   43
58   33   45
11   54   36
49   28   58
47   26   53
57   61   26
37   16   55
28   23   42
63   37   13
7   36   3
41   0   10
13   56   12
44   25   20
16   59   24
8   34   13
28   27   25
10   45   58
19   40   33
44   47   20
37   11   41
40   61   55
54   54   21
38   29   31
9   17   17
49   2   15
27   34   8
12   9   3
24   28   36
35   4   18
48   10   30
39   48   47
14   63   56
3   40   27
34   55   57
48   5   16
4   62   56
57   6   8
15   2   7
0   25   2
12   2   17
24   5   34
15   25   5
20   1   5
20   8   39
21   62   13
43   10   53
13   39   26
25   46   18
40   11   53
33   36   34
11   4   34
57   35   33
36   24   13
14   10   35
10   52   28
45   9   37
15   4   14
3   41   21
25   23   51
5   62   8
4   9   51
43   21   18
1   43   32
51   28   47
16   42   51
21   28   48
38   41   38
49   42   18
7   61   34
16   18   3
26   61   11
41   6   49
53   3   13
41   63   22
8   14   57
8   16   34
0   35   8
40   24   16
14   51   27
21   1   25
48   41   63
34   30   29
43   50   23
62   36   19
21   41   9
42   13   36
8   59   42
29   53   31
35   47   5
44   49   35
45   3   9
29   21   48
32   15   11
4   16   34
30   6   29
36   37   46
23   43   58
34   11   23
40   6   40
17   17   24
13   41   6
50   12   25
63   25   36
1   8   8
22   3   25
53   7   54
15   8   35
14   37   56
60   50   20
54   56   40
50   57   1
20   0   13
62   2   48
48   21   20
2   16   21
43   35   62
61   63   60
25   28   9
26   40   38
30   5   36
16   21   17
52   29   17
20   25   17
18   60   63
5   13   9
23   25   45
61   27   42
23   5   27
18   20   16
11   23   29
10   5   18
21   45   15
31   37   9
40   52   25
14   33   42
17   45   54
53   39   33
35   57   23
21   37   48
29   7   62
44   5   20
30   16   33
7   61   17
50   49   3
34   27   55
11   50   35
6   0   22
19   11   29
9   50   13
34   40   52
60   61   16
44   47   42
18   9   24
62   1   19
37   50   23
13   7   41
48   25   25
5   61   11
49   19   51
22   4   28
0   38   31
39   35   8
22   37   18
15   5   41
38   62   43
5   1   36
15   55   54
18   9   60
32   37   54
4   40   58
54   24   7
16   31   27
12   6   34
31   5   36
29   61   29
18   49   42
2   27   3
62   39   26
25   35   28
32   6   33
36   29   57
43   49   40
63   50   22
37   18   19
60   29   18
28   24   25
60   48   11
43   40   58
57   36   34
3   0   5
35   60   17
37   13   26
30   53   35
37   26   46
50   38   19
23   30   24
29   17   5
53   12   36
23   46   39
26   33   43
3   16   26
9   32   27
62   32   58
60   11   17
28   16   42
41   0   63
42   50   41
42   55   56
38   24   31
39   47   15
3   8   46
40   41   41
37   47   12
5   62   32
11   54   56
0   31   42
48   42   9
13   8   40
4   51   16
13   62   9
59   37   40
51   14   55
14   61   14
49   11   16
54   12   22
20   0   28
9   58   12
57   58   12
50   34   53
5   17   43
25   24   26
51   48   14
21   54   48
43   53   40
9   46   19
14   1   37
4   23   16
3   43   18
39   0   25
47   52   22
16   32   22
51   62   3
17   24   16
7   35   6
45   3   34
8   5   5
30   10   8
29   24   26
32   47   51
0   0   32
1   0   1
16   9   36
52   16   42
43   42   23
18   55   18
21   59   6
21   11   52
27   31   40
61   61   12
12   44   63
17   5   40
26   27   8
42   24   36
9   31   32
21   15   32
39   14   19
28   11   20
21   8   56
21   16   21
31   31   44
52   21   2
55   32   18
17   45   34
22   6   42
46   29   32
34   58   24
10   46   22
60   57   20
15   61   12
49   41   51
50   28   20
19   5   29
42   0   0
61   5   8
21   32   24
52   10   19
53   33   30
31   23   22
23   55   12
44   7   32
53   17   58
4   4   33
18   61   26
45   15   31
14   9   15
62   47   23
14   11   42
61   37   39
58   7   7
0   47   17
10   35   39
17   20   40
62   20   14
0   10   34
12   54   36
62   4   35
7   41   5
49   34   57
22   38   18
23   36   11
63   42   52
29   8   13
30   14   51
51   17   17
20   16   11
4   6   52
40   29   33
1   17   20
34   31   46
58   27   1
15   38   55
61   63   50
24   44   18
11   6   37
62   6   56
28   12   25
39   44   47
19   54   34
20   41   8
28   7   49
21   37   62
14   55   53
30   19   31
17   14   30
61   23   44
40   47   16
16   28   26
15   56   37
50   58   60
47   58   55
19   55   39
56   45   50
32   7   62
29   25   41
41   50   30
31   26   50
35   32   56
37   54   19
38   56   15
8   29   20
47   41   50
3   9   11
40   29   15
22   52   9
43   47   36
5   35   33
15   63   2
17   43   52
63   47   25
56   37   0
45   35   23
14   59   43
47   29   14
11   10   49
38   32   20
49   52   15
41   28   16
21   36   53
12   61   22
60   19   44
43   56   40
43   5   54
59   28   29
63   43   32
37   49   4
17   1   38
12   9   22
49   10   62
10   39   32
61   14   8
48   38   4
13   42   46
25   25   51
51   20   38
25   60   57
22   1   26
14   38   52
60   9   8
15   44   0
9   25   51
31   18   25
63   19   22
48   8   27
59   1   22
21   33   47
29   38   55
7   23   33
9   2   49
23   23   49
7   4   30
15   2   31
5   56   18
15   18   42
5   21   19
62   0   56
19   44   19
17   9   43
48   61   26
41   36   34
19   51   20
62   40   34
52   7   29
43   10   30
28   17   11
4   44   59
11   58   23
13   57   63
46   17   16
42   22   16
31   13   39
46   5   34
10   53   3
18   61   54
16   13   36
31   37   38
7   55   45
31   19   18
61   21   8
63   2   48
19   4   28
62   27   34
31   32   24
39   40   53
50   3   9
63   36   11
5   0   3
32   3   17
11   44   56
54   60   53
21   57   59
4   47   59
10   19   0
49   21   35
5   54   20
7   41   15
42   63   16
47   18   8
50   42   10
15   58   31
59   30   30
17   57   60
8   0   7
45   33   32
63   3   14
63   41   8
21   39   2
24   54   19
38   5   60
11   8   27
11   48   18
59   13   12
55   9   56
61   28   29
37   35   27
42   17   12
37   49   19
24   37   3
24   62   23
10   38   25
8   22   4
6   17   18
7   49   12
5   58   2
60   40   31
30   44   54
50   58   50
52   27   0
24   10   36
22   34   23
14   27   39
9   32   1
43   9   27
2   21   55
55   13   22
59   26   42
48   13   43
25   52   18
21   0   28
6   6   18
9   13   31
5   11   13
0   36   7
7   9   17
8   57   10
20   62   42
13   56   39
4   41   25
56   17   45
16   39   53
0   44   16
62   29   42
27   3   36
49   51   30
11   11   37
40   51   5
43   0   54
38   53   42
49   6   22
12   30   41
29   39   43
63   3   2
6   25   10
60   2   34
24   46   19
19   42   63
17   11   30
54   8   54
12   1   45
49   8   8
41   32   19
51   15   61
18   15   55
33   48   27
15   1   36
43   55   51
20   17   39
57   4   47
8   40   38
3   18   37
54   50   58
5   54   31
40   57   38
16   11   31
49   21   6
32   21   16
45   7   9
26   45   14
20   16   63
63   30   12
8   1   43
57   7   9
37   20   43
22   6   29
48   30   26
44   0   14
49   5   10
10   25   39
8   2   45
3   30   22
19   30   26
10   36   6
59   5   63
61   17   53
9   7   54
41   29   14
51   11   16
0   32   16
34   42   12
11   2   47
29   5   32
58   47   15
33   44   18
9   52   15
17   37   42
42   9   10
18   57   15
24   21   57
60   46   51
38   37   10
5   37   15
9   54   34
3   19   20
9   39   21
61   15   45
46   63   43
29   63   23
47   60   16
20   62   14
11   5   15
29   6   32
35   2   19
27   35   44
41   49   0
20   54   13
14   16   60
5   7   50
63   41   33
48   21   6
56   33   33
59   38   31
56   25   30
26   38   13
53   52   54
63   48   29
59   6   63
53   27   10
38   56   31
51   37   54
0   11   33
12   58   22
45   44   50
41   60   17
45   45   51
40   53   43
43   31   14
15   14   10
16   13   55
41   18   38
35   6   18
57   2   3
0   41   44
55   36   39
28   6   28
60   47   9
46   7   12
55   33   47
51   18   53
15   12   34
41   26   41
34   0   60
15   50   49
17   5   13
53   15   39
38   61   56
62   3   34
46   54   19
54   10   58
60   51   25
32   35   6
52   38   26
11   19   6
51   59   8
59   5   50
17   41   16
61   20   13
12   8   50
38   19   23
18   15   16
8   46   17
10   17   4
52   54   19
14   10   11
42   60   42
22   37   60
14   23   36
48   31   34
5   47   18
45   5   27
49   63   63
52   26   41
8   8   10
3   6   58
26   63   6
55   53   7
47   63   20
59   39   40
55   17   6
61   8   58
59   57   42
60   12   20
6   56   14
11   18   44
58   4   33
59   26   29
20   13   38
21   42   45
9   8   17
38   14   16
59   21   57
26   16   37
57   60   6
29   33   38
35   37   58
15   22   14
57   36   48
0   28   53
59   38   55
53   50   3
19   62   29
10   57   59
55   26   24
45   39   48
4   41   2
16   55   41
12   22   29
43   4   19
61   30   35
47   56   61
24   26   54
14   18   33
39   41   47
33   24   28
39   6   7
18   25   54
11   10   33
18   37   50
60   26   63
37   48   17
41   55   62
27   36   48
23   43   5
12   25   31
8   14   27
43   50   55
52   0   59
27   63   62
61   5   62
7   33   40
60   5   50
20   1   28
56   27   8
21   33   29
63   2   17
63   57   17
42   53   38
23   54   5
34   35   8
37   32   25
14   9   39
40   56   52
17   3   14
46   56   39
37   9   12
14   57   5
56   30   22
0   45   4
48   49   8
38   3   57
57   58   24
48   9   63
28   0   56
9   61   13
4   63   44
9   49   50
6   9   16
1   31   58
3   23   42
49   48   26
3   28   53
2   6   19
10   13   14
34   11   42
3   57   6
51   9   63
35   14   19
0   58   18
50   50   42
27   16   28
63   25   11
4   56   14
44   35   44
44   63   43
16   19   2
2   49   14
0   19   2
20   54   41
40   26   30
40   18   56
1   26   18
21   29   49
26   47   11
61   2   17
1   33   22
40   55   52
30   12   30
50   4   50
13   19   20
49   12   43
51   45   57
53   5   51
4   36   0
62   26   37
12   22   1
46   9   13
19   2   54
19   39   58
57   31   56
34   14   36
28   18   20
39   46   14
4   47   9
5   48   63
55   15   61
47   49   26
18   33   30
40   51   52
4   55   59
5   50   23
4   43   19
11   62   7
50   59   57
51   6   60
23   18   36
1   14   17
9   3   53
14   62   1
29   46   19
40   34   61
37   8   16
12   7   51
23   40   1
33   43   7
9   26   30
37   17   46
6   42   29
41   37   29
49   43   13
31   51   3
60   12   57
46   50   22
43   57   42
27   0   17
8   4   21
54   1   18
62   52   13
40   46   7
43   46   7
62   23   2
52   59   10
52   4   28
15   15   11
34   7   13
36   27   49
60   14   55
34   47   7
40   41   6
30   10   38
7   10   55
60   32   61
59   39   28
9   47   18
16   48   53
17   18   44
5   61   25
0   51   24
56   6   6
40   14   53
1   51   27
44   60   14
37   30   47
38   4   59
17   25   44
8   12   34
7   48   15
43   44   15
56   31   11
59   23   31
8   57   0
21   10   32
18   21   31
7   45   34
6   43   27
41   59   4
42   23   16
44   54   19
27   15   58
61   25   38
59   16   59
22   3   37
48   5   48
18   15   26
52   8   62
19   33   0
56   63   34
12   31   42
45   63   50
8   17   47
34   29   29
39   32   25
56   35   41
7   40   34
24   34   55
16   61   60
3   26   14
38   33   26
14   8   10
18   27   47
39   58   12
27   25   21
4   21   60
46   63   24
41   5   3
35   34   57
49   17   57
14   47   23
9   6   41
28   22   32
56   59   29
30   37   56
34   10   33
34   2   22
51   21   6
54   50   24
53   50   37
60   20   24
3   23   24
49   41   17
25   12   33
8   16   45
23   60   62
1   23   24
30   4   19
22   14   38
62   9   19
24   22   36
62   31   27
17   18   19
53   29   28
19   61   33
32   36   5
56   48   18
52   7   3
3   4   50
41   5   36
60   51   35
29   28   5
34   54   22
0   23   57
27   26   32
26   12   35
53   50   57
44   53   14
4   5   56
57   62   32
13   23   32
53   31   44
42   52   25
31   54   63
3   34   22
34   46   45
58   35   31
8   25   19
13   58   25
28   10   24
41   5   18
58   5   32
12   23   40
0   54   56
18   25   19
63   23   13
34   0   14
17   9   62
35   8   50
1   44   5
21   6   53
25   48   19
59   17   26
24   57   58
51   18   4
8   33   17
44   6   22
53   31   29
53   25   30
43   13   28
62   12   49
52   6   61
44   3   24
1   50   34
10   43   58
28   1   34
19   60   49
55   16   41
55   18   23
18   18   1
36   41   52
11   15   29
10   6   20
43   63   17
7   21   6
20   38   59
19   46   4
34   43   10
63   13   10
23   21   45
9   17   33
0   38   41
36   33   55
59   11   42
1   28   16
4   43   37
42   60   18
21   53   21
6   54   15
29   25   24
2   9   19
5   12   47
4   39   28
57   24   41
58   35   41
41   52   28
12   13   33
16   53   14
46   23   7
58   53   49
56   20   11
34   59   47
47   28   14
19   45   3
13   63   5
52   29   53
44   59   28
59   50   32
23   27   43
24   14   37
25   31   29
27   48   12
23   22   11
45   17   58
52   20   17
50   25   27
33   13   26
47   26   42
24   12   38
62   25   46
21   35   24
43   48   16
4   61   35
15   0   37
61   39   40
60   14   19
51   56   41
7   42   47
19   45   57
24   7   19
0   34   6
62   33   37
37   12   27
54   12   53
29   41   51
59   20   20
29   35   41
8   3   14
25   54   45
40   0   53
11   26   25
37   56   42
14   37   22
12   43   59
52   12   31
56   2   4
34   18   31
35   35   15
4   60   37
11   7   41
22   45   55
20   2   48
18   6   37
43   63   28
35   24   20
8   44   42
26   14   26
2   39   28
35   17   10
4   41   12
43   49   7
24   52   47
39   34   27
40   38   2
27   15   32
32   5   10
52   62   62
42   25   33
52   26   19
13   37   35
19   0   30
16   2   4
42   57   38
56   10   55
25   37   47
37   3   53
0   22   44
17   11   15
11   53   15
57   30   35
29   8   2
14   45   19
22   58   29
52   24   51
26   13   36
50   35   21
1   41   14
50   41   52
4   19   11
9   33   39
50   49   52
11   62   37
17   41   54
36   49   17
17   54   2
27   13   29
34   14   46
6   44   62
33   25   15
62   17   27
7   11   32
31   53   38
9   48   7
31   27   50
26   2   14
14   17   29
17   22   59
4   62   26
43   39   6
43   21   39
0   42   4
52   34   34
6   4   36
50   26   27
32   51   16
50   16   53
48   60   13
37   10   52
10   58   36
5   23   38
0   13   47
29   9   0
15   57   59
23   61   0
54   6   35
44   23   8
13   53   41
30   10   20
1   38   17
41   3   48
9   7   43
19   17   23
60   15   24
19   11   19
5   57   34
0   47   3
16   25   31
18   26   50
50   40   53
23   2   11
20   5   39
58   6   23
5   33   3
22   19   6
24   4   8
47   62   22
15   4   28
55   39   40
23   16   49
61   31   61
39   0   0
30   15   35
28   19   38
44   20   24
18   39   0
12   8   16
12   59   43
40   27   14
31   24   40
61   36   63
32   11   41
47   18   30
7   11   20
2   24   19
19   9   19
49   43   57
18   51   43
24   25   54
3   20   0
40   56   26
13   59   13
14   6   34
19   39   36
14   0   12
50   50   0
39   47   38
54   20   10
9   49   12
3   20   41
20   56   50
16   63   35
14   9   3
12   13   62
7   6   14
18   23   19
24   60   56
53   34   38
60   23   46
15   8   10
0   26   17
19   46   44
17   48   54
8   12   44
4   46   12
40   26   51
4   10   53
43   55   17
13   19   5
17   23   15
8   62   9
51   16   52
23   44   11
26   11   35
16   46   49
7   32   26
30   46   54
59   12   29
11   60   52
7   59   17
45   9   47
61   43   48
62   46   22
61   6   0
59   47   26
63   20   9
62   21   53
15   62   4
42   26   15
52   33   29
41   11   30
52   13   32
20   51   16
33   37   0
50   53   39
13   17   4
59   41   27
11   12   37
57   1   18
14   19   60
41   0   47
22   47   59
11   3   13
62   59   15
41   24   38
55   3   33
29   48   17
15   20   39
18   5   56
6   43   37
55   34   43
63   37   32
0   61   20
55   38   39
2   7   12
10   41   23
38   31   46
31   11   36
58   63   11
31   33   37
62   7   18
18   33   61
63   48   45
28   11   30
48   2   14
34   33   42
56   28   51
24   32   6
29   46   46
22   4   12
4   18   13
42   21   11
62   4   52
32   25   8
12   57   19
4   35   6
38   60   50
17   2   53
8   10   59
53   9   52
54   0   25
62   15   25
29   45   16
28   31   44
33   30   31
13   27   31
33   47   4
47   24   11
57   20   58
23   48   54
10   26   30
7   37   51
53   2   14
52   40   16
55   56   15
7   32   38
56   1   17
38   17   15
59   34   50
14   60   53
59   6   52
52   30   0
24   25   20
18   54   45
49   14   44
14   51   38
27   44   17
2   38   35
45   52   18
62   48   32
18   6   54
20   52   14
9   4   53
62   38   4
62   25   7
20   55   36
52   39   34
51   26   47
58   43   18
1   54   33
11   17   35
27   56   2
22   28   22
10   42   41
58   36   15
22   12   26
17   13   52
44   0   30
0   50   42
26   28   50
21   20   24
4   48   37
13   0   3
32   11   58
51   24   34
57   43   14
47   23   10
44   39   21
35   56   20
1   38   38
31   48   14
25   3   15
48   7   14
18   56   56
48   29   25
17   27   50
16   60   63
47   26   18
3   38   4
17   6   54
52   41   45
39   39   18
33   11   61
33   38   57
18   4   50
59   2   17
21   6   28
24   19   40
60   32   16
44   3   13
20   43   3
53   42   21
39   37   51
37   61   27
38   30   46
24   18   41
31   28   47
35   1   39
9   61   44
29   21   37
58   57   40
32   2   24
3   44   3
41   32   29
58   14   8
58   37   40
34   19   62
61   25   6
0   12   47
18   34   55
14   39   57
21   58   21
36   35   55
38   8   1
44   62   22
28   25   37
29   0   21
15   54   3
19   44   2
58   61   15
59   8   23
52   35   27
8   13   45
40   59   27
3   25   12
4   48   10
4   29   57
10   48   0
52   59   23
60   10   22
8   13   9
57   22   34
42   39   33
7   40   17
30   32   27
20   48   12
62   18   32
19   55   19
61   20   45
60   17   6
36   1   48
32   50   54
36   58   22
0   36   19
26   19   36
11   45   7
52   26   31
16   18   23
18   2   42
13   63   55
60   25   45
25   3   32
30   13   8
62   22   42
44   36   59
32   44   54
5   41   34
59   4   50
0   8   24
60   3   19
62   19   49
59   49   30
0   23   45
3   39   20
36   17   37
0   24   21
10   16   58
54   63   8
13   20   25
46   60   22
62   35   41
8   31   26
17   39   32
12   4   40
55   27   18
55   21   52
14   45   29
53   60   5
62   14   42
36   56   20
46   20   25
56   26   44
59   28   2
17   17   58
22   5   11
6   16   62
52   43   27
53   32   39
14   24   12
8   3   2
16   45   14
29   14   18
6   3   3
52   58   45
17   8   14
9   14   33
16   50   48
17   28   48
21   16   55
8   30   21
15   2   42
50   0   55
5   10   39
44   7   42
42   26   27
4   0   63
30   6   40
17   42   17
4   17   15
44   9   24
29   23   41
17   4   14
61   17   22
60   41   23
30   22   33
29   19   4
13   3   13
29   40   50
55   18   6
59   12   39
35   1   20
59   4   63
30   17   7
42   52   53
57   8   8
23   51   35
14   58   29
4   60   27
55   29   21
44   29   50
2   45   20
0   11   20
2   19   60
45   8   28
40   41   16
19   6   27
7   34   37
42   48   47
55   35   27
40   34   51
35   39   60
43   14   25
31   16   39
4   25   2
18   52   45
5   18   41
18   27   29
5   39   48
50   46   52
46   9   37
42   53   20
62   33   22
9   3   8
45   36   28
61   8   7
52   32   14
12   11   59
21   49   40
42   18   43
52   31   55
12   55   36
10   33   14
56   32   63
42   48   16
42   25   7
7   5   46
56   61   3
56   46   12
3   22   61
0   28   17
20   45   60
57   9   2
4   25   15
60   47   52
62   8   47
43   39   21
44   11   22
43   61   33
16   14   8
40   51   16
23   4   31
48   28   25
14   13   40
41   25   33
10   7   22
5   39   28
4   27   16
54   52   23
2   25   12
51   16   0
20   14   15
48   24   33
40   57   25
5   21   46
22   54   8
59   36   25
11   11   14
21   4   30
40   39   43
6   4   0
11   5   60
56   19   38
15   17   33
30   56   1
46   13   28
38   18   8
9   38   32
49   35   40
35   0   59
59   63   25
52   56   41
0   30   8
56   0   33
11   51   20
52   14   21
2   25   57
54   3   17
4   49   17
12   4   23
33   11   41
6   0   63
47   60   55
10   8   19
7   42   29
29   28   36
4   45   16
17   9   25
18   61   38
32   18   42
2   23   2
50   63   6
60   22   21
62   53   6
29   1   16
40   10   59
16   18   48
29   43   7
9   28   41
5   25   39
56   3   17
8   25   56
55   61   7
2   14   15
41   7   6
22   27   25
8   8   41
30   38   56
33   11   21
16   45   47
59   3   24
8   10   25
45   5   43
39   61   30
59   6   10
29   34   51
34   24   34
41   20   56
12   5   11
23   19   19
48   7   46
39   45   49
34   3   22
0   35   29
12   1   34
3   30   10
60   0   30
22   44   7
10   36   27
7   1   36
11   7   52
11   0   48
59   63   54
0   6   32
63   44   15
46   61   25
14   63   37
48   28   12
15   7   56
44   42   57
52   52   19
51   12   53
20   39   55
46   0   27
3   43   6
45   10   25
24   24   53
19   3   24
43   34   29
52   47   22
52   30   28
60   20   46
16   54   27
37   5   35
45   5   8
45   56   43
43   8   53
27   54   4
31   36   29
58   34   13
10   55   59
55   0   30
32   8   13
52   13   62
43   11   32
1   9   13
59   24   24
4   2   56
24   40   2
20   25   37
27   10   34
53   57   4
57   41   36
45   10   51
25   19   7
2   3   5
48   9   13
36   6   13
3   14   45
14   62   12
16   11   63
41   34   27
0   38   2
34   44   19
46   7   26
33   27   25
44   43   59
18   9   37
50   49   42
6   47   26
63   34   10
52   25   32
41   21   42
42   26   5
45   0   25
56   9   15
30   48   13
41   0   27
61   37   59
58   10   12
54   61   19
12   55   53
55   23   27
28   5   58
60   34   4
27   30   32
60   17   53
60   13   49
40   44   18
14   55   36
28   28   25
6   59   19
43   47   12
22   8   42
28   44   13
59   29   9
11   42   58
5   2   53
46   34   27
16   23   26
6   41   1
40   25   19
28   12   62
49   38   57
5   11   42
29   6   12
11   59   57
44   2   14
21   7   48
36   25   15
1   37   10
7   8   40
56   31   23
61   16   23
56   6   19
34   39   53
13   54   4
58   50   41
3   61   7
60   35   29
57   23   36
20   12   9
16   63   62
54   62   55
16   30   34
31   25   20
3   58   12
10   56   8
14   28   29
60   6   29
17   10   23
31   28   24
1   26   36
10   37   20
41   47   24
54   48   28
1   61   2
8   55   61
58   2   18
47   35   47
48   24   6
41   58   57
3   25   51
60   11   56
48   35   34
39   3   15
2   32   4
55   59   36
57   57   44
18   45   7
15   41   57
49   18   34
4   5   5
17   0   14
29   13   6
8   41   43
17   60   63
2   55   35
12   4   61
14   11   0
23   52   39
56   38   36
32   47   17
20   6   5
39   42   29
43   37   22
40   1   32
61   44   48
38   49   44
56   5   4
31   46   62
28   5   48
16   17   24
55   61   35
1   2   19
36   47   25
37   12   43
44   18   19
16   61   30
34   33   2
4   36   20
10   11   20
34   32   28
59   52   22
40   56   11
21   5   43
51   50   36
6   1   38
43   0   32
2   8   15
47   0   32
48   61   63
25   25   12
55   63   28
24   63   20
11   7   16
12   27   31
17   17   45
39   4   47
33   56   47
61   13   45
1   31   23
55   5   27
61   30   10
17   38   55
36   58   12
56   47   11
60   44   51
19   34   57
54   11   17
56   58   13
45   28   7
20   21   38
8   11   14
18   44   5
14   15   56
2   13   11
57   5   44
61   7   12
2   51   18
4   34   19
9   18   35
19   61   63
37   24   17
53   49   55
50   43   11
30   24   21
55   5   63
59   40   26
29   4   30
61   10   11
7   40   61
41   26   20
35   19   22
31   10   36
19   10   29
30   14   35
10   3   15
5   32   33
43   62   26
23   11   19
20   5   9
25   20   21
20   57   14
8   14   40
52   3   26
30   28   24
11   55   35
3   32   14
43   50   36
25   53   22
53   6   8
34   36   53
27   22   27
43   44   51
13   62   62
39   30   45
41   35   46
9   28   55
33   10   31
9   56   35
59   19   55
4   61   6
52   49   5
8   42   41
40   54   11
54   2   14
8   6   33
0   9   30
8   31   39
61   9   1
13   41   27
31   11   22
44   39   45
20   44   5
21   27   25
1   27   33
8   41   27
28   7   59
25   10   32
40   7   27
39   34   54
8   0   48
10   61   40
5   8   49
7   10   36
58   13   11
47   26   30
41   28   42
54   29   25
59   12   55
43   11   55
42   54   20
61   26   42
57   22   44
59   32   42
10   44   3
6   34   29
16   27   28
8   56   56
49   6   32
18   21   48
42   20   8
60   2   22
44   55   14
56   43   48
10   9   18
62   57   18
21   26   27
62   39   40
62   19   39
30   58   1
54   14   8
0   27   2
52   31   36
7   0   29
35   5   13
13   36   25
43   60   22
60   48   50
38   7   9
56   28   31
7   42   5
63   12   47
37   11   53
47   29   36
56   15   46
31   47   11
62   22   61
4   55   41
10   40   42
60   26   44
44   33   55
39   29   46
0   9   5
9   45   57
59   23   0
5   15   47
29   18   24
14   50   24
62   62   36
37   53   23
21   3   49
32   5   22
21   6   43
31   14   42
21   15   55
6   32   9
6   47   58
22   9   37
27   28   8
60   25   7
18   17   36
14   48   8
6   57   14
56   57   25
22   52   47
9   43   60
56   5   36
19   56   23
10   60   46
9   42   18
60   50   41
49   47   11
26   1   14
29   3   17
11   0   25
53   27   51
42   7   8
48   14   24
37   11   22
62   34   2
56   2   14
17   24   48
31   22   24
52   63   59
36   2   22
61   27   9
21   55   55
55   42   3
38   62   21
52   5   51
22   40   60
59   35   31
26   44   13
21   19   57
33   53   35
58   1   18
48   62   0
56   24   32
42   6   8
43   56   51
33   18   25
11   9   22
21   11   32
20   18   42
40   34   16
2   62   57
40   17   15
14   63   3
46   63   4
21   50   46
34   23   20
42   37   28
53   23   2
10   31   14
29   44   12
58   2   6
35   22   11
55   58   12
13   40   20
37   7   26
5   10   51
48   13   31
7   14   23
4   51   31
47   53   16
26   25   55
6   37   19
17   46   41
32   46   53
35   62   23
46   8   0
52   25   4
24   0   26
49   7   27
12   2   3
24   23   49
11   35   5
63   61   3
24   10   20
56   26   26
41   48   1
1   35   57
14   42   24
37   17   16
41   37   45
27   24   31
43   59   35
63   6   60
20   25   59
40   33   54
56   34   61
40   42   14
21   54   19
60   8   5
38   7   57
3   54   25
32   60   14
45   4   26
29   2   18
41   53   17
41   15   46
4   15   63
41   52   12
59   27   3
26   56   6
31   4   33
23   26   34
40   24   35
54   6   9
3   24   20
4   62   6
30   16   11
12   10   25
2   32   37
53   10   13
54   59   50
17   42   50
9   35   6
19   61   50
22   39   58
1   21   63
60   57   35
39   17   11
11   63   26
43   41   1
0   41   29
10   22   8
30   3   16
29   26   41
1   56   30
21   55   10
35   61   7
2   57   36
21   16   7
9   36   20
43   59   53
54   4   26
16   35   52
38   36   15
59   33   23
46   5   13
27   61   41
13   15   54
6   35   12
49   55   59
1   19   23
4   40   20
17   15   51
57   23   46
18   1   0
43   39   46
2   40   28
54   28   32
57   57   11
49   9   16
21   3   18
8   63   41
9   10   13
7   31   23
4   32   17
40   62   50
18   6   24
58   32   47
35   10   44
62   8   23
57   0   28
53   34   51
58   53   60
11   37   10
41   44   36
23   28   22
5   28   43
43   25   24
39   5   52
5   45   20
53   36   37
54   5   22
45   36   17
29   44   50
29   50   47
46   58   24
35   27   58
3   52   23
50   45   58
27   29   28
4   45   2
47   9   25
8   41   5
18   48   8
41   40   28
31   34   35
41   6   38
5   4   46
12   4   11
56   51   23
48   18   6
30   18   33
4   46   23
45   48   20
52   50   4
10   62   4
26   22   52
4   3   3
11   51   40
43   36   25
63   46   25
23   34   30
35   10   16
51   49   33
60   27   13
13   6   1
49   6   43
15   1   4
62   17   46
11   59   7
53   32   0
55   59   14
63   34   63
1   29   0
16   23   11
55   24   33
7   26   34
52   27   45
1   22   62
60   5   32
37   58   17
1   61   21
49   12   30
53   31   6
10   56   44
39   36   13
44   4   39
63   52   11
58   42   55
40   5   57
39   38   53
35   4   46
38   36   4
32   5   44
54   26   29
48   4   26
27   61   59
58   61   60
56   20   44
61   22   41
41   51   6
40   59   51
56   32   31
8   17   36
31   14   23
30   40   51
50   56   57
0   10   6
49   35   56
5   18   15
5   43   21
6   39   42
30   22   5
47   61   35
7   43   31
20   9   40
25   18   18
28   9   59
22   60   43
50   55   38
29   34   25
26   61   30
54   32   21
6   40   34
5   36   7
52   58   16
40   60   13
11   1   53
43   48   49
15   9   38
51   47   37
2   61   8
56   25   43
31   60   15
56   61   24
45   20   19
38   27   49
6   44   41
35   45   62
27   28   53
56   63   58
51   22   41
16   8   40
54   10   26
8   52   15
63   42   33
24   42   1
26   22   10
35   5   48
12   63   37
42   56   44
18   3   29
23   15   3
53   63   58
1   33   12
18   30   26
48   49   57
17   24   1
50   18   31
36   18   31
37   41   11
25   13   19
39   60   44
32   49   51
7   38   35
43   51   14
19   36   28
59   62   30
37   15   54
51   43   54
12   48   62
10   13   56
17   8   45
8   7   28
10   4   21
52   50   42
6   33   11
60   48   30
44   53   37
48   33   32
14   61   37
32   18   14
51   41   56
62   0   28
50   59   12
13   62   40
22   12   37
21   9   24
13   43   46
10   50   24
26   48   14
48   34   31
57   25   44
22   34   13
18   61   0
1   24   28
55   35   41
62   38   37
49   5   28
27   28   37
3   29   21
11   17   45
1   30   20
41   35   16
1   29   23
26   49   13
15   3   54
9   58   35
42   1   9
59   48   9
62   30   39
57   38   58
52   49   23
14   20   40
15   60   3
58   32   36
55   13   60
55   51   61
19   43   58
59   16   33
12   34   40
22   33   1
32   14   42
5   5   47
6   62   7
25   32   20
5   17   17
30   54   2
31   29   43
24   24   43
17   46   4
21   61   8
6   35   26
9   12   37
21   24   39
43   36   1
18   0   38
29   10   29
37   10   24
41   9   27
25   48   9
47   24   53
9   48   58
26   16   9
22   17   31
7   18   4
40   35   43
3   17   24
43   45   49
45   24   30
57   15   38
7   47   13
15   6   58
6   55   17
9   57   11
3   8   6
43   35   15
13   4   58
6   14   17
3   22   9
52   1   23
55   52   13
55   38   11
6   38   47
28   11   58
0   29   1
4   38   4
56   48   5
16   1   34
41   9   62
59   43   26
63   32   10
10   11   61
45   47   29
14   48   28
22   22   16
54   58   19
8   5   43
61   2   49
62   27   9
2   19   12
49   13   28
24   28   48
2   29   16
43   34   53
39   27   51
62   11   18
43   33   32
19   47   62
33   47   16
32   7   31
30   4   30
46   1   26
36   42   52
16   50   20
22   56   24
31   21   39
38   6   47
21   38   0
41   18   25
0   2   57
1   62   27
20   43   50
18   53   25
61   19   47
35   36   11
42   41   37
10   0   33
43   60   52
60   21   5
36   5   11
43   49   23
37   16   42
7   0   48
21   34   61
57   63   11
22   34   42
41   49   26
58   21   10
22   20   16
62   5   27
8   9   7
8   21   4
34   36   2
13   2   51
23   28   42
30   25   25
61   4   2
21   1   0
19   53   20
14   23   25
21   8   20
47   34   50
59   21   11
49   54   19
17   59   54
12   28   30
59   7   22
20   12   37
43   18   18
4   20   3
62   10   41
23   0   15
30   14   23
60   4   26
12   25   42
49   49   21
59   53   60
62   24   36
22   43   57
61   32   2
5   41   6
32   10   36
13   4   16
56   12   47
27   4   32
41   63   11
3   45   20
3   42   5
22   50   46
9   54   16
28   7   30
40   8   61
13   25   28
11   6   24
37   9   49
4   61   23
35   21   55
0   62   11
10   29   45
59   16   44
53   20   8
22   5   44
34   51   55
16   4   9
22   46   45
10   30   34
20   34   63
1   5   16
40   52   52
38   24   21
7   10   8
59   15   31
14   39   23
5   33   13
20   42   47
44   6   43
49   9   4
18   32   4
29   54   43
61   42   62
41   5   56
53   21   2
62   13   29
21   51   25
41   36   22
41   17   61
28   32   44
37   19   21
51   57   3
24   41   9
7   30   24
59   28   46
62   62   11
28   2   56
54   3   27
2   45   35
21   28   37
43   18   6
39   38   29
8   54   10
57   5   62
57   1   51
42   22   38
43   30   51
63   38   6
50   61   58
15   26   7
54   58   8
14   0   37
54   6   59
57   32   53
59   31   14
31   6   39
62   58   33
21   35   49
4   26   24
61   22   1
62   41   31
23   0   3
61   1   20
5   45   30
44   40   62
21   0   16
33   38   39
61   34   5
10   4   61
56   5   14
16   20   16
62   8   35
34   50   49
18   41   61
53   41   56
42   6   40
20   61   25
63   61   39
16   33   35
45   40   48
44   8   4
8   13   58
2   26   36
24   2   12
38   12   16
8   6   21
45   9   16
0   41   3
63   13   51
9   33   21
36   40   50
51   33   51
29   28   25
26   32   19
61   29   28
2   33   36
1   25   33
41   15   56
40   48   8
23   25   19
32   24   17
50   18   59
39   37   26
16   25   7
63   28   14
55   60   10
41   36   48
57   5   10
21   62   63
59   9   15
47   42   22
52   28   32
14   19   27
8   9   22
37   51   14
45   41   16
37   13   56
58   52   48
31   19   32
59   0   59
6   19   11
5   20   47
5   25   57
18   31   26
24   21   46
20   24   14
5   35   12
8   4   2
59   7   7
56   52   18
59   25   5
55   33   20
11   58   57
59   57   25
8   32   28
42   28   3
7   41   44
10   26   16
0   53   23
29   12   27
