0
7.7512952568001551867
15.8299234692253048
22.864631732290018107
29.934055579315092643
36.434844624062797891
43.425061088524245179
49.627696813141632504
55.71782472118531615
61.839486054782128122
67.747579020174967468
73.83328188730811803
79.64950079427345031
85.194949329896516588
90.942638345141787681
96.538353942542414643
102.09417864289756039
107.60164104706007038
112.94226860838492144
118.24162165573422101
123.56140110053024728
128.80184208152772385
134.15305738653648859
139.28507073550971995
144.40009119539286075
149.39153108520312685
154.32499832373025583
159.2655334937225291
164.25250858213263427
169.15271868482679452
173.86775274463019514
178.73180655137545614
183.59323264012795107
188.3219934198054375
193.12107623256497391
197.80368192201621014
202.48959478945741353
207.19332962290437194
211.8726388364645743
216.57412879345832835
221.17736162010618273
225.65253640264532464
230.20221813269091626
234.68460397800004102
239.16247695568702625
243.60843188976002693
248.07377372835378537
252.43434867654258369
256.8086688436546865
261.25200833141786916
265.56013549861273759
269.84263787378574762
274.21940290643209437
278.47981373873977873
282.77882372058252258
286.97841377154941256
291.13562243308120969
295.33041648167449011
299.48367818702541854
303.68052493275121151
307.82920085530417964
311.9746136491719426
316.10194111678077888
320.18723639311457418
324.15195986566345709
328.17927788494029073
332.17736657430839387
336.12472410632500441
340.09768889082425858
344.10428924413758978
348.07230139770541655
352.01054996225241212
355.97090466160432243
359.85206539317664465
363.77076013814689759
367.73438969361393447
371.52098550078051176
375.4016413438552604
379.23348569020322429
383.06196362122403798
386.84855942839061527
390.63101186856323466
394.45278934483030753
398.15351252778060598
401.91324019034709636
405.67072226006234814
409.43812114559187876
413.10414721290595708
416.78005832501065697
420.47231544969201877
424.15701098989183038
427.74537155511200126
431.47496378276474616
435.08923512501274899
438.71018325341839272
442.41901287460302683
446.03406753191450207
449.65108302442683907
453.23791659868317083
456.80173272337333401
460.39545519969880161
463.94739389857829792
467.43837283695245333
470.96262516401588982
474.4883167819607479
477.94399409641368948
481.47908902321358937
484.99260846054670537
488.43855407815601666
491.91775005621263972
495.37545197187307622
498.84675050985867983
502.29537186835136708
505.75645669569655638
509.12571984806783121
512.61113759433840187
516.03624316149205242
519.42940051610946739
522.84699810916561091
526.20389626677490469
529.48974110100937196
532.82232889384988539
536.17523894348119029
539.48758697406685769
542.78500129115479922
546.07690460827473089
549.39368464812434922
552.69517782599848488
555.96929144502917097
559.21061273134898784
562.54320052418950127
565.81078865889253393
569.02296682674079875
572.2703786854858663
575.52279939263053166
578.76716167632866927
582.00958779059328663
585.0957900442325581
588.25679078405778455
591.41471947311629265
594.59381546959650677
597.78707943656525003
600.93635075212819174
604.0725129986445836
607.24796577670156239
610.38012596161991041
613.50655877484336997
616.66499887075053721
619.75215912099042725
622.84171803405763512
625.94797250799626909
629.05519224938041134
632.12948966219323665
635.12785005815351269
638.16741795454083785
641.2325184685057593
644.2538824129853765
647.27164137810973443
650.28088544349338918
653.27725840270795743
656.24833011444002295
659.2522300002542579
662.23217845312240115
665.22436741175533825
668.25912756919558433
671.19705932024487538
674.22158732047353169
677.16876651825327826
680.13811444595046396
683.08339584966438451
686.06835527584996726
688.9676184304215667
691.92753316442860978
694.87788257579643414
697.77593343934790937
700.64665548626749114
703.52767204900908382
706.40432168059362539
709.26523358840245237
712.11719534632425166
714.97518087430080413
717.80374501302571844
720.59809972635150643
723.43676863289022094
726.30749067980980271
729.12172142800318397
731.95809449985574702
734.76989163820041995
737.52871981382372724
740.34370042292312064
743.11058725911982492
745.90236705545930818
748.68700463100401521
751.46563380093880369
754.25466124952174596
756.99472976084496167
759.75766965663979136
762.48014659085799849
765.21164664770617492
767.94663624907911981
770.69834888091941139
773.412559661089972
776.14231894578551874
778.8853753204602981
781.64527468360074636
784.36361105704213514
787.09406633150069865
789.78349559677133129
792.49445082068962165
795.11559424043957733
797.80636758904358885
800.45197921905685234
803.08090258813899709
805.69211947792791761
808.31278827031542278
810.93599066198953551
813.52467865074970632
816.1466135490978786
818.72214306972909981
821.3391795058093976
823.9592157644500503
826.52323933546529133
829.11114745624990974
831.62952277001431867
834.21805689482982871
836.79861801776348784
839.35064061541049796
841.90670693801962443
844.42595191412567601
846.98846996027918976
849.52201135596692438
852.07822731457224563
854.57962864386922774
857.10235872049622685
859.59749285580016931
862.13191522756198992
864.66619072399657853
867.14439971452463851
869.64323316431944022
872.09102742963034416
874.57330450658821519
877.02205460677805604
879.48648037915461373
881.92937101688119128
884.41742351728657923
886.87041586202133203
889.32835376696118601
891.76798650719456418
894.18945764471959592
896.66542814749413992
899.1283322998156109
901.55958980841262473
903.9935425805417708
906.3941026285750695
908.79821032428480976
911.24983254808876154
913.63280993799253338
916.07271382950500538
918.46100398689782196
920.84359355740343744
923.19883569996454753
925.56767407348320376
927.92950462007286205
930.24631829251302406
932.5673013332342407
934.87752224114115052
937.20552729833332251
939.54945052903633496
941.90053010802694189
944.17997136691133164
946.49923588039564493
948.81030939837592086
951.11506341497022277
953.39391113927376864
955.65099703703504019
957.92605291574454895
960.21514964330162911
962.51421979418819319
964.79806215004248315
967.08357391067693243
969.36218430144094782
971.64032016266082792
973.86791144577296109
976.13037257520932144
978.39764451246867338
980.6490302620162538
982.88175552474183405
985.13721012108726427
987.330994989737178
989.51308918168763284
991.76250346027711657
993.94833562134067506
996.18254799790645393
998.40106428050683007
1000.5763707153420228
1002.8319417617298086
1005.0041947418528707
1007.1726413030268077
1009.3612291006593296
1011.5257724643955726
1013.6912904935402366
1015.8563752449199455
1018.0379206740974496
1020.1628107919873401
1022.3223842752674955
1024.4127168571071707
1026.5685219906433758
1028.7103216929492646
1030.8490418071198746
1032.9662029931898815
1035.0693636646929008
1037.1927970126109813
1039.2678024631234166
1041.3775812677286012
1043.4969341964085743
1045.6087882242684373
1047.7149434885911887
1049.7902516790722984
1051.8435453200565917
1053.8960454571297305
1055.954807650821067
1058.0304186524970191
1060.0890812112700132
1062.1105228947192245
1064.1205898646026071
1066.1357535777954126
1068.1622394647190504
1070.1618750131306115
1072.2024322775350811
1074.1997008767286843
1076.2292031958397729
1078.2561751320884014
1080.3174306986029478
1082.3625152800582327
1084.3497473875092965
1086.3670325769508054
1088.3680132127053639
1090.3218095125325817
1092.3026431472417244
1094.2694711393537546
1096.2743655242004479
1098.2554807910757972
1100.2173953287369841
1102.208560911763243
1104.1828401192997262
1106.1262839787546
1108.1090903018582594
1110.0365682138108241
1111.9682006879911569
1113.9378179741433996
1115.8647549349911969
1117.8135940138781734
1119.7200458047791471
1121.6467123718975927
1123.5663677595457557
1125.4858438538401515
1127.368186709572683
1129.2646436902589357
1131.1343993263960783
1133.0045006412137809
1134.8640121477708362
1136.7264311706799162
1138.5731381429252451
1140.4548360876476636
1142.3123764535855571
1144.1675094275924494
1146.0174489323487705
1147.8407353165728182
1149.7121337071064318
1151.5366737088661466
1153.3496400384333356
1155.1559061973116513
1157.0007451724386556
1158.8120541364467044
1160.6549429142182817
1162.4486403911744219
1164.2482384498214287
1166.0819223535550009
1167.8859622677168772
1169.6981825382833904
1171.474083666414117
1173.2631274371287873
1175.0383020089641377
1176.8486175009284125
1178.627104982257606
1180.4062397955544839
1182.207375815017258
1183.9988669766232761
1185.7697705238851995
1187.5362555105798492
1189.3140150994015585
1191.050264164014834
1192.7896575671181836
1194.5469481500028905
1196.3042387328875975
1198.0479669544110948
1199.7763853195822321
1201.5066009525805839
1203.2123953328091375
1204.9462122896743494
1206.6243667759481468
1208.3460848283025371
1210.0586600186582018
1211.7741731797884768
1213.4912889418062605
1215.172917056543838
1216.8804806191574244
1218.5496121700844014
1220.258176665635574
1221.9331667840381215
1223.6025506690566544
1225.2748339168990697
1226.9492973065889601
1228.5935176394405062
1230.2383396371217259
1231.873827245641678
1233.5301963783333576
1235.182187687807982
1236.7991082519051815
1238.4164630428047076
1240.0595165460481439
1241.6833272341150405
1243.340514012750873
1244.9903582682625256
1246.5712445467220277
1248.1870800951001002
1249.7862332959753076
1251.3826002201437859
1252.9766848069443768
1254.6328310241126474
1256.2332003701033045
1257.8327111587936997
1259.4240188036235395
1260.9877632483292018
1262.5679431857872714
1264.1052302634004718
1265.659503060619727
1267.242581087325334
1268.8248103197850014
1270.36918654981082
1271.9480959006727971
1273.4855889994855715
1275.0313455456116571
1276.5713130412941609
1278.144166422880744
1279.6864744913807499
1281.2020091840333862
1282.7331602415006273
1284.2455155421264408
1285.7256970842090595
1287.2383227199954945
1288.7230795705741002
1290.2258680515408287
1291.6895160981978279
1293.2088474659979056
1294.7332781841798806
1296.2623467950729719
1297.7543583231977209
1299.264080298853969
1300.7213191437465412
1302.2231004404397936
1303.7366238111103485
1305.2202521868102849
1306.6934964677707285
1308.1317238414592339
1309.6162814910649104
1311.0525500904500404
1312.5071151042284328
1313.974240059311569
1315.4259405291620624
1316.8906374130669974
1318.31032860193136
1319.7403201573513343
1321.1528204123826526
1322.556405111762615
1323.9922475280707204
1325.4098991448295237
1326.8336131816311081
1328.2212205599400932
1329.6462777484123308
1331.0392103273181874
1332.4200760305825497
1333.8007548531420525
1335.1809977019488542
1336.5906430519939931
1337.9307857133674133
1339.3105927020669697
1340.6741669956497844
1342.051485531075059
1343.4346701690017198
1344.7873659135198068
1346.1237823013366324
1347.4545645593761947
1348.8124757393861728
1350.1876199074329179
1351.5287760234105008
1352.8458831191924219
1354.1717129302678586
1355.5289482665280048
1356.8826858154491219
1358.2101447371596805
1359.5516763980206179
1360.8414566959431795
1362.163009881147218
1363.5016729644096358
1364.8300376140380195
1366.1410349594639229
1367.4479113883560331
1368.7316176282915876
1370.0565430430351626
1371.3426646057555445
1372.6346319709964519
1373.8946545813400917
1375.1515429921234954
1376.4187834858466886
1377.6699400282936949
1378.9577719891556171
1380.2053481441225813
1381.4684522530612867
1382.7269651206943308
1383.9860719191328826
1385.2536040690749815
1386.4880742345499129
1387.6888344837791465
1388.9050110710902572
1390.1259571563327881
1391.4113744191531623
1392.6539384178499859
1393.8894842356835397
1395.1316455601593134
1396.3092677619156348
1397.5166757437204978
1398.7264907560493157
1399.9163338547975854
1401.1388725270885516
1402.3468449723543472
1403.5100797840082123
1404.7015281318097095
1405.871887682194938
1407.0708492462053982
1408.2613633853247848
1409.4647686097139285
1410.633468862717109
1411.8003745659761989
1412.9373832144206062
1414.1251420826233698
1415.2738103838553343
1416.4373759887241704
1417.597526156281674
1418.7349155164315562
1419.8495924076034953
1420.984101087937006
1422.1215992365546299
1423.2716489653530516
1424.430423664480486
1425.5973003608660292
1426.7075733416872936
1427.8555437034690385
1428.9837081762668731
1430.1168595230790288
1431.2202775879168257
1432.3430899066399888
1433.466064197515152
1434.6100462595475165
1435.7985182227264431
1436.8727177213886534
1438.0013694794222374
1439.1131451333744735
1440.2158683150094021
1441.2779072731430006
1442.3575163625014284
1443.4396101042559621
1444.4902095885290692
1445.549055836177331
1446.6103945957975156
1447.6772056834633986
1448.7400304935715667
1449.8256714664576066
1450.9086646631981239
1451.9574417648598228
1453.0014881296920066
1454.0384843029985404
1455.095030677524619
1456.1493841045742101
1457.1865872980638414
1458.2286613629155454
1459.234780644710554
1460.2630216271193149
1461.2637919177384447
1462.2969618933050242
1463.3213167279097888
1464.3525762108440631
1465.3437514926511085
1466.3276445466192399
1467.3214047864348686
1468.3270140684451235
1469.3271230237305645
1470.3286566449846759
1471.332583783768996
1472.3406421678307652
1473.2884296241295488
1474.2702399390589107
1475.2542339693939084
1476.1922068156604837
1477.1413359192654298
1478.1070159977107323
1479.0607724347030398
1480.0201142188886934
1480.9780583641372687
1481.933409199512198
1482.8928508483813857
1483.8084766749800565
1484.7509550218960612
1485.6949206531053278
1486.6352689183265738
1487.566278190162393
1488.5093235451738565
1489.4286752859277385
1490.3551030764945153
1491.2895174136815513
1492.2032335653011614
1493.0986661801171067
1494.0158110683537416
1494.9292825026248011
1495.8163759588908306
1496.7216396962030558
1497.6212042009710785
1498.5120942662749712
1499.402467019084952
1500.2898024832104511
1501.2015127074168959
1502.0681715626435562
1502.9523628243855455
1503.8452712273463021
1504.7449330396900677
1505.5930262726703859
1506.4844311265978831
1507.3772831494438833
1508.2513922672817444
1509.1077064179614808
1509.9422460103621688
1510.7819363787536986
1511.6408326394425785
1512.4922816928828979
1513.3544191222597419
1514.1648438320562491
1515.0113322996342049
1515.8328326393229872
1516.6577067600098871
1517.4919434040843953
1518.3619160204432319
1519.1848557191824511
1519.9963601654858394
1520.7896833045751919
1521.5834055055422596
1522.3624307788124952
1523.1892407839482075
1523.9917922512152018
1524.79303381032787
1525.5632608272069319
1526.3764961159624818
1527.1944884394727069
1527.9561759573205109
1528.7355723121336268
1529.5152350621631285
1530.3149336385399693
1531.0783730452837972
1531.8090782234617109
1532.5506524487252591
1533.3008878969483249
1534.0264925324445358
1534.8036631633583511
1535.5258573099742989
1536.260059596932706
1536.9981585051300499
1537.7264033601882147
1538.466788179982359
1539.2422443995583308
1539.9633191575342153
1540.6854530010091366
1541.3936837413464218
1542.1403873125746031
1542.8600845918665527
1543.5733849148582522
1544.2943522714251685
1545.0179101294659176
1545.730530920542833
1546.4414309368314662
1547.1349081355454018
1547.8181864947605391
1548.5123088826292133
1549.1881954303537441
1549.8760821622117874
1550.5611697362785435
1551.2614504180853601
1551.9348165860149038
1552.615897932554617
1553.3092701440573364
1553.9997335240063876
1554.6254167342633536
1555.3024221059267802
1555.9691049721202489
1556.5951405546848036
1557.2445908126242102
1557.9066375070965478
1558.5568129622408833
1559.2322073565756
1559.8703635349552314
1560.5115992915982588
1561.1741360250309754
1561.7776944710888074
1562.4016450463029742
1563.0520424007379461
1563.6673913411025296
1564.2862107765333803
1564.8878445550863034
1565.5112075381966861
1566.1058428729863863
1566.6939748917161523
1567.3159164640667314
1567.9547954062088593
1568.5517969173479287
1569.1426898514384902
1569.7591805824979474
1570.3342895077680623
1570.9080324763565386
1571.4775540483483383
1572.0842024868345561
1572.6673877258836001
1573.2292356225157164
1573.8197362297753443
1574.3797684699368347
1574.9195001608622988
1575.4836838002227069
1576.0662880190873238
1576.6268154127692469
1577.1502049016819456
1577.6893348571391016
1578.2546831673880661
1578.8120600165088945
1579.352393538327533
1579.8659507628444771
1580.3960453824047363
1580.9014133850175767
1581.4195844466619292
1581.9548054384729312
1582.4664418111058239
1582.9701058210414431
1583.4970923762639359
1583.9892305418397882
1584.5044959688389099
1585.0353513487787041
1585.4997198794392261
1585.9918580450150785
1586.4910099285771139
1586.967251564722801
1587.4742390260926186
1587.9759652508780619
1588.4928968837834873
1588.9738376568191143
1589.4656667798944909
1589.9617991743771199
1590.4097419531992728
1590.8774029647586303
1591.3584284545811443
1591.8329194584430297
1592.3158091466978021
1592.7642984823855841
1593.2504100915832623
1593.6892482805576492
1594.1502846375042282
1594.5869325240719263
1595.0449762876021396
1595.4872051680529239
1595.9242724445275599
1596.3786029260422765
1596.8191050498548975
1597.2561229472712512
1597.6754083144037395
1598.1142374421949626
1598.5378609604451867
1598.9210887007513975
1599.3366056538040993
1599.7564667043386635
1600.1504610666108874
1600.5625973135361164
1600.9695209679407526
1601.3608807656084991
1601.7498311491992808
1602.1569215217705278
1602.5506087150258736
1602.9636212175937544
1603.3643385719624348
1603.7475606777020403
1604.125042459090082
1604.4778160272594505
1604.8452550028430323
1605.2176186698297897
1605.6037871515063671
1605.9758010466932774
1606.3186812967071546
1606.6986684315047569
1607.0588562169477882
1607.4179456763511098
1607.7671309666284287
1608.1373007357467486
1608.462479377850741
1608.8189988906863164
1609.1650514142834254
1609.5024562948806306
1609.8696752205289613
1610.1996329324053931
1610.5359645922158052
1610.8638714659780362
1611.2149124827953983
1611.5527255078707185
1611.8852767353623676
1612.2033202401814833
1612.5066651356778493
1612.8092733813205086
1613.130569115500748
1613.4124610674318774
1613.7266196579671487
1614.0063722145478096
1614.2902228311722865
1614.5809739119899859
1614.8673201581455032
1615.172834553392704
1615.4357384522488701
1615.7002703316413772
1616.012204587595761
1616.2780959553660978
1616.5332716375075961
1616.7984140993505662
1617.0538647018813663
1617.3261750340959679
1617.5852952129853293
1617.8586242685685193
1618.1377831481038356
1618.3896360287535572
1618.6283097448269928
1618.8714299028144978
1619.1256705825549034
1619.3896149490403786
1619.6342273987684166
1619.8713188936553706
1620.0797502139917015
1620.3077242467388714
1620.5510246298360926
1620.7802227354834486
1621.01699093597108
1621.2253413846244712
1621.4168848707347479
1621.6495285047540165
1621.8515326226417983
1622.0748966766579997
1622.264421955945636
1622.470548698406219
1622.6691527953528293
1622.8607626171881293
1623.0293021235938795
1623.1976183727006173
1623.4025323988712444
1623.5792307118531426
1623.7680957672257591
1623.9043328979300895
1624.084780947069703
1624.2428884231574102
1624.4076042010951824
1624.579651362250388
1624.7522384845851775
1624.9093889484115607
1625.0474478176467983
1625.202397093473337
1625.393757994544103
1625.5355953052940094
1625.6742168581306487
1625.8215628644893513
1625.9521450543543324
1626.0990084592492622
1626.2267820126915012
1626.3770456109166389
1626.5148633367218736
1626.6447683055378093
1626.8076474461820453
1626.9558596439244411
1627.0942400439685116
1627.2352546624663319
1627.3939161649075231
1627.5055519594952784
1627.6286672327971701
1627.7445166278268971
1627.8609279130589584
1627.9457787846258725
1628.0392066845984118
1628.1613583440041566
1628.2448067356449428
1628.311070971909885
1628.3844446060140854
1628.4671717542880742
1628.5345779386968843
1628.61196194622039
1628.6745035744063443
1628.7577966912424472
1628.8134577349230767
1628.8600475579037266
1628.9318784272975336
1628.962120732046742
1629.0319891406156785
1629.0922716078987378
1629.1224984427933578
1629.1896837034587406
1629.264100258064218
1629.3231974516982064
1629.3847769035771762
1629.4285038695818457
1629.4861598359882464
1629.5303100962480585
1629.5495906935088897
1629.6080897097224351
1629.6532796575827433
1629.6927247712305871
1629.705924962899644
1629.7140850081782446
1629.7706634900496283
1629.7711035428631021
1629.7743438049187716
1629.7857448404856768
1629.8008251262695012
1629.7620202575806161
1629.7581598281396964
1629.7415194441700805
1629.7363594327209739
1629.7344794321672907
1629.7313393981869467
1629.7170545842207048
1629.7005742112214648
1629.680893576008657
1629.6756330904349852
1629.6614728538313557
1629.6295056568053496
1629.5818966662350249
1629.5650344118973862
1629.5484875812508108
1629.509140538547399
1629.4716939168340559
1629.4352498837210987
1629.3719487547118661
1629.3259406408030827
1629.277211000398438
1629.2150598182029171
1629.1765350541754742
1629.1255024509493978
1629.0537101960669588
1628.9728661934580032
1628.9179323830378507
1628.8432977573838798
1628.7524526078716463
1628.6711405227918021
1628.6037856442601424
1628.5418627700485104
1628.4875694369752637
1628.3907050594750672
1628.2647901599293618
1628.1708201327821826
1628.0766706483034341
1627.9894536602212156
1627.8997218427980442
1627.7658824112938873
1627.6221152953644378
1627.54295081257942
1627.4275428898893097
1627.3248275461212415
1627.2039606172179447
1627.1001519379469755
1626.9724963144387857
1626.8406657186524171
1626.7436441189072411
1626.6061881007481134
1626.4889339457658934
1626.3665954808907372
1626.2242355407554442
1626.0866776692307667
1625.975326070512665
1625.8265960957703555
1625.6594480247251795
1625.5228359562022433
1625.3394361847390428
1625.2085295639540163
1625.0490322959694822
1624.8877997866468377
1624.7523530925939212
1624.580935770001588
1624.395203681269777
1624.2127574147009454
1624.0497574758142036
1623.886091481381527
1623.7052145399809433
1623.5244438741599424
1623.3369364169359415
1623.1142429308888495
1622.922962772199071
1622.724007098746597
1622.5349844093782394
1622.3236923488927914
1622.1339300850274867
1621.928156301386025
1621.7314428390891408
1621.5251098065823498
1621.3131375458583534
1621.1165975226801947
1620.9011638600829883
1620.6446235343728404
1620.3953405948554973
1620.1851703686174915
1619.9313409059725473
1619.7001567212150803
1619.432271507333553
1619.1833417966643083
1618.9380390951039317
1618.7082104702185461
1618.4662301013518118
1618.2045735885637896
1617.9692942118945211
1617.691807298092499
1617.4255249507714325
1617.2077453694066662
1616.9377164688346511
1616.6902176464705008
1616.4306624918699526
1616.1515706206882896
1615.8856953950287334
1615.6157139309516424
1615.3399290234056025
1615.0688817132213444
1614.7549280949153854
1614.4635233618917027
1614.1842013430273255
1613.9020645874593356
1613.625841586943352
1613.3199102785576997
1613.0098105263641628
1612.724857923360787
1612.4399409425361682
1612.1099794802207725
1611.8202553404880746
1611.5101539877209689
1611.1902945322017331
1610.8412741665474641
1610.5185007742843482
1610.2125458846080619
1609.8948823789176004
1609.5636467252681996
1609.2241599848630358
1608.8866482916844234
1608.5751474999731272
1608.2541670261643958
1607.9253562181984307
1607.5896761749138477
1607.2726062700901366
1606.9345600967083101
1606.5752228116418792
1606.2341491109748404
1605.9017212306280271
1605.5420534943589246
1605.184244293934853
1604.8063881229622893
1604.460922535523423
1604.0769121245216411
1603.7059932107551958
1603.3185792844544721
1602.9226305645252069
1602.5234371059734713
1602.150576584552482
1601.7558835136433117
1601.3963396988510794
1601.004231924170881
1600.6229473270068411
1600.2462760716093726
1599.901925996187174
1599.5116048762233731
1599.1099307601034525
1598.694538563172955
1598.2821102483849245
1597.8827752234387845
1597.4449110018556439
1597.005259104368406
1596.5735571755660658
1596.1651745477790882
1595.7431644075566055
1595.3462199841751499
1594.902738553340896
1594.4737170009075271
1594.0319828209724164
1593.5942099117119142
1593.1460148840569673
1592.693351773581071
1592.260476700280833
1591.7723289189195839
1591.306694910752185
1590.8217263783426461
1590.3620811966491146
1589.9513456325228162
1589.4852375909895272
1589.0321208962996025
1588.5830428872147877
1588.0976764618667403
1587.6505866251836778
1587.1441532623341573
1586.6876201452942041
1586.2202159456380741
1585.7418158904206393
1585.2684730885077897
1584.7900310849445304
1584.2748670595799467
1583.7468971048681396
1583.2456174827223094
1582.7566346632415843
1582.2352555282227513
1581.7158222347445644
1581.2111093502794574
1580.7322436104470853
1580.212191292147736
1579.7174918300574973
1579.1974605260693352
1578.7003570527481315
1578.1823808934670978
1577.6522196300413725
1577.1218470763874393
1576.5902831850701205
1576.0702736325893056
1575.5123310513552042
1574.9735449019440239
1574.4415631826516346
1573.9341494397942824
1573.3698792626778413
1572.842842398062885
1572.3083063804569974
1571.7440794724757325
1571.1938880558095661
1570.6589795797992792
1570.1067816120798852
1569.5631793375109737
1569.0127881606761093
1568.4562904905744745
1567.8770614034847313
1567.3406810272042549
1566.7731641947111711
1566.2017824077822752
1565.6126232128681295
1565.033404206619025
1564.4827077956756511
1563.9108141894121218
1563.288344642041011
1562.7335813648639942
1562.1563450513283442
1561.545910161263464
1560.9425576694145548
1560.3463421509020463
1559.7509492522403889
1559.123019022796143
1558.5158731701835677
1557.9112057162205929
1557.3165519512472201
1556.7123371205989315
1556.1132288215526387
1555.4877985357902617
1554.8835840316708072
1554.2455452060969492
1553.637739901443183
1553.0132016415111593
1552.3775136903093426
1551.7073223553375101
1551.035772995198613
1550.364000217787634
1549.7326855393253027
1549.0975650487241637
1548.4639802334552314
1547.7913607780071743
1547.1253916178507097
1546.46338946857054
1545.8145795003515559
1545.1860321736901369
1544.5180999276155944
1543.8514194331949057
1543.1814809754503131
1542.527486691932836
1541.8304963552584468
1541.1901135019124922
1540.4992004900543634
1539.8370656290060197
1539.1720775476128438
1538.51330026656683
1537.8133353214657291
1537.1096696367146706
1536.4055974915681873
1535.6897581675962101
1534.9964159806979751
1534.3167099029442397
1533.5940158036135017
1532.8859953856413085
1532.173871104179625
1531.4501146738014086
1530.7506877075695684
1530.0387010038436983
1529.3362518499973248
1528.5731813547911315
1527.8483501173279819
1527.1206295801760007
1526.4128515497220633
1525.7139237892729398
1524.9487328927330054
1524.2012007040073058
1523.4594685648569339
1522.7184966378786157
1521.9913742480525798
1521.217358200498893
1520.4628951148820306
1519.6873241193693502
1518.9531070334912783
1518.1824006748977354
1517.4270199504735501
1516.6690698267568678
1515.9223662555286865
1515.1644718895609003
1514.3846116109441482
1513.6624926248750853
1512.9101084824744703
1512.1517833109764979
1511.3787809803657183
1510.6373440197912714
1509.8636107307570455
1509.0619270724316721
1508.2953658166075002
1507.493329034038652
1506.6820593512150026
1505.8530672701042477
1505.0784543450070032
1504.3072562904296774
1503.5078381591947618
1502.7015162211198458
1501.9246065276040554
1501.1570889119843741
1500.3541617824537298
1499.5831439765224786
1498.7683976238449759
1497.9112556472864526
1497.0998125975816038
1496.264846556297698
1495.4453923483547442
1494.625674897857607
1493.8047637426309393
1492.9672429246088541
1492.1032685341863271
1491.2314443665134149
1490.3613142892877477
1489.4704665373992611
1488.6131567108311629
1487.7375548031593553
1486.8650337779429265
1486.0156349713574855
1485.2105554039653725
1484.368139083388769
1483.5308762226331964
1482.6752813807934217
1481.8007871146394336
1480.940550919098996
1480.1079244326042499
1479.2302300856561033
1478.3297626453554585
1477.4479095492231409
1476.5637182874811515
1475.6904841119828689
1474.8124243250522341
1473.9533936331749828
1473.0530614847841662
1472.1653871686503408
1471.2632426617983583
1470.386368156028766
1469.4817961718631523
1468.5900632147490796
1467.6747734384159685
1466.7720443894734217
1465.907942060915957
1465.0257119303785203
1464.1190274203097488
1463.2075617039151894
1462.2461409661257221
1461.3349642971465983
1460.4024676450726474
1459.4647420963174227
1458.5305911738621489
1457.5945959596479042
1456.6945935393339369
1455.7747650885737585
1454.836458333383689
1453.9085043932500412
1452.9757255833812906
1452.0408173392233948
1451.1004378744653422
1450.1509388318445417
1449.2088073781358162
1448.2607218466714585
1447.3407250586217287
1446.3925401600524765
1445.4423206181675141
1444.515603404517833
1443.5656033988589115
1442.595851716750758
1441.6044684579117074
1440.6397776468115808
1439.6394570766101424
1438.6543824876584949
1437.6520432642951164
1436.6345280447844743
1435.6601839551999547
1434.6774148640586191
1433.6434190722777657
1432.6523957513613823
1431.6682502477615344
1430.7024580478264397
1429.6694210870243751
1428.6873031533559697
1427.6746348983572261
1426.6863975066405601
1425.6408780303859203
1424.6256735112042406
1423.6290713434837016
1422.6179612895889477
1421.6006425166799545
1420.6152848501626522
1419.6103430492034931
1418.6119706169374695
1417.5973676015332785
1416.5692651679357823
1415.5673752334400888
1414.5409215218880945
1413.5027864846613284
1412.4538495540518852
1411.4340039134563085
1410.4176311567950961
1409.402784735554178
1408.3903313815769707
1407.3440248766644345
1406.2741138247138224
1405.2213694654262781
1404.1192866659132505
1403.0774358708201817
1402.024345318462565
1400.9789619260429845
1399.9303929949410303
1398.8429508866440756
1397.7412555741730102
1396.6783259611033827
1395.5881493971141936
1394.4918824002838846
1393.4413909000832064
1392.3393217025036392
1391.2393888061642429
1390.1004709662606729
1389.0049366485634437
1387.8785412517588611
1386.7669459394921887
1385.6428598662603235
1384.5769527983215994
1383.420714850909917
1382.3151571623441214
1381.2160648160597702
1380.1005812696157591
1378.9571808478119692
1377.858541884296983
1376.7518190777025211
1375.6470770849396104
1374.5224119044153213
1373.4168256395857952
1372.2948229814028309
1371.191057280886298
1370.0751971825538931
1368.9269057824869833
1367.7896469352228905
1366.6551485734894413
1365.5218802836138821
1364.3638370639507684
1363.208038515597309
1362.0652988429080779
1360.8726750446212463
1359.7354247230555302
1358.5720348607371761
1357.4294844948481114
1356.2975465467941376
1355.1221445320850307
1353.9504011259296021
1352.7615902302418363
1351.5578470783834746
1350.3939846826958728
1349.2333709431363786
1348.066273302616537
1346.8767265024530388
1345.7064907199610388
1344.5395401121281793
1343.3866412914387638
1342.1898924830577471
1341.0419768111958092
1339.8529406109171305
1338.6738736465724742
1337.4286883919492084
1336.2490717469931951
1335.0448822156774895
1333.9185629338937815
1332.7248749961654539
1331.5238897890478711
1330.3236923059084802
1329.1011536336175141
1327.8991732932418017
1326.6720767354988766
1325.4429825284428262
1324.2394646683940209
1323.0165175335048389
1321.7865637990767027
1320.5542688019820616
1319.32775023973727
1318.0774030106945247
1316.8430854496309621
1315.6330619382208624
1314.4190034665259645
1313.1390849313640956
1311.9037554311846634
1310.6140932756923121
1309.3701435365353518
1308.0944841627456299
1306.8579208297519472
1305.612132209017318
1304.3907830338750955
1303.1169045662004464
1301.8626817199597099
1300.5845802853818896
1299.2576109852423087
1297.9646168905414925
1296.7442674135927518
1295.4582637482276368
1294.1924353612646428
1292.9454180038865161
1291.6750835238615309
1290.3663250222402894
1289.1186911754195989
1287.8516256525429071
1286.5778640277933391
1285.2986977615150863
1283.9826104533651687
1282.6722109474167155
1281.3871521607177328
1280.0871052054283155
1278.8020611726510651
1277.5173686601210647
1276.2735385307357774
1274.9724983006992716
1273.7007610005143761
1272.4009305211609444
1271.1217698571838355
1269.8079253908804276
1268.4648828844879063
1267.1347053473189135
1265.8487016819537985
1264.5269585115056543
1263.2437809896703129
1261.9059857597794689
1260.5694630843984214
1259.2369864746710846
1257.8946428907397603
1256.5613136640013181
1255.2501135363511366
1253.9015175155163888
1252.5465753931525796
1251.2283278236561728
1249.9057800800546829
1248.5640499610572078
1247.2641983997123134
1245.9735110809331218
1244.6621549330927792
1243.3535449646158213
1241.9685128906526188
1240.5827184545544242
1239.2443788665680131
1237.8556191227849013
1236.4601293810894731
1235.092272904367519
1233.7509342285025014
1232.3555525990079786
1230.9678196137149371
1229.5685470226628695
1228.1659858086918575
1226.7668592379075108
1225.3396374451217525
1223.9064265969573171
1222.502421979769224
1221.1497782441417712
1219.7311708940312656
1218.3463135571444127
1216.9506930153108897
1215.5442193306359968
1214.1377560705991527
1212.7282044080218384
1211.3065668397077843
1209.9121775006092321
1208.4725949415117157
1207.0517573190218172
1205.6721272364572997
1204.2429772265634256
1202.7790594707994387
1201.3475695577155875
1199.9367629922883225
1198.5414351460708531
1197.0984310163298687
1195.6582096187364641
1194.2248753603330442
1192.7846470765546201
1191.332583242500732
1189.8558656428044742
1188.4468765226267806
1186.9923010488694217
1185.5192199511266153
1184.1032872518571821
1182.632430438500478
1181.2298675896695386
1179.7914184162602851
1178.3577880006967007
1176.9132613227825459
1175.4594499336378703
1173.9896498606503883
1172.554441464137426
1171.1039731109810873
1169.6438437324441111
1168.1835342810977636
1166.6792124184171371
1165.2100871960253698
1163.7299718659598966
1162.2086611963841278
1160.6939388780167519
1159.2248628633801673
1157.7412317055359381
1156.2314467963583411
1154.6739831865329506
1153.1472228815277958
1151.6326359178467555
1150.1466406121182899
1148.6002625203973366
1147.0998231338107871
1145.5408853286546673
1144.0011241840004459
1142.4982013630458368
1141.0333160304389821
1139.5376312119271915
1137.9982587611450526
1136.4871193914234482
1134.9321795748523982
1133.4283649443959803
1131.9202241929481261
1130.3751130151633788
1128.8784028530262731
1127.3447521232608324
1125.8332075481389438
1124.3425296471955335
1122.8038647292232781
1121.2801684194682821
1119.7418509614440154
1118.2434272640857671
1116.7126046677808517
1115.1396655126684436
1113.6202019213160384
1112.096928519379162
1110.558857820485855
1108.9894996421737687
1107.4210118855207838
1105.8785660257578911
1104.3186165170591266
1102.7448722895189803
1101.1926291772751938
1099.6339631100731822
1098.0393211757323115
1096.4450763318068311
1094.8634143498404683
1093.2262628281027901
1091.6491868955240534
1090.0677174269710576
1088.5467940719847775
1086.9826692103240475
1085.4177636027366134
1083.7957458460741691
1082.1971665567348282
1080.6152908484484669
1079.0366914946202996
1077.4184713983945585
1075.801706652613575
1074.1861937162327649
1072.5797774250618204
1070.9893740680417977
1069.2955239667874139
1067.6105654850312021
1066.0211424258814077
1064.3555379432095833
1062.7241251114326133
1061.0832477561875749
1059.4701296548689697
1057.8243179078658613
1056.1638795889809899
1054.522230935745938
1052.8886709832363522
1051.2247248981673238
1049.6050290019663862
1047.9709806425894385
1046.2883959256296293
1044.6392840719772721
1043.0217475851693507
1041.3252251423839425
1039.644869361433166
1038.0137102519863674
1036.3498455349188134
1034.7203680343181986
1033.0024518145730781
1031.2833821657650333
1029.5726712596808738
1027.8775242967228678
1026.2075613046526996
1024.5386245169963786
1022.8706299502617867
1021.1699070533561553
1019.4526515635229771
1017.7550130442438103
1016.0654324326006872
1014.3616178431331036
1012.7200484089064503
1011.0490260119941013
1009.3443311431727807
1007.6524604829929785
1005.9572462052265109
1004.2470847620871837
1002.5152346752948915
1000.8408341593893738
999.09892567717213296
997.39189265441132193
995.72726047831963569
994.03020325834268078
992.26097440931471283
990.5240561288455865
988.79376737488018989
987.11494600907212771
985.41185841365052056
983.68329562931160126
981.97126099080912809
980.23228815058212149
978.5506986054385834
976.80998079407743262
975.1522707735248332
973.45638522927742997
971.76328560552087765
970.07343569642853254
968.32337551790249108
966.55707055712616693
964.83765239174113049
963.08248609545137242
961.37077296902452872
959.62941082843883578
957.87554820621096496
956.10757138754377138
954.37185603847899529
952.57181526368776758
950.79855025454969564
949.00644070655039286
947.21510122892868822
945.46185787532613176
943.66388578893452177
941.93098330938744311
940.16153252898288883
938.36863975628796197
936.59038419910871198
934.82183879753085876
932.98475445741109979
931.21521812496780512
929.412957253903528
927.63149581783989106
925.89532082742744024
924.07246489787132759
922.28542530454990356
920.46452376303921028
918.6639815217395153
916.86995688720173803
914.98859606302858083
913.19887744653544814
911.4138135081807377
909.59074614867336095
907.8070494096383527
906.02863299401974473
904.20267085223929371
902.36787768530427911
900.49852013087684099
898.62979684869810626
896.74011013654421731
894.882316328969182
893.08076296702279251
891.26133500717367042
889.45655249061826453
887.66795232384254177
885.87176183495432724
884.02286439496970161
882.15361075404007352
880.33823919138365
878.45144127272271817
876.55519133137477183
874.71934330248041078
872.90861395005879331
871.02177921797749605
869.21260839006913557
867.40280031043130293
865.56394427524503499
863.70039448017314498
861.82470130401975439
859.93792256206540969
858.08022246553468904
856.18630970194158181
854.31266012011769817
852.42921059073069046
850.61134403831295003
848.77587678752104239
846.95108592601059172
845.08713171003500975
843.24426245508732336
841.37718357160815685
839.49255788189975647
837.56626779522457582
835.65678560838864541
833.82197407495561947
831.96931373302436441
830.09063214425304977
828.17611914140616136
826.30434583778264823
824.48481351515226834
822.60308100005318011
820.73871876809880632
818.88657038645033026
816.99372165521629086
815.10091875015928053
813.1675664930031644
811.21921975967836715
809.29330641843762351
807.37481601024830979
805.43720003107955563
803.50137958988511855
801.60230119183950137
799.63198579110508035
797.71415793779181058
795.79067988586496085
793.82948663852801019
791.88531250187804744
789.946113058506171
788.03735106834187718
786.07930631370720675
784.14134461596165693
782.13079766827081585
780.11452113808252307
778.16245627707542099
776.21984810134824784
774.19767083122053464
772.1769066884677386
770.19867084342968155
768.28213614888079519
766.347152582470585
764.42869298101174991
762.46908840173477984
760.49894604689438893
758.52405807838817964
756.53025329083823181
754.59008618287487025
752.57360199045740501
750.60090967964185893
748.61859858713330595
746.64200501416132738
744.65794815837261922
742.73723847723715608
740.77702716690680518
738.81928541502679764
736.81104075811629173
734.87881198980210229
732.92431396341476102
730.96075419661451633
728.97465348984860611
726.98914250789766811
725.03603379497394599
723.03180843832512892
721.04709418919492236
719.06665051783954823
717.09462838038098198
715.07924871540637923
713.07226481580482869
711.05674879973867064
708.98439554268975371
706.90453704556739467
704.88186583537867591
702.87992254415905791
700.85709438961134765
698.89488738736793039
696.92735315247580274
694.89711996584333065
692.88909348406980371
690.91737932305807135
688.87396781282325264
686.77566463109121742
684.76106762370989145
682.68539078707044609
680.6651198841718724
678.58568959469323545
676.56434252791666495
674.51045343961436629
672.43824284722882112
670.39994333565562101
668.27546161464636043
666.18754803069737136
664.16590909915669272
662.1231792130664644
660.05298577321457287
658.05765813306379641
656.05791412756843783
654.01855048608513243
651.9855783291429816
649.98860922277833652
647.89986655463167153
645.83793671288424321
643.78619641544287333
641.74877930556624506
639.64107111936357342
637.59996152634369082
635.55520657139538798
633.49128885370078024
631.43189165367175519
629.40350564136940648
627.37376068228400072
625.30634575723752278
623.22084683824789408
621.12230698195833156
619.08439972288249464
616.97139676032600164
614.87279298282794571
612.8165041101742645
610.66621264474702002
608.55896275010559293
606.45912707798936481
604.40196066511634854
602.22658867234406443
600.08300713387450287
597.96353510321898739
595.89718511370108445
593.82365151098713341
591.70084605988085968
589.61049139173655931
587.50970423765306805
585.44754942375539031
583.29432362302554793
581.1757107020729336
579.04024163220969967
576.9197839401017518
574.72483406770038528
572.53981306164962461
570.36969944219890749
568.19801369494825849
565.96846247886651327
563.79184514549694995
561.65175103772162402
559.48031248213715116
557.36112302170840849
555.24268543805919762
553.10483102686373513
550.88783864396452827
548.67665283900555551
546.50813763034216208
544.36182624677405784
542.22632630125735886
540.06296870533583387
537.84639024503417204
535.61375775192379933
533.4129822360922617
531.1841455560012264
528.92914416708163117
526.74650674677423012
524.55160546400168187
522.37179068945249583
520.14454895784172095
517.97307187244473425
515.75190071008091763
513.56280715946331838
511.38176586315563554
509.19794426653993469
506.93397165470486243
504.70145320828419244
502.45546011733358682
500.26714411192477883
498.12215475422527788
495.90838920470201856
493.64812684306434676
491.4269238026888047
489.21427096118242162
487.00624211126540786
484.78575492713559925
482.56956790231095056
480.38233576429820459
478.16785218250305434
475.94480668255135924
473.75127190023914636
471.58282533906520939
469.34722634263567898
467.11406259230568594
464.90445312520745347
462.69314947380013336
460.50563903387256914
458.31930256450169736
456.09912384014154441
453.85584721065254143
451.59001621392792458
449.30588646319444024
446.99676089368551857
444.74234148907640929
442.54773012942922605
440.27173520071806934
438.06411922894415056
435.83458286491958233
433.60362456029480427
431.45228434554519481
429.26137711865089841
427.10024491457403428
424.90324265085655497
422.66370585244811764
420.47653149972200026
418.28847946924906864
416.08529272385766262
413.86019765606698684
411.63036492062167326
409.40779013031385603
407.21945991560329503
405.05412238482955445
402.89637200552800778
400.76780842092802004
398.56784384120925324
396.4016449455028237
394.19927450189783258
392.02663032372572616
389.79481023069740786
387.54350737277428607
385.3372456820210914
383.04261739013566057
380.80789413494289875
378.58537992336215439
376.32572618584595148
374.10487607755260342
371.86746317490457159
369.63989777544458093
367.41478637035532984
365.14968429639151282
362.93505101468525709
360.73089487109581341
358.47996298290320283
356.23632899104927674
353.9778248880907654
351.72788438117009946
349.52413400385654541
347.30426160784742251
345.07549980398539446
342.79456832692466151
340.56007515788479623
338.30575141626417235
336.0836004919810307
333.85147731198571819
331.60191435142888849
329.38540076652827793
327.12411016081580328
324.84429613935225234
322.57536947993253307
320.36508307175137134
318.10974915863761225
315.85555920959740206
313.62728462168519172
311.36090380492510121
309.09146515600485827
306.82596750686718678
304.59977759292632982
302.3026045348561297
299.99776154515154758
297.67739254256446202
295.39199521029439666
293.00795852613879333
290.67660754000951329
288.34360138400472806
286.02609901312257534
283.76188429309451067
281.43190083552178749
279.16114765513304974
276.82891259703825426
274.48548998275788335
272.13416403890653328
269.81349430503064468
267.46228417608961081
265.20628868425791325
262.94589052485167713
260.68133480477382591
258.32934487221643849
256.03104366725671071
253.75162900973830915
251.42124759224682862
249.0929954109835478
246.78475902032948852
244.45625678333217934
242.10521013844203253
239.79136267606764932
237.4622740089955073
235.17008343808959125
232.84405356781024921
230.53562018228532793
228.21217260417242301
225.89529117554403115
223.62136389595411856
221.32262348282088738
219.00197092077752359
216.68035920122090943
214.30524834172166493
211.97275208237724087
209.67624402040510745
207.37104846314977635
205.04590752812083565
202.69142328117692387
200.33251126604309889
197.97061142205478745
195.65981273052335609
193.38704417395817359
191.04157724013975894
188.6820102179511025
186.38284506320127321
184.07004142731545926
181.70450725611991061
179.41364511304564644
177.10459424167456177
174.73077569611325544
172.37059562024128923
169.99105168311419334
167.61804544084148461
165.26124949108969986
162.86257845273027556
160.46739306062909236
158.07589761778899629
155.67255148759869599
153.3381048190690592
150.9653453254268527
148.61565009251813763
146.21914446109866503
143.84825525834975224
141.47213779778175535
139.13380152111150778
136.77120714360219722
134.43340227079710303
132.07534218500896372
129.71478143132384275
127.37237450145198636
125.0388079341196601
122.64309249869671703
120.26614096676070176
117.86467264208874894
115.43471310347733549
113.01385465856310475
110.64029401177350564
108.29893246338215818
105.89842695019389396
103.50509568202835453
101.10088378058505043
98.693349878948907872
96.272570771929736111
93.837394260214381347
91.372848078223398716
88.928579559537126897
86.512916707208773914
84.148836879084342399
81.754844071532701832
79.379283939244757562
76.989354668240736146
74.54213138775061509
72.07844389609466873
69.637886587517371595
67.161653810874156534
64.681279127806476481
62.261126084830401339
59.793787381611338105
57.325644419558067
54.890344568391370217
52.529965441096045708
50.198748079702404823
47.761350524059082545
45.333321416385487623
42.972317785820109748
40.530417507384427722
38.117550109925616653
35.626406399737184927
33.176288943076023941
30.675862428459709008
28.195059003669420861
25.714400120959840734
23.255620907857259994
20.740636139531783755
18.222736398625404064
15.794922611115563171
13.33753523097320226
10.908876120904118068
8.46285255064223918
5.9940015509488580037
3.5558020834057737503
1.0741232344770494933
-1.4087807153512330594
-3.8849298245425742948
-6.3617466598560650226
-8.8074468791025033454
-11.303149385093963275
-13.826619903660978039
-16.278467017307860942
-18.76563778614552902
-21.323364330843780579
-23.80448824984857481
-26.324173200423544472
-28.829948250626692641
-31.380355329013124077
-33.846114759040013098
-36.336776397759045665
-38.849707418276821613
-41.403109464267032536
-43.887777804750093935
-46.425651435154591695
-48.873789355036599602
-51.328519567469484741
-53.827123942009833968
-56.265788993978723909
-58.696388989623926591
-61.174080382688153179
-63.605658070672049575
-66.074042184000347788
-68.491114220052338624
-70.943936899630003268
-73.410744876014121019
-75.876948435747053168
-78.329638413721340839
-80.760556938886608691
-83.175503822368838769
-85.658697716044315484
-88.14516971966095582
-90.702217037958362766
-93.173423072770020781
-95.635217792625084599
-98.144383255644541464
-100.65213727308609748
-103.12942848026561649
-105.61428069791686823
-108.07489029052496221
-110.46390468511893346
-112.97780588956804593
-115.47877885029052436
-117.95282305316754901
-120.41274370975638419
-122.97153013382549602
-125.44668240425654915
-127.95220292936224382
-130.37537357011098038
-132.81111877657539821
-135.30705288877146586
-137.8345864947739301
-140.34270381180385812
-142.86512056968044249
-145.42143230268871434
-147.97609462053009111
-150.50047636088402214
-153.01585174256121036
-155.53878225876007946
-157.9904566374643764
-160.47737048127322623
-162.99777898630165396
-165.53924821391598243
-168.08185248177295534
-170.58819332978450234
-173.06348187404719852
-175.61218498113848341
-178.14548602656992671
-180.64228440790654417
-183.1502965811569652
-185.7022882387761058
-188.2145288136401291
-190.77895049785914239
-193.32744563200728294
-195.92017591931042375
-198.48725225947291051
-201.0197163590685534
-203.5614136379321053
-206.10598030188904772
-208.5960967159427355
-211.21281050443045046
-213.75836088414996539
-216.34975936284777731
-218.88035020909202899
-221.42181888393909617
-223.94016420162864733
-226.46857971891600414
-229.00510923031131938
-231.56683170289380769
-234.15106588316533021
-236.73886116989163497
-239.33226467849547703
-241.93421011163633239
-244.47528516073961669
-247.05793620843772374
-249.63023925585986262
-252.19167912010246368
-254.77632094600389223
-257.33669078286828835
-259.89236780186723763
-262.47172622343015291
-265.08137526903925618
-267.65480416355802618
-270.24089117575289265
-272.87860999626724379
-275.48604644071872372
-278.1432274891567431
-280.80478007875262847
-283.49604193712860933
-286.08632713732743014
-288.74160760263896464
-291.31942152007093227
-293.90527960828706
-296.46658699506104995
-299.03657893351476105
-301.63874714055606319
-304.28459594272396771
-306.87947394711534344
-309.52472138375929944
-312.14468661530389682
-314.81238241721541726
-317.37729882592873309
-320.04390622694205604
-322.64883350704616305
-325.28129325820918893
-327.93029253143566848
-330.57221837864159397
-333.26994931882290985
-335.95548009070836315
-338.62430009749726878
-341.32025892034863546
-344.02987374834941647
-346.7195395479874378
-349.36532597960336943
-352.05980359251742584
-354.70331594192668945
-357.38640406273214012
-360.03907886433597696
-362.66553343703043311
-365.35925341821581469
-368.06369928168453498
-370.6579400101377928
-373.33690484435851431
-376.00093749152580358
-378.66269402623635187
-381.319113391056419
-383.96573594818920583
-386.67190370415403322
-389.3468669999962799
-391.99110940264586134
-394.60569717815957347
-397.21775681560086468
-399.80422923645414812
-402.44573844384359518
-405.05001401739161793
-407.70102804657079787
-410.44241358048111579
-413.10803546423238686
-415.76828427596990423
-418.45869449697329401
-421.11781982408308522
-423.77891018740308482
-426.48090762467393233
-429.1197506884702193
-431.74073587746249814
-434.40804750373860088
-437.08985076500198375
-439.78210606255453285
-442.41315786117189646
-445.11938987995506523
-447.81878967396380631
-450.45036977418567403
-453.11123810090811048
-455.7685089812929391
-458.43978037637702982
-461.10547989405773706
-463.77013069645175847
-466.43098896526009867
-469.07318275497999593
-471.77002407551276519
-474.39434169717429768
-477.04913070805838515
-479.72599671405049548
-482.50744208553072667
-485.20544355896316802
-487.90206898384292344
-490.57789751358018293
-493.33527260194586006
-496.07066556379191979
-498.76019879726976569
-501.4426452695804528
-504.13967225745710721
-506.88118834500096455
-509.55750728805401195
-512.19811923600195769
-514.90650015492485636
-517.66410217745033151
-520.45336473918519005
-523.14676383531218562
-525.89905416103295011
-528.62243251392737875
-531.43719740383858152
-534.23503000718562816
-536.91982925616241573
-539.58891821688644086
-542.29722653246381014
-544.97144477671463392
-547.67366071238666336
-550.41933603856170976
-553.13416418437373068
-555.89702689033583738
-558.66193853979416417
-561.41259347225525289
-564.18702218012413141
-566.91810457886458607
-569.68333977505903931
-572.37367746105769584
-575.1259081474119057
-577.8157098223613275
-580.57839179039194732
-583.38240444170367027
-586.15043986183729885
-588.95014706756967371
-591.76227040630647025
-594.57588617489682292
-597.37933176280319003
-600.17750502574358507
-602.9214275228941915
-605.68936130106521887
-608.49753431221188293
-611.2265966113501463
-614.00717197916037549
-616.75257015398790372
-619.57523862223172273
-622.34889369275651916
-625.14162648612636985
-627.96960188874220421
-630.74048383466731593
-633.51912022054420959
-636.32058287656013817
-639.12384172567249152
-641.93765271660799954
-644.6891163283574997
-647.401794976909855
-650.09981992492498648
-652.84663049877622143
-655.64794804326095345
-658.3932732764726552
-661.19148719453016838
-664.03655112525746063
-666.88216040196130052
-669.74172763440458311
-672.51117370318945632
-675.3072594738027874
-678.14378372777491677
-680.94756334806004361
-683.78395447387595141
-686.48098146175266265
-689.2822819452450176
-692.0800561483661113
-694.78734775784801059
-697.50339270759536703
-700.22918122845578637
-703.06054199061236432
-705.86858173261384763
-708.69003733849831406
-711.50856814014434804
-714.33583275306739324
-717.13924100491385616
-719.93160423084395916
-722.73463471396257773
-725.64444578350514803
-728.47797993171320741
-731.37278501372509254
-734.22154009107862294
-737.02379929746598464
-739.90645851215890616
-742.76027902173427719
-745.57093905617921337
-748.35063456510886226
-751.15627567162277956
-753.97285613228132206
-756.80816621439089431
-759.64305303844946593
-762.43497071825242983
-765.30341524875404957
-768.17733912834785315
-771.01730911085019216
-773.92118054901652613
-776.78809607351104205
-779.67115974190835459
-782.52161942597274447
-785.35575477582767689
-788.23984180174511494
-791.13220100135936264
-794.0443300289199442
-797.0308447794939184
-799.97790010156393237
-802.85201927910895847
-805.76412808323766512
-808.69927796381330154
-811.60851609539861329
-814.55928888651328634
-817.4849248636073753
-820.35249831292060207
-823.25881899888543103
-826.13923355283452565
-829.07115911537755437
-832.01281193067984532
-834.93977465503905933
-837.83127718647301663
-840.79915527895479954
-843.72009595481938504
-846.73869697932320832
-849.70860565996713376
-852.65120290102879608
-855.59477817674996913
-858.48427984344391461
-861.37858987829952184
-864.28479185959724873
-867.25179873146203136
-870.18291339810991758
-873.1084369302838013
-876.06348968929876264
-879.03196949120126646
-882.03821683117178054
-884.99399952856651907
-887.93877835119587871
-890.9182211457982703
-893.87918801593741591
-896.85854497057403023
-899.86190052614472279
-902.86917403638653923
-905.79658464171768628
-908.75654363834576088
-911.68965164594260386
-914.63984305455312551
-917.63652524638007435
-920.6464957475045594
-923.59399174935606425
-926.56816012965737173
-929.53549250144430971
-932.49834805091143153
-935.4552409923127243
-938.4498503364775388
-941.41309397943575732
-944.43868178484922282
-947.44169053143548354
-950.43598596241463383
-953.43040545189057866
-956.42880238553948402
-959.39314145666310196
-962.35165061045677248
-965.45546210399402298
-968.42281261909590739
-971.4465989235611687
-974.44487734744041063
-977.44059898942612108
-980.42493181175177597
-983.46658290570235295
-986.45871621178878286
-989.51819515656256954
-992.60659665261141527
-995.67992967409554694
-998.70714315523673577
-1001.8438376492690622
-1004.902027387310568
-1007.8940408256265755
-1010.9117998831560499
-1013.9055267552496389
-1017.0050741649308748
-1020.0616938654853811
-1023.0618440116415968
-1026.0556084124407334
-1029.1249710498971126
-1032.2787345494518831
-1035.3854959327941287
-1038.4616478655354967
-1041.5514556400962647
-1044.6682449594381978
-1047.7052764906534321
-1050.7810338409492488
-1053.9937560561120335
-1057.0895000463963243
-1060.1906627632331492
-1063.3222166242530875
-1066.4386472345561288
-1069.5536218712072696
-1072.6525242548652841
-1075.7352325859612847
-1078.8399423884306998
-1082.037783774598438
-1085.0998993617831729
-1088.2087908558908111
-1091.283634587345432
-1094.4147232562611407
-1097.4585434467646792
-1100.5466625319938885
-1103.6408102630805388
-1106.7449473397578004
-1109.8340260999075326
-1112.9287059651446725
-1115.9714203122232448
-1119.1137353119352156
-1122.2543704408947178
-1125.3398276314828763
-1128.4450718776051872
-1131.4919446652904753
-1134.568836935347008
-1137.6749416593311253
-1140.7457610825265419
-1143.8973294887455268
-1147.0054967718758689
-1150.0915969704756208
-1153.1888054050971277
-1156.3581346700750601
-1159.5826249564172485
-1162.7205369684952529
-1165.8575351511547069
-1169.0010704269720918
-1172.1409979880268111
-1175.2880336183968666
-1178.4344933383604257
-1181.6242017217043667
-1184.8312975658113828
-1188.0560217927093163
-1191.2578502737101189
-1194.386182427398353
-1197.5372583539251536
-1200.7612556820006375
-1203.9728792633688954
-1207.0692396178999388
-1210.2157078953778182
-1213.3252336014936645
-1216.5473034780598027
-1219.770028459117384
-1222.9271977278829127
-1226.0889896636826961
-1229.264667662175043
-1232.4530418099509461
-1235.5623695105630304
-1238.6563929674935025
-1241.8356264310393726
-1244.9882834102102152
-1248.1817291243257841
-1251.4406363636483093
-1254.6148453687374058
-1257.8370123596985195
-1261.0153266379140859
-1264.2265902297801858
-1267.4258393872296438
-1270.6851400697473764
-1273.818612444902783
-1276.9584046235193
-1280.2252129461364802
-1283.4138682985437754
-1286.6549466611381831
-1289.9543311793618159
-1293.2292682721824804
-1296.4199720503215758
-1299.586688813954197
-1302.8740420096817161
-1306.1290306470866653
-1309.3139978541150867
-1312.5271862821398372
-1315.8230960120604323
-1319.0357133785987571
-1322.1994243335873307
-1325.467693176846069
-1328.782185190976179
-1332.0030564093428893
-1335.3139901930790074
-1338.6004883411856099
-1341.8979212175038356
-1345.2017059396966943
-1348.420905134288887
-1351.6234743160387097
-1354.8587279726114048
-1358.1519097536331628
-1361.4729295278896188
-1364.7889252895733989
-1368.0129939574701439
-1371.2633788406815256
-1374.5463506108890215
-1377.8473873281336637
-1381.0219053230289319
-1384.2724089361620372
-1387.5396277468355493
-1390.7872850589405971
-1394.106974070858314
-1397.4749395753965473
-1400.805541170838751
-1404.0610897513065538
-1407.4541386232733657
-1410.7453011971347223
-1414.0097378817024492
-1417.369298048831979
-1420.6667660119517222
-1424.0232803782103019
-1427.3138816025832512
-1430.5717495478002093
-1433.9782261552154523
-1437.3568356790128746
-1440.6365437554982236
-1443.9000058105325479
-1447.2402729681311939
-1450.5052507484274429
-1453.8570288372425239
-1457.1890131235224999
-1460.4793031985632297
-1463.7989306066028803
-1467.114317606529994
-1470.3664290051910939
-1473.6738614348046212
-1476.971549999074341
-1480.2929908668181724
-1483.5546707206779047
-1486.9188957731960272
-1490.1814285674574876
-1493.5238316325896903
-1496.87979924395745
-1500.2156775589396602
-1503.4901022020355867
-1506.8035935210255047
-1510.1167778570315932
-1513.4472402064873222
-1516.7822718548659395
-1520.0854182839188979
-1523.4289146090579834
-1526.7941541674767905
-1530.1518270095434673
-1533.4621241839690811
-1536.7845550889417154
-1540.1274673118523424
-1543.4226242721804283
-1546.8283039842513062
-1550.1904611061931973
-1553.4798983011357905
-1556.8119472491869146
-1560.1350253930077088
-1563.5001241715472133
-1566.8369730156846344
-1570.1644633155970041
-1573.5363347705158503
-1576.9611103985955651
-1580.3213643500323542
-1583.6936337551469478
-1587.0126797665266167
-1590.3938008698032718
-1593.7597659011141786
-1597.1825168584307448
-1600.5349774933001754
-1603.8559904840342369
-1607.2770194309887302
-1610.6550781261332759
-1614.0795004512003743
-1617.507125121459012
-1620.959188309868523
-1624.3744402754034581
-1627.7892734519111855
-1631.1879955328611231
-1634.5707971837136938
-1637.9598426946913605
-1641.389760949372203
-1644.851849112078753
-1648.343178115362889
-1651.7640791537207861
-1655.2588639837792925
-1658.7494563875141012
-1662.2092418595332219
-1665.5988373146503818
-1669.1126454166019357
-1672.5927775296843265
-1676.1142291977134846
-1679.6058880702232727
-1683.04102557562328
-1686.4636172335415267
-1689.9497235125284078
-1693.393283557209088
-1696.8710978196083943
-1700.34326192837284
-1703.9094073719691096
-1707.4185405219063796
-1710.9367230606010253
-1714.4996749012775581
-1718.0450590797534005
-1721.5301821031328018
-1725.071279342840171
-1728.6211795459589666
-1732.0378196385152023
-1735.53873235678725
-1739.0572566314413052
-1742.5507858074979595
-1746.044556291193885
-1749.5497111654071887
-1753.0451225870372127
-1756.5696548159519352
-1760.0862438181711696
-1763.5728577485290316
-1767.1559843560180525
-1770.7219224915147606
-1774.1449060005525098
-1777.5465618970515607
-1781.0611388559009356
-1784.5502430890874166
-1788.0474656347601012
-1791.5998247822599296
-1795.093773395153903
-1798.6335494786192157
-1802.1440264061666312
-1805.6357999595011279
-1809.1680558585978815
-1812.6230324555876905
-1816.1322303695267237
-1819.6858856897024452
-1823.1855676436434806
-1826.7841772645454057
-1830.3564271368375103
-1833.9266724455044368
-1837.5000409014398883
-1841.0887533189597889
-1844.7028603378601019
-1848.2042545904382678
-1851.761911521295815
-1855.3223588917499001
-1858.9296146374897489
-1862.5448311909647146
-1866.1960695456791655
-1869.838037260077499
-1873.4229919489596341
-1877.0950539119050973
-1880.7962021935559278
-1884.5329302380428089
-1888.1764205483736987
-1891.885678562179919
-1895.540140055618167
-1899.1131738254471202
-1902.7831381998128109
-1906.4298114309544872
-1910.136555956582697
-1913.7777631720259706
-1917.4425466182460696
-1921.055984600439615
-1924.7301026833215474
-1928.3197974059567059
-1931.9427825318662144
-1935.610352572052534
-1939.2636235236088851
-1942.8927488586919026
-1946.5861078480231754
-1950.3078867936237657
-1954.0089068631873488
-1957.7637911900683321
-1961.5089762284801509
-1965.1006837708418971
-1968.7808573871745921
-1972.467328221174057
-1976.1595258035915776
-1979.8959863526583831
-1983.5918220067044331
-1987.2867614930478339
-1991.0890635032296814
-1994.8258425537940184
-1998.5603145465754551
-2002.2744137070574197
-2005.9264712147657974
-2009.7522378702574315
-2013.4960674909834779
-2017.1917754296910061
-2020.9314963728234034
-2024.6152688928357293
-2028.3784486890137941
-2032.1456703015778658
-2035.903991336587751
-2039.5658277288928275
-2043.2859270889025538
-2047.0397143648212932
-2050.7845950832906965
-2054.5078999332063177
-2058.332220289329598
-2062.0810261198548687
-2065.8038438792805209
-2069.4815164689480298
-2073.3018692783271035
-2077.1209158272972672
-2080.8579597993684729
-2084.5505264615999295
-2088.4019652459624012
-2092.2203387044896772
-2095.948916592785281
-2099.7017405187543773
-2103.5143791321729623
-2107.1944539729729513
-2110.9572591506507706
-2114.7722232174724013
-2118.5530523302163601
-2122.2820379592067184
-2126.1039719218165374
-2129.9451135457993587
-2133.7616757324626633
-2137.5596274571789763
-2141.3601767721506803
-2145.1233310736793101
-2148.9251813427331399
-2152.7698611748091935
-2156.5905431016135481
-2160.3864130072342959
-2164.2112766331774765
-2168.0550686179212789
-2171.9115448965353607
-2175.7773349531348686
-2179.6916224733581657
-2183.5667985680233869
-2187.4038076082983935
-2191.3081887162375097
-2195.1145202479847285
-2198.8917260036696462
-2202.6799554088206605
-2206.5291500277262458
-2210.3962500012703458
-2214.3665625127810017
-2218.1636221167323129
-2222.0840888749485202
-2226.0340220727744054
-2229.9284701564060924
-2233.9714806947758916
-2237.8699090649752179
-2241.768106989417447
-2245.6810892698395037
-2249.7075181485847679
-2253.5610596929464009
-2257.490090028128634
-2261.3719208701627394
-2265.2699457941857872
-2269.2483338364559131
-2273.2540818283982844
-2277.149396994320341
-2281.0417348693545136
-2284.8709399148351622
-2288.7958274149254976
-2292.6862981993940593
-2296.6889647059792878
-2300.6423014943652561
-2304.6495108457002061
-2308.6304484263423547
-2312.550147655352248
-2316.6120108777176938
-2320.6984847861967864
-2324.6723860922747917
-2328.7132725326996479
-2332.7565093235548375
-2336.8529543375284447
-2340.9471002183668134
-2344.9623922471087099
-2349.0191530789429635
-2353.0265679506510423
-2356.9850053287545961
-2361.0068353952815414
-2365.0467915837521105
-2369.0926655046532687
-2373.1120220184425307
-2377.1911835504915871
-2381.3509971950020372
-2385.4088137474191171
-2389.3519912523292987
-2393.2932314882777973
-2397.4377570781493887
-2401.4097489446294276
-2405.513724740809721
-2409.4778521401667604
-2413.5081701090380193
-2417.5300464462702621
-2421.5069944960641806
-2425.4072036802726871
-2429.4524195137532843
-2433.564214757128866
-2437.6439615801946275
-2441.8090860719526063
-2446.0461115664325007
-2450.0818509185983203
-2454.2077740523177454
-2458.271694535268125
-2462.2876533910243779
-2466.2810143660713038
-2470.3867226869438127
-2474.554831020149777
-2478.7049147992856888
-2482.7947477750881262
-2486.8721717137632368
-2491.0033098109133789
-2495.1296425597556663
-2499.2299519174830493
-2503.3848725527259376
-2507.4801983232359817
-2511.5993816067361877
-2515.8983829819321727
-2520.022137786366784
-2524.130400435579304
-2528.2864081282787083
-2532.4497681912857843
-2536.6775375970519235
-2540.8460229992538189
-2544.991491240540654
-2549.0815809994696792
-2553.1564989985645298
-2557.4787272098810718
-2561.7138001718212763
-2566.0361167020873836
-2570.2100609994190563
-2574.4697895811582384
-2578.778013635627758
-2583.0309948124122457
-2587.1496299856748919
-2591.3734889131524142
-2595.5537156156997298
-2599.8434292751412613
-2604.1677213693246813
-2608.3676027802048338
-2612.6232746347368447
-2616.8322134084151003
-2621.1133055965301537
-2625.34775171736419
-2629.6014865311117319
-2633.8518805079088452
-2638.0616773493557048
-2642.251146450689248
-2646.430072002106499
-2650.6250446933063358
-2654.86405231405206
-2659.1494035081086622
-2663.4423739508697508
-2667.683195410926146
-2671.9304689950236025
-2676.3042309372167438
-2680.7208773213442328
-2685.1040330861383154
-2689.3201905641344638
-2693.6836204297433142
-2697.9772823764428722
-2702.3439393178396131
-2706.8156742347541694
-2711.1043149688607627
-2715.3586976080314344
-2719.6211919710658549
-2723.9751300977036408
-2728.3142459896175751
-2732.6322789483615452
-2736.9659332696537604
-2741.3602088141010427
-2745.7857801394925445
-2750.2999459309571648
-2754.7708796970414369
-2759.1376380515685014
-2763.670037784433589
-2768.0036029802686244
-2772.467438629735625
-2776.9595814234553472
-2781.3896469676064953
-2785.820893227482884
-2790.2143878908609622
-2794.7157327333770809
-2799.3022721961274328
-2803.7839280517350744
-2808.2760614806038575
-2812.6142706738310153
-2816.9863540850274148
-2821.4637394090500493
-2825.7989426273211393
-2830.2725289713771417
-2834.724551144988709
-2839.2126114473639973
-2843.6272472846694654
-2848.1017198409044795
-2852.6208312279868551
-2857.0314087267734067
-2861.726089444243371
-2866.4270522813412754
-2871.1932490901535857
-2875.6683748196696797
-2880.1734268789928137
-2884.5972740338843323
-2889.1504818420494303
-2893.7047272494028221
-2898.3364724503894649
-2902.7992289374001302
-2907.2830306077448768
-2911.8727079530867741
-2916.2981105029980426
-2920.7327176856301776
-2925.2781067095033904
-2929.856609201674928
-2934.2619643916323184
-2938.7231550113660887
-2943.1780341619041792
-2947.6881028595830685
-2952.3930013068734297
-2957.0163214591539145
-2961.693880626552982
-2966.167379526537843
-2970.7402333905743035
-2975.3281485600009546
-2979.9756213756127181
-2984.6162598427936246
-2989.1283312691716674
-2993.8614392918011617
-2998.5564247904449076
-3003.2520764624146068
-3007.9017082699410821
-3012.5651752335679703
-3017.0797720451300847
-3021.7010122086057891
-3026.2983312715759894
-3030.9370086825438193
-3035.492057249649406
-3040.1504862494261943
-3044.8001153725899712
-3049.4701106107140731
-3054.1605129901927285
-3059.0819620199840756
-3063.9439291622343262
-3068.852998054611362
-3073.5889357322403157
-3078.2829526152913786
-3082.8986871489269106
-3087.6608836052328115
-3092.4066214665513144
-3097.0334031231814151
-3101.6492666814738186
-3106.4631523491839289
-3111.1472819082637216
-3115.8449787608660699
-3120.4787109167245944
-3124.9871518129998549
-3129.7860127889498472
-3134.469419318389555
-3139.2324225039633347
-3144.0204588925876124
-3148.7133951212285865
-3153.3706960886520392
-3158.0375430611597949
-3162.7617624030303887
-3167.6956734994491853
-3172.3327854916260549
-3177.1576596123586569
-3182.0065211214036935
-3186.8909524646687714
-3191.6798989031090059
-3196.5127241871923616
-3201.5808040773795256
-3206.8021704746829528
-3211.783822889340172
-3216.5905598919857766
-3221.603581415269673
-3226.7313537624413584
-3231.6869744323425948
-3236.6236462003348606
-3241.7156992715522392
-3246.5848389679686079
-3251.6847707246693062
-3256.6795357418013737
-3261.6815249505652901
-3266.5436521590759185
-3271.3781932195365698
-3276.3236978590934996
-3281.1311442164051186
-3286.4058316408227256
-3291.6587775736825279
-3296.6218093797278925
-3301.6412472803676792
-3306.4302832847092759
-3311.9396716213373111
-3317.1779861965019336
-3321.8143153450891987
-3326.889733430160959
-3331.46544968645685
-3336.5647803742258475
-3341.6130474401702486
-3346.7000359734170161
-3351.5163097788149571
-3356.5038906526347091
-3361.4855571831481029
-3366.5943801211328719
-3371.5172336280729724
-3376.6303954940262884
-3381.6460378397350723
-3386.8247580260613177
-3391.9275285546659688
-3397.0328435268115754
-3402.083149993742154
-3407.2684754603697002
-3412.308282760696784
-3417.7251535789641821
-3422.6597726768973189
-3427.7038772479068029
-3432.89080809203233
-3438.5090827609633379
-3443.7348953999130572
-3448.8584333579237864
-3453.9309324808241399
-3458.9428051043505548
-3464.185746149402803
-3469.3783676950424706
-3474.5233792628459923
-3479.8144968601018263
-3484.6361543472999074
-3489.700805092560131
-3494.4779212246762654
-3499.702352816605071
-3505.414896796929952
-3510.7163000565492439
-3516.4146511412081963
-3521.4255712950130146
-3526.6650852969150947
-3531.9632139664158785
-3537.1801843127227585
-3542.1507892092345173
-3547.4903592467790077
-3552.4797992776448154
-3557.6489044816780734
-3563.0648317087152464
-3568.2493837411143431
-3573.5280752504559132
-3578.9312774950885796
-3584.1837089665577878
-3589.5650272981806665
-3594.8860536038218925
-3600.3766803610642455
-3605.9559692504940358
-3611.4137701344752713
-3616.7278703401557323
-3622.2193001904306584
-3627.7648748017918479
-3633.3822781106377988
-3638.7972720557627326
-3644.4368763047273205
-3650.0180577398350579
-3655.8604420639289856
-3661.0999740253550954
-3666.5132927845975246
-3672.3483023323051384
-3677.8787165138692217
-3683.1477634981170013
-3688.9559059880975838
-3694.6341085953554284
-3700.3335746515617757
-3705.887856863034358
-3711.4922696471599011
-3718.4929079202888715
-3723.8314328068922805
-3729.7231060965154938
-3735.1123705374066049
-3740.8274226043208728
-3746.0054988890155983
-3751.5876236436115505
-3757.3021272571199916
-3762.8897615378991759
-3768.6928011949466963
-3774.3314475200122615
-3780.2668967904996862
-3785.6920041272610433
-3791.3774534445828976
-3797.0663478623009723
-3803.0667094943173652
-3809.0778423594069864
-3814.7955094762264707
-3820.4605064118445625
-3825.9704502819972731
-3831.6965080621293964
-3837.3404825213460754
-3843.2085133319919805
-3849.0233042769659733
-3854.885270105604377
-3860.5786979508220611
-3866.2599365443766146
-3872.0308689234575468
-3877.8870147673669635
-3883.6050572233912135
-3889.7740139763941443
-3895.5159583067629683
-3901.0728565660688218
-3907.0201930297171202
-3912.662499099742945
-3918.3164765069004716
-3924.2987783250032408
-3929.7706928606316978
-3935.3801646558167704
-3941.4713004886380077
-3947.4870510616260617
-3953.5333259070825989
-3959.2907294731780894
-3965.2817772667895042
-3970.9894913962912142
-3976.7702349120836516
-3982.9789190657938889
-3988.9500474130486509
-3995.0496753009842905
-4001.2463739788627208
-4007.1166992850826318
-4013.1291517150480104
-4019.0232255613591406
-4025.0887607833610673
-4031.0149754452609159
-4037.078840843195394
-4043.1889214122634257
-4049.0940970768251645
-4054.9125540233344509
-4060.7995917387265763
-4067.537744233322428
-4074.1360454169425793
-4080.181383072650533
-4086.2127237125091597
-4092.375656864776829
-4098.2529564488513643
-4104.2598501327747726
-4110.3645693687658422
-4116.5473771546385251
-4122.7640476410051633
-4128.8633571150639909
-4135.0733801324131491
-4141.1326702032556568
-4147.3499203111405222
-4153.9492464445256701
-4160.2359426193424952
-4166.6972069705770991
-4173.3442690019583097
-4179.4752611500052808
-4185.7083787048222803
-4192.0285157257740138
-4198.7869148238569323
-4205.2419375193667292
-4211.8697693288249866
-4218.5018442992677592
-4224.918260276226647
-4231.1423134253136595
-4237.4092348859121557
-4243.5906127136513533
-4249.6856212626898923
-4254.9988272417313055
-4261.4959969427964097
-4267.9180055160786651
-4274.5122084938238913
-4280.9785662378308189
-4287.6093975670573855
-4294.2807318835493788
-4301.4496969146521224
-4308.5033512350673846
-4314.7019315724128319
-4321.8808583717200236
-4329.0052655887802757
-4335.6970506008892698
-4342.364518172267708
-4349.0658695380989229
-4355.6057817503906335
-4362.182918699536458
-4370.6196968917647609
-4377.5353806570692541
-4384.101884296256685
-4390.8453936651721961
-4397.3466028948969324
-4404.4219044450910587
-4411.2798190082676228
-4417.395833765426687
-4424.224116027371565
-4424.224116027371565
