27   4   37
61   61   0
35   48   52
44   20   39
19   16   23
26   24   16
21   61   55
32   12   28
46   26   47
40   19   3
8   8   4
5   50   4
47   3   52
31   19   5
25   22   16
39   52   2
24   49   18
60   20   28
37   10   28
44   42   55
27   62   31
26   16   50
61   20   20
53   55   60
5   44   62
32   35   39
0   16   19
32   21   30
34   61   43
38   49   10
36   4   53
8   38   47
16   4   14
50   15   60
12   20   56
25   3   1
22   26   2
57   1   18
31   13   32
32   63   31
39   51   0
29   4   18
41   60   41
27   41   24
47   0   44
24   6   17
39   5   59
26   31   24
57   53   11
62   57   46
11   15   59
2   35   8
14   15   53
36   9   32
21   58   40
13   6   18
13   24   55
53   28   23
27   34   29
60   6   15
43   48   60
32   49   42
58   29   43
39   49   59
58   51   20
13   41   55
51   28   41
45   36   8
1   24   16
0   39   1
13   41   40
43   27   9
33   59   45
32   23   60
33   11   51
32   3   31
0   43   0
8   3   37
6   60   4
38   4   54
23   28   12
7   62   30
48   43   19
42   26   46
16   11   29
30   31   19
39   50   39
17   8   1
39   36   20
26   38   11
32   21   63
28   35   57
17   11   2
12   38   41
50   46   42
57   13   41
16   23   26
11   54   11
58   26   11
45   51   41
12   53   12
48   62   54
23   14   45
57   60   60
12   24   52
62   21   49
61   10   35
23   33   15
41   57   53
29   23   61
60   17   16
7   45   47
14   6   15
50   6   24
24   35   34
29   31   36
52   38   26
29   0   19
3   18   5
36   3   52
22   16   56
56   12   53
41   10   50
39   53   57
19   36   6
11   7   7
0   19   28
38   46   51
61   3   35
47   15   54
46   24   52
12   52   12
24   52   61
60   4   19
7   53   12
47   37   49
4   42   38
37   12   25
60   26   31
31   31   23
60   8   5
55   13   1
36   53   20
37   62   20
22   19   22
27   47   51
51   17   50
49   18   50
25   21   25
24   21   17
61   62   13
22   25   11
61   7   2
19   38   11
39   63   53
5   47   11
61   21   27
30   16   54
32   20   62
27   50   7
56   44   44
33   57   49
45   5   31
60   7   1
26   23   14
39   8   61
21   9   34
7   63   26
55   24   20
24   9   24
38   19   8
54   35   53
32   56   11
48   63   49
32   19   6
56   37   2
22   38   8
19   5   22
39   10   62
41   27   31
22   7   9
19   40   15
42   59   44
28   20   30
16   5   27
16   32   24
1   15   0
13   39   42
56   11   38
38   54   54
39   43   63
47   59   53
22   22   1
49   52   9
12   16   15
50   11   36
53   20   24
21   30   21
36   0   42
46   27   7
35   58   40
53   29   23
29   19   48
29   29   18
37   4   48
12   36   8
62   17   56
56   3   43
5   53   39
1   2   38
12   32   15
46   6   21
8   34   45
30   55   41
28   49   48
2   37   8
27   58   38
57   9   45
24   51   3
37   4   58
26   43   16
22   21   63
33   59   55
48   60   9
30   58   47
23   22   4
24   43   4
16   34   23
45   46   56
29   14   47
4   30   43
21   22   18
1   56   19
21   28   10
61   33   6
61   26   54
61   21   45
27   9   31
5   60   36
7   50   37
7   53   32
5   59   39
23   52   52
56   47   6
37   11   60
22   52   59
16   25   2
26   33   50
21   25   34
29   7   20
16   21   50
3   41   53
12   26   52
39   56   56
7   60   28
47   40   35
39   18   62
17   4   10
43   58   20
42   1   23
46   2   44
48   31   11
17   10   3
41   11   42
52   53   29
40   53   19
56   17   39
22   28   0
47   46   24
56   61   13
60   10   2
52   29   40
57   12   47
3   53   33
48   40   2
10   35   4
37   63   20
35   37   23
56   19   54
25   39   8
10   50   38
42   60   36
56   9   33
47   62   44
10   41   20
14   55   31
37   28   53
56   19   0
32   37   38
57   0   15
55   58   62
16   34   2
32   57   48
24   0   19
53   14   34
24   47   52
24   4   16
53   30   19
55   32   15
1   55   57
16   36   1
8   4   38
60   6   5
19   8   20
5   58   33
57   7   16
10   31   6
10   42   43
25   59   36
48   62   39
10   30   6
30   62   53
27   39   20
56   40   4
19   27   4
47   17   22
24   46   49
47   33   1
12   19   58
6   38   44
38   45   51
17   29   0
5   51   34
29   4   41
22   7   34
33   16   42
19   0   45
25   29   7
32   19   31
56   40   56
42   56   36
58   60   13
23   60   36
32   60   29
13   27   61
0   46   1
48   41   16
60   3   29
38   22   5
32   34   12
19   32   4
37   7   62
5   63   36
28   39   21
22   22   53
19   48   14
57   51   11
7   46   37
14   51   28
10   52   33
28   6   12
52   18   39
42   0   41
29   62   60
27   37   20
44   48   4
45   42   55
61   26   27
35   0   32
35   57   50
21   37   46
4   50   48
44   17   41
47   57   42
31   21   5
35   6   38
17   19   25
56   31   56
21   23   18
24   29   21
11   63   17
21   11   29
30   1   42
57   59   13
48   45   38
47   14   23
18   62   51
16   9   31
8   33   41
45   24   41
5   46   5
47   13   23
47   60   43
59   40   7
44   46   4
41   23   32
26   34   29
34   27   28
20   11   56
49   11   10
7   4   28
25   0   15
16   28   63
32   14   26
22   31   18
48   59   7
25   5   21
10   45   42
10   60   61
12   34   5
8   32   44
44   26   51
47   1   49
22   14   55
25   18   23
35   13   30
47   58   54
20   45   5
47   51   31
61   19   25
62   30   48
10   47   35
58   3   35
50   60   59
39   46   2
54   30   21
35   11   36
6   33   15
30   21   23
55   53   62
18   58   38
44   26   28
14   45   29
6   31   11
22   18   6
23   4   48
47   56   43
45   26   45
12   26   15
34   41   52
4   56   23
23   19   22
22   11   51
21   34   33
5   50   14
12   35   39
37   58   31
53   39   45
39   50   4
35   62   38
14   44   27
28   10   0
23   37   50
1   8   2
32   24   5
6   43   20
10   26   51
59   38   4
7   9   10
8   53   12
60   12   61
29   5   18
35   61   48
45   49   60
62   12   57
48   61   38
7   34   57
24   4   29
24   20   45
33   42   54
58   2   1
26   15   51
48   0   63
33   19   10
29   11   39
3   61   27
5   61   38
7   51   34
23   9   53
18   47   30
5   15   0
55   9   49
4   45   24
34   56   19
5   32   19
40   60   24
3   16   57
10   9   3
2   40   30
35   10   25
54   44   62
36   2   51
4   61   27
39   47   32
33   24   12
59   26   12
42   50   0
32   18   1
22   5   31
59   53   26
28   32   59
22   40   50
10   7   3
24   32   24
43   25   31
56   25   35
21   18   21
11   5   6
21   5   36
28   60   56
7   37   44
39   11   60
9   9   63
49   45   34
54   28   23
35   4   46
34   43   5
8   7   4
25   30   6
3   45   33
3   61   40
60   41   31
13   5   61
32   5   33
22   41   11
58   63   3
49   56   53
22   18   58
3   9   3
60   7   12
21   14   20
24   47   5
27   42   48
22   20   13
13   19   19
24   40   51
47   27   62
56   46   0
62   16   57
6   59   5
7   13   8
59   22   0
56   14   38
38   43   5
32   58   49
17   16   6
54   29   23
37   5   0
28   42   23
43   21   14
7   1   28
42   49   62
47   28   15
32   11   32
1   60   15
47   24   59
25   57   39
21   16   25
48   61   61
32   17   10
10   2   4
28   37   52
10   41   42
47   31   12
58   9   1
58   18   30
24   35   22
19   41   13
36   41   0
45   46   29
58   24   18
3   11   63
22   32   10
19   34   40
25   28   12
58   24   49
23   21   19
38   49   57
29   36   32
33   25   12
56   12   43
33   20   33
44   44   52
39   13   0
32   16   6
20   34   29
48   33   9
27   29   5
11   16   61
24   19   21
46   28   51
36   49   4
63   14   42
35   43   1
27   19   1
27   60   41
60   46   63
47   40   3
37   61   14
3   12   40
62   9   55
3   55   32
23   13   41
42   6   48
24   30   27
24   11   20
50   59   56
51   35   52
16   16   27
12   41   60
22   23   13
63   28   33
5   30   18
41   14   49
7   51   14
44   59   19
2   4   2
5   43   16
41   62   41
63   52   61
33   41   61
12   39   60
12   31   8
24   41   47
26   40   15
25   32   16
19   22   19
45   50   61
24   3   11
7   16   48
27   0   22
10   34   62
7   2   54
57   7   45
41   30   8
4   15   19
16   9   19
47   26   56
50   47   31
56   36   57
37   29   54
5   34   22
56   2   32
31   35   35
29   0   57
60   29   32
9   60   3
63   44   58
31   27   42
22   13   51
25   37   11
22   29   1
20   58   37
9   13   60
47   2   13
57   28   15
4   37   42
22   24   10
29   33   20
37   56   20
39   7   9
17   57   37
41   5   47
13   4   18
20   47   39
7   3   30
7   31   42
16   33   63
24   24   18
56   13   43
25   26   15
28   57   50
0   40   57
14   60   55
49   43   56
34   18   29
7   34   41
43   53   27
52   15   8
24   2   26
4   41   45
10   48   38
27   2   33
58   0   9
42   63   52
41   53   27
41   10   37
58   1   8
42   12   41
44   10   44
55   54   62
32   18   11
50   23   42
55   56   62
20   41   12
28   3   15
3   8   2
20   0   25
22   16   7
39   54   56
4   44   46
19   35   40
40   54   58
57   60   22
34   23   31
45   52   62
8   10   5
41   17   51
28   42   35
35   11   25
55   31   13
30   35   44
46   49   20
37   63   8
42   5   41
11   10   3
58   29   14
37   49   32
0   17   25
27   61   20
16   24   63
32   62   37
9   8   7
3   58   29
47   4   19
23   47   37
22   19   59
34   50   8
56   23   42
62   26   53
7   42   42
44   19   42
24   7   9
11   17   59
58   57   46
2   31   14
17   33   63
20   20   34
45   8   58
25   34   4
1   60   30
21   59   57
57   52   8
49   46   4
32   16   18
40   25   3
32   60   40
21   27   33
20   14   62
21   19   23
4   50   36
32   27   62
58   62   5
56   7   46
12   17   17
34   53   35
5   47   39
19   55   23
60   63   19
37   9   59
14   19   30
6   7   15
22   27   7
60   0   16
22   50   32
49   42   36
42   25   58
41   0   41
32   56   21
29   27   43
31   33   29
47   9   55
58   32   9
24   36   29
6   3   30
43   26   27
35   54   50
20   4   28
10   33   3
6   51   14
11   60   2
1   16   0
19   14   18
3   56   22
20   3   11
41   31   11
18   51   30
14   51   55
61   43   28
25   10   22
4   24   58
17   12   6
51   18   51
35   63   29
22   44   1
2   62   44
48   35   13
27   42   9
37   3   54
28   52   54
32   58   13
21   35   35
19   62   44
26   35   30
22   33   3
48   60   62
61   5   55
26   36   7
5   50   38
28   15   31
60   5   18
41   32   10
19   55   6
22   42   62
58   25   8
40   61   20
34   21   32
51   29   43
39   14   3
25   23   11
10   44   41
0   40   43
38   42   58
50   56   59
48   24   23
11   27   57
56   51   38
18   3   8
63   5   15
58   15   27
22   10   46
20   29   41
40   23   23
25   6   26
36   16   28
36   13   29
47   54   57
4   41   55
25   36   6
39   10   14
38   32   0
24   31   25
0   37   42
37   4   33
38   27   25
38   43   52
56   21   11
46   24   0
58   63   15
11   26   52
5   46   39
27   46   10
30   56   14
21   40   39
49   59   56
23   22   14
23   44   4
30   4   42
39   9   0
39   53   6
57   58   12
32   20   33
10   40   22
37   5   51
28   46   49
28   33   57
54   34   53
47   25   61
19   11   17
34   58   51
35   51   46
44   49   21
29   35   29
58   53   13
58   14   24
12   22   22
42   32   60
13   45   48
19   14   28
43   46   58
31   9   38
29   40   41
29   9   33
60   5   30
16   8   16
32   52   41
61   23   54
5   52   32
16   54   23
1   60   2
23   37   39
41   25   3
29   13   44
47   2   53
25   27   6
12   13   61
57   62   9
2   41   28
45   7   59
47   14   55
30   44   6
61   60   14
58   20   19
26   31   61
36   33   0
16   20   59
11   11   0
56   15   46
46   35   25
0   44   63
12   21   14
0   11   35
34   48   13
56   22   49
47   4   46
48   1   48
2   39   30
40   59   25
37   2   19
27   5   38
41   19   47
17   31   4
59   39   8
58   29   61
49   62   54
16   18   31
46   24   39
32   10   4
29   10   22
43   25   48
51   30   21
19   29   38
48   36   5
9   42   58
16   18   55
42   29   55
33   52   42
61   0   13
57   24   19
7   55   35
34   13   31
44   46   51
7   24   39
39   55   60
0   18   4
44   47   52
21   20   42
28   59   55
25   47   3
34   8   57
55   12   47
43   25   3
19   6   3
19   4   1
44   16   44
57   19   60
60   21   19
28   34   22
62   27   48
51   30   31
0   22   17
23   40   15
23   45   2
52   14   40
35   5   28
23   59   40
4   38   52
20   16   3
0   55   2
56   0   13
10   36   5
25   6   1
63   45   52
58   26   21
5   44   28
55   28   21
45   11   59
47   29   58
2   12   44
43   23   53
21   27   1
39   6   9
56   60   15
24   33   29
0   51   15
38   57   54
19   0   21
22   21   16
9   16   63
63   47   48
25   54   14
29   15   45
6   32   17
41   7   41
13   20   20
37   56   30
12   9   2
60   11   17
51   29   28
59   34   41
32   22   61
11   29   46
59   28   59
7   21   44
60   22   10
25   8   21
1   1   19
58   19   13
1   27   47
48   28   10
41   15   49
17   30   6
58   62   19
44   25   35
34   9   59
50   42   60
25   4   16
21   21   14
27   5   27
47   19   55
34   19   36
24   52   41
7   52   41
22   1   27
35   12   28
42   58   41
42   2   50
15   45   31
11   4   16
17   32   1
29   10   42
33   31   25
13   16   22
25   14   26
40   20   7
13   4   39
38   6   60
60   25   31
50   41   43
39   17   63
16   10   31
19   33   19
19   33   3
33   43   57
60   18   16
42   62   38
27   59   43
49   48   34
55   61   62
56   6   45
26   46   56
36   43   0
23   46   17
16   25   56
57   9   22
39   34   58
45   12   59
23   47   7
24   35   48
0   36   2
50   6   58
1   56   61
10   14   7
41   26   6
57   63   9
37   59   22
41   29   8
34   60   41
33   21   8
19   18   23
3   39   48
48   60   42
61   61   12
34   14   30
13   7   20
49   45   9
29   32   17
26   34   0
38   39   54
58   55   52
51   46   62
34   63   40
25   9   28
17   29   37
41   4   45
44   29   59
23   53   48
61   22   52
52   30   55
12   35   9
42   48   62
29   21   0
62   36   23
40   55   25
57   55   7
23   38   52
6   40   58
7   32   43
12   34   42
3   3   14
58   58   12
22   29   22
1   54   57
7   48   40
39   54   2
32   16   33
29   34   24
6   53   17
60   18   33
55   57   62
45   62   41
38   8   61
2   33   16
16   19   32
30   54   38
56   60   53
56   1   15
16   10   21
27   52   36
39   53   40
33   14   39
48   55   63
27   63   22
21   47   39
14   54   55
24   40   38
24   9   1
25   24   4
51   24   25
33   13   40
10   53   30
16   14   30
39   52   36
41   53   52
1   50   61
34   51   17
19   9   23
29   34   12
24   41   16
37   53   16
55   52   41
28   53   17
24   39   26
34   58   38
46   5   39
45   51   61
14   8   10
29   24   46
62   35   47
2   61   5
2   30   14
50   58   59
34   55   35
35   28   27
26   40   43
57   15   11
23   10   47
20   2   24
0   42   57
54   32   53
58   11   34
0   33   29
24   39   15
61   22   21
32   13   34
26   33   63
27   46   35
14   9   12
62   23   49
17   9   10
50   29   45
57   26   12
16   35   25
16   7   28
60   13   62
29   3   19
42   1   45
2   32   16
61   10   9
27   35   55
22   15   56
35   31   32
21   17   26
4   46   56
44   43   28
49   3   53
4   33   41
37   30   54
36   46   0
23   20   12
4   35   44
24   5   7
62   43   35
30   5   39
9   49   16
18   52   31
44   40   55
57   25   11
5   13   62
37   54   24
0   56   2
24   43   19
14   14   11
32   59   41
36   57   13
10   46   42
21   13   15
39   59   44
20   32   27
5   42   42
63   26   30
23   26   13
39   41   61
29   26   16
21   3   13
41   12   49
38   2   55
58   15   8
1   20   16
30   32   17
52   15   42
8   30   40
38   51   15
56   9   43
33   62   16
56   63   14
32   58   30
38   51   59
16   13   18
30   51   22
43   24   6
41   59   50
26   45   63
26   13   50
28   12   2
60   20   16
33   16   12
22   45   60
35   36   2
24   1   23
16   26   58
61   41   30
29   13   33
42   53   47
38   55   61
24   7   22
52   19   39
34   55   21
35   33   4
5   48   4
29   17   52
38   56   25
1   3   20
43   27   53
6   1   26
4   45   42
47   16   18
39   58   40
16   28   27
43   20   62
45   34   51
50   28   23
19   36   37
27   34   63
31   37   40
34   56   36
14   47   16
47   36   1
41   27   8
42   51   0
33   15   41
30   26   43
19   29   10
1   12   1
26   50   1
56   45   0
24   23   17
27   31   2
37   38   2
23   55   51
1   6   62
49   25   26
2   21   43
10   43   19
60   10   13
37   55   15
47   12   53
1   53   34
33   58   45
39   56   40
28   51   48
37   1   33
38   53   56
35   14   62
13   42   41
11   13   62
41   15   26
27   35   4
18   4   20
58   32   55
23   35   18
2   60   28
21   20   23
7   7   10
10   11   62
48   58   62
23   24   10
32   1   29
11   32   46
39   12   1
22   20   62
22   22   11
35   15   28
28   50   6
22   35   8
11   21   49
57   8   13
42   44   6
33   8   49
19   59   3
0   15   41
58   31   48
38   41   1
48   56   63
11   9   1
1   58   13
17   4   0
34   49   5
45   22   31
9   10   41
29   58   41
57   44   55
25   51   46
21   22   8
40   22   3
22   4   33
9   3   60
21   17   13
19   15   28
12   42   35
24   1   46
38   50   9
45   53   26
42   42   15
59   25   61
36   49   40
56   24   48
60   8   18
31   6   36
6   35   45
41   55   25
26   37   39
63   51   14
20   8   7
38   20   6
19   54   11
58   10   30
35   8   40
41   60   54
9   51   3
47   30   53
47   18   55
4   63   28
16   21   62
62   13   61
27   8   25
26   47   53
24   60   61
16   30   11
29   8   46
1   18   38
27   61   44
14   52   32
39   18   24
41   9   39
23   2   46
22   15   46
16   6   28
20   3   0
2   1   24
25   40   14
22   36   8
21   46   37
55   59   38
30   57   13
32   6   11
1   18   18
56   8   13
12   28   49
27   32   61
46   4   43
19   37   16
19   52   26
11   43   20
13   30   0
48   59   54
63   43   60
61   24   24
45   40   51
44   58   22
31   1   41
42   5   55
61   5   13
51   30   49
21   35   45
28   40   20
57   11   22
0   5   34
25   3   17
40   24   59
12   45   35
20   44   5
53   40   0
14   50   33
34   20   30
40   54   21
22   37   48
50   16   53
35   35   2
21   26   37
48   37   12
56   4   31
29   63   60
38   9   61
58   33   48
0   41   44
47   44   53
44   9   43
27   60   29
25   25   16
9   38   49
59   21   60
13   30   39
31   4   42
27   31   26
28   45   50
27   39   52
32   17   33
26   51   0
57   60   9
23   18   22
5   49   10
28   17   29
35   14   31
35   5   40
32   56   31
13   48   47
4   12   21
2   32   57
43   10   18
26   42   5
0   48   1
43   18   2
10   44   17
3   40   43
20   6   39
35   59   43
6   50   12
55   5   7
61   60   63
39   15   61
19   2   42
39   48   63
47   36   38
23   32   36
20   13   11
35   62   27
21   25   12
36   5   52
4   52   36
6   42   57
26   40   29
19   26   13
9   7   5
29   46   28
5   43   6
24   44   3
45   47   58
27   21   6
19   0   7
25   31   4
50   42   42
33   33   25
34   16   30
38   38   4
16   23   5
13   29   62
56   26   44
36   32   0
29   39   28
57   5   21
38   3   54
26   45   51
23   58   37
56   3   30
13   38   41
23   54   12
34   28   38
24   37   42
19   46   52
26   37   27
60   2   31
25   15   41
29   8   16
63   27   22
7   50   48
49   24   25
12   44   35
14   12   8
56   63   48
