55   33   62
23   49   60
31   43   45
39   49   40
12   17   42
23   29   38
23   60   19
52   18   56
55   0   60
22   62   19
12   29   55
34   1   11
7   38   39
15   42   34
38   37   41
20   50   25
35   47   26
48   47   52
39   29   52
30   52   60
25   23   10
34   2   30
6   61   17
14   24   30
59   50   60
1   21   18
63   57   11
40   17   21
8   51   24
7   59   45
59   23   4
0   10   18
37   18   21
61   42   23
4   39   33
0   49   38
21   58   60
60   37   40
63   48   51
49   18   12
19   30   52
45   63   24
0   5   55
58   21   8
44   11   24
8   63   40
18   36   51
53   57   28
48   39   22
61   53   10
44   49   19
50   2   46
59   43   23
40   42   3
42   59   36
39   47   27
54   32   40
58   1   55
60   23   14
9   1   27
48   36   34
23   14   20
57   32   49
43   10   11
13   31   1
40   18   24
60   9   41
17   61   25
56   27   41
23   44   48
1   30   54
38   48   33
7   32   34
31   14   21
36   27   52
28   20   22
24   25   47
54   54   38
61   28   24
5   6   59
5   15   37
21   9   13
20   54   1
9   5   45
40   22   27
58   51   42
46   39   34
44   42   27
45   1   59
19   36   50
21   25   30
21   16   36
48   27   47
42   10   12
47   42   29
31   1   59
62   18   34
46   9   11
15   1   2
0   39   47
36   52   49
29   27   18
15   51   47
5   9   59
24   46   24
47   20   11
9   11   25
35   57   31
59   7   58
48   32   26
24   57   35
58   49   46
58   0   55
28   46   43
7   45   13
2   51   29
43   21   51
31   30   7
35   39   2
17   2   1
34   3   30
11   16   53
33   35   45
21   50   18
41   45   26
23   28   40
34   14   13
3   48   60
18   3   27
37   0   33
10   58   33
0   43   50
17   5   1
21   18   55
47   41   35
60   16   44
11   9   58
13   37   39
56   4   16
62   31   5
6   7   45
59   61   53
9   12   58
48   42   20
39   31   31
47   55   34
59   34   34
53   53   55
9   60   14
7   52   1
15   57   60
2   59   21
53   7   31
13   58   6
32   49   27
57   18   28
13   53   53
39   19   33
27   27   53
47   10   13
62   19   14
49   32   35
15   62   37
8   37   53
8   48   24
30   0   14
35   34   6
49   17   10
47   45   32
62   21   13
17   8   37
12   0   59
28   22   58
38   5   5
25   26   9
57   47   43
35   16   62
16   42   39
57   48   26
15   27   53
24   53   40
48   26   23
8   56   53
2   33   30
16   7   44
31   42   24
53   43   1
11   59   63
60   41   43
24   30   38
63   8   59
44   53   19
59   42   22
15   26   53
56   60   51
40   21   29
29   55   32
44   31   41
41   29   40
41   3   43
8   1   45
5   63   15
39   37   27
56   22   40
56   57   23
40   36   37
41   15   13
47   44   32
51   27   2
13   50   45
13   63   41
16   7   20
18   34   50
53   47   25
7   59   7
38   22   29
17   5   0
0   23   16
11   15   50
6   27   50
49   52   27
38   17   18
2   12   18
35   3   27
17   58   13
36   35   0
34   54   16
6   23   59
63   32   29
33   17   31
1   23   0
51   17   12
9   41   53
8   18   25
40   26   5
42   43   8
41   25   16
29   23   29
63   57   45
46   56   16
41   27   29
52   44   25
36   17   16
19   28   30
47   36   52
10   54   45
25   44   60
58   56   52
11   1   40
20   4   0
26   57   11
62   26   13
15   61   33
56   7   44
33   58   1
37   40   28
10   44   14
50   47   29
50   16   9
28   50   50
34   50   26
24   55   56
38   47   25
31   46   37
35   29   50
36   59   16
57   29   60
58   52   17
16   61   44
31   50   25
10   50   52
50   27   23
27   63   59
63   15   53
27   42   20
0   11   45
1   27   29
56   52   29
13   63   17
47   8   42
25   28   23
49   37   13
40   31   59
5   20   38
12   38   26
52   3   16
39   34   37
4   26   42
3   20   18
51   43   2
62   52   24
2   19   49
57   27   60
55   9   20
60   39   0
43   41   57
43   4   39
7   42   17
20   51   43
40   12   12
46   58   51
10   63   7
22   24   44
4   13   18
40   26   41
16   62   17
24   29   58
44   33   47
47   53   51
50   2   44
4   2   45
18   34   23
17   43   60
26   62   13
8   55   41
57   53   51
59   46   20
25   19   29
20   28   52
38   20   50
48   35   28
20   56   47
40   27   41
61   14   40
42   50   41
44   29   10
32   35   33
14   48   47
45   38   25
21   51   35
25   20   10
33   30   18
3   45   60
25   5   58
0   21   4
47   7   42
21   2   18
50   53   25
7   44   60
25   41   9
33   58   23
48   20   45
36   63   32
62   43   48
28   50   19
39   46   20
39   25   29
24   38   47
61   12   15
15   57   6
0   11   53
38   38   37
46   55   19
33   38   45
40   38   5
56   45   50
45   63   36
43   21   56
48   46   29
46   7   13
57   42   48
20   54   45
22   59   33
7   59   1
29   5   12
3   21   0
11   1   15
18   34   18
36   35   61
15   1   9
53   59   54
17   21   53
47   30   5
25   41   40
14   5   2
42   38   27
18   3   38
46   52   29
33   33   42
22   30   44
34   37   6
18   30   20
42   48   31
54   6   61
30   45   28
11   23   45
25   2   19
19   3   36
62   16   47
10   59   53
24   61   12
38   48   24
18   36   57
3   54   53
41   37   47
30   37   19
6   27   55
61   22   13
6   0   8
24   60   14
52   35   0
49   44   29
55   63   60
46   35   43
11   41   31
55   43   26
7   45   17
35   36   41
23   59   12
17   5   18
11   7   4
29   2   12
30   46   47
45   3   36
11   9   50
35   21   32
19   45   20
38   44   24
63   53   55
3   43   38
46   54   22
13   63   19
32   50   24
51   42   9
12   37   33
26   40   39
10   49   6
56   61   55
2   61   15
17   42   35
54   48   20
59   2   59
16   38   44
55   56   32
37   29   41
62   40   53
42   41   39
31   15   38
14   52   42
56   32   27
22   25   10
56   56   48
35   30   24
7   2   27
15   32   55
30   61   40
54   35   9
36   42   41
47   8   5
9   63   28
40   9   9
33   27   7
13   3   41
14   53   40
5   63   53
1   46   33
0   17   18
7   61   7
31   28   7
3   6   37
23   48   44
4   56   22
35   8   39
25   27   26
43   5   51
60   21   14
41   41   5
44   24   10
61   6   58
11   60   33
16   5   20
0   28   34
15   30   1
13   61   9
55   6   40
19   58   53
3   14   25
38   29   30
8   40   33
56   61   50
17   62   36
15   57   53
62   11   47
42   33   40
23   50   41
30   13   13
61   25   14
5   0   22
60   13   30
9   28   60
33   45   7
58   47   33
5   14   61
45   22   12
8   52   52
16   51   57
27   30   23
47   7   24
12   59   52
48   11   34
46   35   51
34   2   16
26   22   39
21   18   47
45   54   19
44   36   50
43   51   19
61   8   47
28   38   60
7   36   34
33   28   22
55   48   45
36   43   23
6   26   50
10   25   16
5   44   53
3   13   59
3   61   8
40   7   9
23   9   15
14   21   31
50   18   0
42   50   31
9   22   45
46   60   29
32   43   19
34   61   59
46   23   56
48   33   27
39   63   38
12   58   14
53   20   47
31   24   52
28   47   43
22   62   9
57   44   35
41   32   48
4   39   24
13   42   24
52   55   48
62   17   16
2   57   6
42   37   31
2   39   62
1   43   39
46   53   52
52   47   46
49   23   9
51   45   43
27   21   52
46   22   11
29   30   9
52   24   40
11   36   53
16   61   40
50   36   35
0   20   12
24   53   56
40   34   23
46   20   37
32   44   45
2   7   59
52   27   54
56   58   48
5   60   22
16   27   55
33   2   36
3   19   15
12   43   44
30   49   28
14   23   51
30   35   34
12   6   38
43   6   36
35   32   29
22   51   19
53   57   38
14   32   50
18   60   59
6   1   13
54   54   34
23   28   55
8   12   37
41   5   25
63   19   5
54   20   4
39   18   16
7   56   27
24   50   32
4   8   3
15   11   15
35   19   30
45   49   52
59   3   8
55   45   24
11   17   58
27   23   9
42   55   48
29   41   50
0   40   4
7   20   42
40   42   32
5   56   13
10   3   61
45   6   52
35   12   11
13   51   18
63   31   41
32   52   34
63   7   27
63   56   50
30   47   49
13   15   44
10   16   40
49   12   9
61   34   5
21   54   60
56   49   11
7   4   6
29   50   48
21   9   50
16   62   62
57   26   9
27   43   50
15   22   51
63   1   18
1   19   59
37   41   60
3   51   1
2   17   10
45   37   32
7   55   13
41   7   36
60   6   51
8   62   22
45   37   28
45   41   32
43   13   11
53   42   49
57   49   43
46   41   29
28   59   40
60   15   63
38   33   37
58   38   43
40   28   47
33   52   20
25   46   5
41   26   40
0   26   0
30   46   28
25   29   2
37   32   59
21   18   43
1   26   62
4   5   18
60   49   24
10   0   2
40   31   42
32   1   27
58   48   48
53   40   29
48   24   9
63   42   53
30   51   42
23   43   40
22   43   58
38   3   9
37   30   4
37   33   57
24   42   0
27   20   52
54   49   29
20   45   16
54   23   34
46   36   51
41   62   27
25   24   41
47   21   37
2   62   27
43   56   22
34   49   26
9   37   55
56   23   12
24   31   55
10   0   63
25   57   33
14   62   6
8   41   18
3   1   20
30   26   34
22   41   3
30   32   42
50   24   5
34   11   13
63   52   55
45   57   37
59   42   34
39   22   48
37   36   5
12   39   17
55   44   24
21   25   55
22   34   47
6   3   53
56   11   4
18   60   60
51   13   37
31   26   58
49   35   33
42   3   2
48   23   57
13   60   7
18   42   41
16   63   9
40   47   48
48   35   27
23   61   55
14   52   49
35   33   23
38   39   41
30   4   27
24   23   52
12   32   52
32   26   37
14   62   2
25   25   40
18   56   45
40   21   33
10   62   13
7   37   17
41   0   61
38   3   44
54   15   2
7   46   21
8   31   45
0   6   16
41   37   39
61   39   23
14   9   44
59   35   40
16   58   23
14   8   56
47   57   59
6   55   45
37   29   23
41   57   52
50   26   57
9   42   18
10   6   41
9   46   53
44   41   26
25   48   47
42   20   21
50   25   49
27   50   20
54   53   50
60   54   52
6   4   3
12   38   53
18   51   24
9   27   30
54   32   38
3   36   27
16   40   34
36   42   36
42   51   60
9   59   13
7   37   29
42   31   5
9   62   8
4   18   29
17   61   18
54   17   51
12   54   52
57   59   4
43   61   22
61   32   35
19   10   42
41   5   9
42   33   50
14   2   59
13   31   53
22   52   14
54   8   40
25   44   44
57   61   43
22   1   14
10   60   53
6   13   42
57   58   50
61   6   22
49   34   41
59   28   30
29   12   3
18   53   9
2   27   42
50   41   40
3   5   17
38   25   46
42   20   27
60   33   5
16   3   39
14   37   26
51   11   59
6   43   17
45   6   51
16   24   40
13   58   35
18   30   53
19   38   50
34   42   37
41   53   37
48   40   33
48   1   9
25   3   13
22   16   21
15   47   21
36   37   40
61   8   16
54   45   35
16   52   7
18   1   43
28   22   53
60   41   20
31   33   19
38   8   44
63   22   29
27   63   14
61   14   31
44   22   51
62   51   27
29   46   44
52   35   36
2   32   6
55   14   37
7   25   34
57   37   0
49   33   5
18   24   45
33   52   26
36   0   12
21   36   25
33   58   17
38   28   30
37   1   61
28   40   34
22   49   5
54   44   16
47   36   27
54   33   22
14   53   6
30   7   54
45   44   8
63   27   35
63   14   53
46   10   42
10   15   25
60   47   29
13   0   38
27   53   11
7   58   20
42   0   62
12   62   41
18   7   50
58   54   46
0   36   35
36   62   2
36   24   18
36   23   47
49   14   0
45   39   26
36   37   24
57   50   41
17   25   51
51   40   22
62   24   5
28   33   44
39   45   37
3   0   45
5   21   8
8   37   44
32   22   40
35   33   31
13   28   55
49   56   34
27   33   39
59   63   8
3   36   26
59   45   16
10   10   43
45   8   11
33   49   24
0   6   45
4   9   43
47   31   34
18   59   28
25   23   7
32   23   22
34   49   20
10   54   43
13   39   6
10   42   57
21   19   17
53   27   31
40   21   27
9   52   45
44   42   25
32   38   49
39   45   34
22   54   32
14   53   42
30   59   7
10   0   1
43   4   61
34   8   11
19   22   30
22   31   58
58   62   43
55   62   42
26   55   20
46   57   22
44   39   4
20   58   55
7   24   28
49   37   43
40   35   5
49   60   6
35   44   4
12   5   58
6   29   44
37   20   55
40   31   51
21   49   44
39   34   27
52   32   51
52   12   10
29   54   0
51   16   10
15   31   50
20   1   18
16   62   40
57   10   51
13   57   1
50   35   32
1   50   27
15   17   40
2   24   26
30   57   40
57   27   17
56   49   26
15   19   44
22   43   38
60   54   26
6   47   60
50   54   48
54   32   5
8   46   18
4   59   15
34   8   54
2   0   53
20   52   20
59   30   32
9   12   42
21   53   1
15   39   61
51   61   42
8   6   6
53   40   23
26   1   12
45   5   24
27   24   24
53   37   31
5   36   60
2   60   15
41   43   4
2   33   29
8   35   35
0   48   25
42   28   40
45   34   24
51   28   34
12   1   14
3   18   59
60   31   25
43   61   16
40   42   5
25   63   58
57   7   63
52   39   25
55   37   35
25   55   19
62   62   55
59   1   12
22   45   34
51   11   50
46   58   22
22   43   36
12   15   43
0   63   5
49   38   22
49   10   5
40   4   7
53   23   0
30   25   34
59   38   46
29   12   21
30   42   43
6   0   26
15   50   43
14   50   60
60   30   58
53   48   34
23   41   59
38   39   8
30   24   48
12   50   24
6   30   34
37   38   41
39   56   31
15   51   56
25   44   39
3   57   61
39   34   5
49   34   34
23   25   44
21   61   19
47   12   0
57   34   33
32   34   50
42   39   25
8   6   3
31   40   41
6   20   50
17   38   37
43   30   48
45   8   24
39   31   24
58   50   29
48   40   52
17   46   13
32   6   36
36   29   27
40   20   33
8   53   45
16   60   25
35   23   18
44   3   12
22   26   40
26   45   37
54   19   37
25   63   55
56   27   36
23   38   23
50   16   52
41   38   50
62   30   0
17   54   6
41   50   34
11   13   44
37   38   34
1   7   39
32   31   58
37   30   27
3   55   53
20   57   18
54   60   50
3   36   52
43   18   15
53   59   48
14   32   54
21   60   17
23   8   41
42   62   26
47   1   61
1   34   21
14   60   20
41   33   63
35   25   30
5   10   30
31   22   28
31   32   50
62   56   41
4   33   39
27   48   5
7   4   8
63   38   22
46   0   29
23   49   8
45   41   7
53   39   29
35   50   29
33   43   31
12   2   9
2   25   35
3   49   1
23   9   21
27   7   56
20   2   3
43   29   12
56   23   20
54   33   25
53   7   59
15   25   53
40   52   37
48   38   52
23   36   61
60   25   24
12   51   45
43   8   25
20   48   53
40   58   38
60   63   55
48   58   57
42   19   5
51   25   28
2   15   10
53   10   59
6   22   16
37   38   61
10   46   31
5   21   5
7   17   53
10   13   58
27   43   18
56   50   42
35   19   31
23   50   35
9   33   61
49   1   36
49   2   12
26   17   28
55   5   5
57   13   40
61   26   17
36   33   59
44   20   12
48   35   23
25   22   31
39   4   36
9   25   44
57   21   12
18   12   40
55   22   47
25   42   46
26   50   60
37   44   41
30   0   10
40   27   30
10   33   55
14   27   47
18   31   45
14   5   21
1   43   4
3   21   29
29   60   24
25   57   25
31   25   41
56   3   59
47   14   5
62   46   29
18   30   47
61   63   12
22   30   18
56   4   44
35   25   24
22   43   61
41   44   31
7   11   10
8   8   42
21   41   44
57   52   33
26   53   50
54   18   51
13   50   6
24   1   19
10   1   26
45   27   36
13   12   57
56   38   38
61   20   15
26   36   18
19   34   57
24   53   44
47   55   16
19   0   60
18   59   19
17   49   42
20   59   9
5   7   43
12   60   6
55   61   51
55   38   50
33   41   24
28   39   43
3   39   29
17   1   56
19   8   18
47   31   2
63   44   22
6   37   24
12   27   56
38   54   49
13   47   7
46   5   61
5   28   1
26   46   7
21   61   16
43   50   40
5   20   10
22   39   46
11   44   24
4   23   13
62   15   40
57   50   20
43   29   9
40   36   36
14   38   6
47   58   36
59   38   25
36   62   60
5   22   1
9   25   38
6   0   18
52   28   54
41   34   40
35   44   34
60   36   38
35   48   34
7   40   39
57   31   9
7   40   13
37   45   41
34   41   45
60   57   32
47   34   51
5   2   3
24   12   1
14   41   54
6   57   7
62   11   59
6   23   55
3   1   11
42   50   37
43   56   37
29   37   3
20   26   55
41   40   27
2   19   44
0   54   45
17   44   54
23   48   48
27   34   45
4   28   8
31   40   59
50   33   29
0   43   59
51   42   33
38   47   16
8   35   52
15   4   44
11   13   43
49   45   58
46   59   37
4   18   42
41   33   34
15   40   7
59   54   32
43   7   53
10   63   45
11   1   17
43   48   30
24   55   11
29   38   54
61   8   63
13   41   26
7   45   21
59   39   40
38   32   40
11   9   61
61   19   40
28   25   7
29   60   21
37   30   34
62   63   59
28   27   41
19   27   50
48   30   2
18   23   30
27   34   62
54   1   5
19   24   33
17   53   62
21   1   16
7   46   60
50   40   40
36   45   4
63   35   41
62   31   29
17   58   56
43   60   27
26   9   30
61   6   15
36   40   36
31   31   18
43   50   19
24   44   50
3   58   8
44   36   31
50   22   10
8   41   6
35   20   53
5   8   45
6   51   52
61   46   26
3   30   1
37   46   24
41   30   63
59   38   0
15   48   6
22   41   60
6   62   15
26   63   12
60   4   55
19   8   50
63   39   26
61   36   21
3   17   45
38   26   23
33   25   50
14   49   45
49   43   9
16   1   59
4   22   42
58   34   60
58   59   46
40   38   39
21   22   50
25   25   9
61   4   53
26   32   9
24   27   58
1   13   53
3   51   25
7   7   2
42   6   13
18   43   48
53   56   28
0   22   49
9   32   56
38   46   16
45   10   20
2   53   52
7   9   45
58   45   26
61   39   45
18   17   45
37   11   7
19   44   43
21   24   2
13   2   21
3   29   62
16   50   49
12   42   31
30   47   44
12   61   15
44   0   15
24   40   9
49   52   34
1   1   5
33   61   1
62   18   15
30   31   2
18   56   6
58   34   22
58   49   18
18   47   20
59   29   29
55   57   17
19   45   43
24   63   13
14   42   53
42   57   28
27   40   60
33   26   29
53   7   40
3   42   29
10   26   38
60   49   61
28   57   29
41   21   5
57   56   56
20   54   35
54   44   20
23   44   38
20   28   32
62   19   42
41   11   21
18   32   57
58   3   51
1   2   15
22   4   13
23   0   7
10   40   37
16   54   57
7   47   13
3   20   16
28   27   9
19   36   23
54   14   59
26   29   31
33   39   6
5   49   41
50   22   24
57   38   47
41   55   41
45   47   7
13   44   44
43   8   36
32   20   21
22   38   41
7   61   14
20   10   13
34   23   48
39   61   60
28   52   35
41   30   23
9   33   26
52   39   61
59   63   46
45   32   28
5   23   50
20   17   2
34   27   48
40   38   2
57   38   23
9   42   26
43   49   31
62   55   55
48   63   42
39   32   27
2   46   4
9   54   7
15   31   17
38   1   2
19   4   62
25   16   28
52   19   10
34   46   33
5   25   55
62   58   55
60   44   43
10   0   40
54   40   35
27   32   27
58   2   51
7   26   34
39   57   38
32   1   55
1   61   20
19   23   39
48   33   24
11   63   8
25   3   55
2   29   6
46   42   26
29   2   49
61   45   20
60   31   60
59   31   35
17   51   62
51   11   10
7   29   45
9   36   33
38   48   29
1   29   26
8   0   14
3   18   45
39   48   41
47   58   41
1   29   13
7   4   53
12   62   20
12   60   19
36   45   13
11   7   40
27   50   42
55   61   32
27   61   42
53   14   52
11   3   59
2   43   53
30   30   31
38   1   12
59   36   41
20   63   36
35   7   59
47   39   33
60   34   46
43   41   31
20   15   30
4   50   31
57   44   50
49   42   52
38   23   50
39   20   56
3   35   60
38   26   39
63   36   0
45   51   52
34   37   2
2   26   39
26   60   25
40   52   59
23   43   43
44   32   5
15   56   13
29   45   5
54   37   60
25   45   47
61   25   13
3   25   59
3   25   29
15   25   50
24   51   45
63   2   8
4   37   27
27   21   22
46   13   0
54   49   41
42   39   60
21   28   50
11   58   22
3   13   37
8   56   8
27   24   40
59   29   55
27   18   63
12   43   6
56   50   48
8   12   49
15   58   7
5   4   5
3   8   43
58   60   55
44   1   29
0   49   29
9   59   6
38   22   50
0   17   12
5   15   18
55   6   63
6   35   29
38   29   36
23   53   43
15   47   18
2   5   3
51   19   52
3   28   35
26   10   60
40   35   59
32   0   27
59   33   55
9   50   20
15   28   53
4   10   40
50   6   5
34   13   26
5   9   37
0   47   53
55   46   43
45   34   29
26   26   10
23   61   59
16   56   57
54   55   38
28   31   54
47   35   2
41   36   61
25   13   1
12   15   10
25   57   32
60   0   28
27   18   41
42   38   26
48   28   51
8   22   50
59   50   24
2   39   46
15   16   20
51   15   21
26   28   53
62   28   13
5   38   27
47   26   12
59   39   22
62   1   2
32   22   47
28   58   25
39   33   39
63   29   41
49   34   27
0   58   11
54   61   28
47   10   26
14   49   47
12   16   43
36   51   26
61   13   16
11   27   45
58   25   60
54   20   10
53   55   41
44   50   48
10   2   26
57   50   11
44   19   21
54   45   29
46   51   48
25   35   19
30   58   11
9   0   19
63   17   42
4   17   56
33   52   27
5   59   25
25   48   35
63   41   24
19   45   38
7   47   49
27   52   32
27   45   8
45   9   40
52   35   41
8   40   35
57   0   8
36   32   51
5   29   60
62   23   8
45   59   50
17   54   42
29   13   11
17   19   36
34   21   53
23   38   33
25   16   1
6   63   6
17   24   31
23   51   32
18   27   20
6   61   27
55   39   43
31   51   29
50   48   35
3   14   18
26   4   36
21   36   22
19   15   13
17   1   20
36   48   37
35   52   23
0   16   40
17   23   44
46   7   61
28   56   55
50   46   33
52   47   58
32   52   0
28   30   48
27   60   12
53   49   50
59   17   44
22   48   41
14   63   37
19   12   28
63   6   44
52   36   43
39   55   52
11   57   63
25   54   56
21   29   50
4   53   6
41   22   52
11   22   53
40   26   24
37   28   36
27   53   55
45   8   34
41   61   27
2   19   12
19   27   30
20   41   61
34   45   50
54   2   15
59   13   44
50   31   25
3   34   35
18   50   56
54   11   51
61   2   2
52   14   22
15   43   14
46   37   26
47   5   42
43   16   33
11   8   40
37   22   43
42   23   27
35   46   19
6   62   26
6   38   35
35   62   53
55   4   47
41   28   42
7   6   40
59   48   24
30   23   30
22   60   55
19   41   6
43   57   16
47   50   17
59   53   1
56   25   53
58   44   48
4   21   42
13   2   40
14   24   53
49   53   28
48   32   47
20   6   37
30   25   22
5   3   12
57   13   22
37   48   20
63   54   51
49   16   37
36   39   40
15   0   6
37   34   34
52   2   42
14   52   13
17   49   56
15   53   7
1   2   20
6   28   39
5   31   35
44   61   36
5   0   13
1   28   27
17   1   38
2   18   16
31   39   0
59   49   4
5   15   42
51   8   4
30   45   49
10   47   54
28   6   9
62   20   59
61   41   27
26   49   34
11   5   59
4   39   21
3   57   50
1   28   26
60   54   50
60   18   52
47   33   28
59   34   38
50   60   41
59   59   5
21   44   25
13   8   0
16   12   44
12   10   44
46   26   29
6   21   34
8   55   8
4   27   8
34   3   16
46   4   59
14   25   29
43   56   41
13   2   41
42   14   15
5   31   52
53   55   50
31   38   59
53   23   5
21   30   50
58   26   5
10   1   1
60   12   37
60   4   18
60   58   59
14   23   48
51   34   36
22   40   3
52   37   62
3   51   53
50   17   5
41   54   29
45   36   25
63   15   29
56   48   11
13   61   52
51   32   41
0   0   59
22   61   17
36   54   37
17   55   44
0   41   39
20   48   56
2   6   17
45   58   42
50   35   26
48   51   63
10   31   54
13   56   41
19   51   21
6   31   55
53   45   48
61   1   8
42   39   31
62   19   10
27   30   27
47   27   51
6   7   42
0   37   62
17   22   36
21   6   36
9   43   57
6   55   20
3   19   16
44   48   19
18   14   10
51   35   34
63   52   13
18   58   25
9   50   18
41   35   8
14   18   44
13   26   36
35   36   60
11   3   26
25   2   47
63   0   2
9   2   18
12   55   22
55   36   22
39   59   38
43   33   51
15   44   53
26   40   0
63   47   38
60   35   25
34   29   22
34   22   32
20   7   58
5   20   49
46   0   59
40   13   21
58   33   60
12   57   23
16   63   59
31   15   11
61   52   54
7   59   27
55   23   1
50   13   26
32   40   5
42   3   24
7   21   25
42   43   39
9   28   44
21   53   45
46   4   42
6   18   50
17   46   34
63   42   4
38   30   30
22   51   60
45   31   23
60   27   62
22   48   36
20   52   12
29   3   49
26   47   50
51   25   26
36   57   27
2   17   34
27   19   22
2   17   37
50   43   43
54   17   28
23   57   23
18   56   9
50   41   11
55   7   36
13   29   54
60   57   26
18   13   10
10   37   52
8   56   20
48   58   34
3   48   20
11   20   44
45   20   1
29   22   52
13   53   23
8   50   53
3   42   54
18   34   26
24   28   34
13   50   21
60   7   53
21   48   14
58   51   46
47   44   34
18   6   0
7   23   52
29   34   49
24   23   34
60   2   18
37   9   13
17   39   57
56   27   5
33   57   43
53   33   40
17   23   31
3   53   49
24   7   34
44   8   52
3   38   23
39   20   24
25   45   44
18   18   50
27   7   19
48   61   52
46   12   5
48   36   23
15   14   14
19   2   60
38   29   39
16   50   0
27   29   39
50   11   9
6   9   30
0   44   39
20   20   55
22   22   47
14   15   14
19   56   56
31   47   60
57   59   55
15   41   7
8   58   53
13   57   62
10   31   39
30   28   48
7   52   53
57   36   47
20   0   43
38   41   40
23   53   35
35   60   11
47   40   34
36   32   41
37   62   33
23   10   21
53   15   0
56   61   48
41   2   24
33   8   9
19   5   60
19   21   55
15   24   50
21   56   40
59   9   18
10   30   29
24   3   44
49   31   43
55   62   51
60   48   55
19   38   34
21   0   9
41   34   33
12   14   58
48   33   23
63   59   23
10   26   45
49   59   28
21   39   48
30   28   18
23   47   36
8   32   62
50   25   47
20   27   24
16   42   44
5   39   41
42   32   31
51   20   51
50   11   13
45   49   43
15   61   28
44   20   10
28   56   51
8   3   18
63   41   22
41   42   9
34   60   0
0   24   13
2   52   20
37   31   50
42   63   62
61   45   63
18   27   44
28   55   55
4   49   63
59   35   62
9   36   61
56   23   28
2   17   5
56   55   49
9   55   61
25   29   52
10   7   56
13   62   27
4   61   6
15   49   55
48   27   34
26   29   54
48   18   27
8   20   8
44   31   27
26   15   20
37   44   5
38   8   12
14   8   38
10   49   21
6   33   60
29   35   23
31   35   31
2   29   8
41   48   26
32   37   49
43   36   59
10   2   39
42   28   3
0   58   6
20   13   28
39   12   13
47   54   41
45   27   40
10   38   24
59   60   59
56   39   35
21   63   16
40   47   4
19   49   9
1   62   5
34   32   22
63   24   49
60   56   51
43   39   28
25   46   45
3   60   50
31   41   33
8   51   21
20   36   20
29   40   40
26   38   39
38   24   30
4   27   39
40   38   8
36   0   40
30   31   42
13   37   37
60   1   6
14   19   58
40   15   21
58   42   26
0   30   55
62   28   14
24   3   50
44   38   9
29   6   54
47   44   26
58   16   14
21   42   19
63   20   45
48   40   50
3   52   27
19   26   47
28   44   47
53   18   5
28   6   58
63   3   11
49   37   34
41   42   31
22   61   14
16   45   49
22   4   14
60   31   55
34   11   11
2   1   53
45   61   37
6   26   8
40   35   24
50   46   25
52   27   49
47   52   32
37   51   40
24   50   40
42   38   40
34   54   34
21   62   48
38   58   16
8   52   22
21   56   12
12   37   6
27   41   19
4   1   61
38   43   16
2   62   18
17   11   13
43   4   18
6   48   21
31   4   9
7   19   53
7   62   14
28   31   48
46   49   34
30   8   36
41   42   34
62   0   17
0   26   35
41   0   60
29   22   34
26   28   58
18   29   53
21   28   29
45   44   43
53   6   59
36   32   57
12   18   10
7   63   63
46   62   16
30   42   5
57   16   29
31   62   59
57   52   42
3   23   62
58   58   42
7   22   41
61   46   50
2   29   30
41   50   38
49   37   41
36   37   34
45   19   11
41   1   62
23   58   12
21   56   44
18   16   45
58   30   24
1   23   42
11   23   56
19   42   47
45   8   13
39   38   60
13   47   14
15   44   55
39   15   22
33   41   41
45   35   40
31   60   22
32   32   60
3   58   13
45   60   57
30   39   50
43   16   13
31   11   21
42   20   30
62   38   26
16   61   5
50   0   36
36   0   26
34   4   12
34   44   3
45   36   28
1   33   54
5   15   49
38   33   0
43   56   27
18   61   13
8   49   13
12   14   57
22   39   49
52   1   46
51   33   31
32   39   18
1   30   35
23   22   29
55   20   41
31   49   25
59   47   41
17   12   50
63   39   27
13   61   41
18   28   38
32   42   10
58   49   20
62   51   13
15   56   62
53   49   33
39   63   44
57   48   50
58   0   27
18   48   12
40   46   41
9   14   56
32   58   29
4   19   45
37   40   3
9   34   61
16   30   2
16   42   55
48   52   52
5   42   33
51   52   25
2   31   34
11   61   1
8   39   34
56   4   8
61   34   39
3   28   41
31   57   12
61   22   4
8   41   35
42   45   29
48   34   26
46   63   59
11   7   6
12   39   55
47   27   21
16   60   9
7   25   26
28   47   0
5   22   62
32   25   32
56   10   62
41   51   29
12   43   24
26   53   60
63   36   23
24   47   41
63   4   59
59   37   6
30   25   39
20   51   25
14   63   38
39   30   41
15   21   45
19   41   39
27   36   47
19   2   13
30   7   36
31   52   55
21   5   62
25   39   39
16   61   6
60   36   33
35   31   4
61   15   59
27   28   2
51   37   52
31   32   24
21   62   44
63   22   8
24   12   22
60   59   50
14   36   52
1   0   15
28   48   0
55   53   41
3   20   53
29   39   19
20   32   46
44   61   50
13   10   56
12   39   54
10   59   33
47   19   51
44   41   9
38   31   60
16   33   44
38   38   0
59   1   59
35   0   59
7   40   57
4   58   21
48   37   22
30   47   23
1   43   46
19   1   60
44   51   16
10   48   13
3   22   44
15   36   28
11   49   49
38   45   19
11   15   12
28   34   2
10   13   8
54   22   62
26   54   20
45   33   33
41   18   32
58   38   33
63   28   62
1   54   17
57   31   24
3   55   23
24   34   39
54   41   26
58   1   35
41   38   36
32   40   33
37   31   36
32   18   22
20   52   25
16   61   2
0   25   41
55   30   35
33   25   48
17   48   38
34   8   13
27   35   54
44   39   36
26   50   36
56   59   32
27   38   31
54   43   50
48   24   12
46   14   12
3   55   12
12   57   22
38   19   27
34   30   1
48   33   36
43   16   12
59   8   15
9   1   19
39   31   29
27   47   19
43   45   7
25   7   30
57   42   25
0   47   28
11   43   33
9   62   1
50   31   26
23   26   38
26   41   49
61   9   15
18   17   24
55   49   55
51   43   34
44   47   30
5   57   53
60   44   41
20   45   18
19   30   45
23   45   61
51   6   42
33   25   27
49   39   40
4   24   34
28   27   39
9   49   54
58   31   0
43   41   37
6   19   8
47   50   11
45   50   29
49   58   28
29   24   34
22   58   57
62   27   0
15   51   42
45   32   25
53   16   12
5   54   25
47   34   25
34   52   24
36   37   0
42   12   21
32   1   49
0   14   16
13   44   41
22   27   38
23   32   51
5   56   6
39   17   33
30   36   34
58   22   34
62   14   29
16   26   30
11   18   51
33   55   14
29   35   24
6   24   16
19   44   45
56   30   25
13   63   22
13   12   20
31   26   18
28   45   0
63   25   42
63   23   45
10   37   61
43   50   30
40   16   15
0   10   63
13   12   56
37   55   38
7   49   14
40   54   48
15   21   40
26   50   23
15   53   0
52   18   11
29   17   21
11   23   36
15   42   46
15   33   50
27   25   29
62   8   37
56   19   49
58   52   52
11   24   38
2   37   33
36   54   20
12   10   58
25   32   29
1   35   32
2   31   30
15   25   28
3   48   29
13   0   41
17   57   16
22   49   14
37   24   31
32   35   27
27   7   38
40   48   27
16   36   18
47   33   26
56   47   45
28   24   39
15   59   35
17   43   31
3   59   36
52   47   16
36   6   39
46   20   54
8   53   27
21   9   22
30   11   19
36   4   30
3   5   53
60   57   4
45   21   52
2   52   51
17   51   20
59   5   8
38   34   45
15   27   28
42   46   40
50   25   54
56   29   58
3   60   20
7   6   12
7   34   34
51   10   50
54   49   16
31   58   0
35   24   41
2   57   8
17   40   10
49   57   34
10   2   28
17   17   10
26   43   28
48   20   5
51   48   16
55   50   55
37   33   36
2   10   31
39   55   37
45   41   34
33   33   24
5   25   8
2   27   5
31   33   62
11   52   6
38   49   38
14   59   15
0   53   50
42   60   22
22   39   44
46   51   22
3   24   29
44   56   38
54   15   56
47   54   32
62   44   26
3   13   40
57   54   24
23   28   51
5   37   13
6   22   14
7   59   8
59   51   50
12   16   58
26   44   19
20   62   14
34   3   12
