35   38   53
32   20   27
27   14   60
59   12   39
53   51   56
41   59   28
32   45   52
29   24   14
37   8   58
27   35   1
38   32   16
11   11   36
59   43   9
62   24   26
50   30   57
34   52   31
42   21   20
1   32   28
36   37   29
51   7   27
44   2   29
63   23   47
63   17   7
34   8   18
34   13   0
52   0   56
11   19   20
30   29   63
6   37   37
42   7   37
32   22   45
47   54   35
43   2   46
37   26   3
60   61   58
8   10   4
49   13   35
38   46   7
6   37   30
48   18   2
50   49   49
25   2   43
60   44   44
8   63   32
37   51   53
50   0   8
60   51   39
41   55   15
0   55   29
49   20   63
37   18   17
18   31   13
29   46   46
57   46   21
28   8   53
23   19   54
4   3   36
62   2   23
60   39   52
2   23   46
15   10   7
13   33   4
46   39   38
13   44   4
59   16   59
1   30   48
30   22   59
60   13   53
12   17   40
25   12   57
36   52   57
53   8   49
1   7   20
22   30   33
15   12   59
46   48   5
31   47   1
9   59   33
22   48   11
19   5   52
58   36   36
8   25   3
53   28   38
36   25   56
0   23   37
51   7   56
59   56   31
59   54   19
39   15   35
61   44   49
54   2   39
60   10   60
63   62   50
26   51   36
48   42   54
55   49   37
46   39   14
41   59   35
5   2   1
41   29   28
56   55   27
11   49   2
53   53   58
3   4   56
18   27   6
16   43   39
51   9   35
25   44   28
59   61   1
31   17   26
3   25   57
11   36   47
35   18   2
21   3   24
14   35   15
18   20   27
55   10   38
22   16   38
43   44   53
60   44   21
37   38   22
14   31   12
53   13   57
57   19   35
53   34   16
59   2   56
21   7   3
10   53   44
15   22   33
57   7   61
30   5   29
10   12   1
8   28   11
8   35   9
51   13   7
52   30   49
55   18   13
27   26   21
1   21   1
62   45   12
57   62   43
51   35   46
53   21   41
18   13   54
57   28   55
8   15   20
15   47   35
11   9   54
36   25   55
21   29   32
27   21   62
16   19   15
43   52   62
56   0   6
53   37   24
62   3   6
9   3   27
16   41   8
5   33   34
16   61   48
32   62   8
35   59   17
4   59   13
30   8   23
33   51   4
18   52   11
51   61   53
8   59   31
39   9   49
46   59   23
42   7   58
2   27   3
8   47   7
12   48   58
42   10   3
55   33   53
58   30   46
26   1   52
10   11   57
6   27   3
24   31   1
18   42   61
8   43   32
17   43   59
23   9   38
31   44   22
51   2   55
34   11   9
33   24   5
59   53   20
4   24   9
38   11   63
1   41   54
52   59   25
62   23   42
37   49   2
57   43   53
43   49   14
3   49   2
13   22   21
36   51   10
56   26   17
31   2   3
36   18   10
37   47   7
36   20   31
0   1   50
43   38   47
28   61   28
24   10   49
52   62   48
55   36   39
44   31   53
17   4   22
18   2   36
18   6   53
52   40   55
24   44   31
17   16   39
58   9   49
44   15   11
45   10   25
28   22   61
55   13   50
38   1   21
4   26   18
15   11   38
13   29   16
4   59   49
0   44   40
21   2   48
43   37   12
54   22   13
22   24   61
15   8   47
0   58   49
55   48   60
37   8   8
34   2   52
48   22   58
15   53   47
41   44   1
51   11   36
30   20   0
19   58   34
46   46   58
0   1   33
37   54   49
12   47   2
29   42   3
46   41   36
57   19   59
63   63   41
19   8   9
34   18   12
59   4   49
30   41   21
54   0   10
44   50   6
17   49   58
26   50   54
13   13   13
26   51   15
41   43   58
35   34   42
63   35   10
9   48   36
42   19   14
63   5   0
61   27   52
45   39   15
2   3   29
37   45   63
2   35   18
52   53   60
63   63   26
15   55   32
25   54   4
36   44   17
11   37   30
40   38   38
57   40   27
33   1   25
26   0   54
55   16   53
7   40   36
48   43   10
20   17   15
54   51   20
28   47   29
52   60   0
24   25   11
40   61   3
30   5   14
42   31   56
36   12   25
61   54   35
18   4   51
40   27   56
42   15   60
31   59   20
40   32   43
17   36   30
61   29   37
23   50   31
63   5   6
31   55   5
49   4   57
59   40   52
62   9   42
51   53   30
0   32   17
59   45   40
16   38   9
7   24   61
7   30   31
1   0   56
60   44   27
63   2   54
50   32   20
47   10   34
40   8   51
57   50   37
62   7   34
45   8   41
44   7   32
48   43   58
36   34   22
27   11   18
18   1   57
24   28   5
18   20   17
1   3   46
6   11   19
34   48   46
56   36   28
46   36   56
41   18   2
58   42   37
46   10   25
32   45   39
43   56   34
15   41   15
40   3   26
10   0   33
52   16   32
28   54   49
48   38   59
52   40   48
39   5   40
13   30   22
59   61   52
18   35   27
51   0   38
10   15   19
42   13   6
10   54   10
15   58   24
56   10   16
53   17   35
17   9   26
33   27   8
43   13   40
34   36   30
32   49   61
38   18   0
57   9   60
45   62   23
9   23   9
54   44   59
30   9   52
53   17   38
23   56   29
14   19   54
35   41   11
48   45   53
17   28   59
17   26   51
9   60   29
36   4   48
41   46   7
6   22   53
27   56   4
22   60   57
23   14   33
17   18   59
46   52   14
32   60   16
15   32   48
34   10   7
60   11   43
26   0   63
51   25   7
51   50   18
56   26   39
5   2   52
21   59   46
32   32   57
42   27   10
40   11   0
0   57   0
7   26   37
59   34   56
54   54   60
16   34   45
63   55   0
24   21   49
51   15   20
40   7   28
21   51   29
33   61   39
59   55   25
46   15   35
20   50   10
8   52   63
58   23   39
15   40   28
60   43   51
52   37   24
51   62   35
26   62   25
5   32   55
54   45   54
59   27   11
44   16   22
58   62   53
51   11   47
48   35   46
51   62   10
33   23   3
2   8   0
4   46   35
29   20   60
19   13   17
56   59   63
44   25   8
36   20   60
44   16   57
60   57   41
15   30   57
27   18   56
54   13   53
31   13   3
13   54   44
1   43   32
36   12   0
38   15   3
12   58   60
23   56   10
35   13   10
2   29   4
20   20   17
24   17   5
6   25   38
1   9   60
27   15   38
6   33   34
10   15   4
52   41   51
39   29   32
21   53   34
34   42   58
37   57   4
4   3   46
53   60   5
0   18   55
47   2   31
9   0   34
53   63   26
13   5   52
15   40   8
7   21   32
20   18   59
26   17   0
40   18   36
20   43   35
45   13   0
30   40   42
17   31   31
12   20   2
23   4   27
14   22   27
29   50   24
43   60   23
15   15   5
10   34   16
44   14   7
5   5   57
8   25   15
9   1   22
43   63   20
1   35   44
62   11   38
63   26   6
8   21   33
5   27   37
38   3   10
43   58   1
31   53   37
60   5   49
43   4   31
31   3   24
29   34   55
60   51   10
32   38   62
55   42   51
61   11   50
30   60   15
58   18   42
50   21   1
53   54   7
52   56   39
15   50   28
2   2   25
39   56   30
40   40   57
4   14   58
2   19   23
48   31   0
51   11   28
0   50   25
39   1   38
37   34   20
20   17   9
45   60   6
16   56   31
18   40   8
3   18   19
48   62   20
28   52   39
27   60   6
29   3   2
2   7   62
11   12   22
2   12   6
32   39   3
19   41   37
10   4   24
17   22   33
44   12   37
52   2   45
37   54   42
39   0   29
41   26   54
35   61   19
52   8   60
29   33   52
55   23   58
17   45   44
53   0   57
30   46   62
36   32   63
52   50   24
8   18   19
60   55   34
52   34   14
61   30   44
63   55   14
11   6   39
23   27   62
33   53   36
33   40   26
26   13   63
13   10   14
6   14   48
25   36   4
6   52   28
17   15   22
41   13   46
3   51   18
46   3   17
36   60   13
14   13   22
59   45   61
17   50   5
10   42   61
2   26   44
11   38   19
36   42   61
31   63   17
19   61   55
58   3   15
38   24   55
41   17   62
26   5   32
10   37   59
23   50   5
38   2   51
49   16   49
28   17   60
1   11   56
40   15   44
30   25   1
3   43   0
1   19   6
46   39   11
53   32   12
30   12   18
63   14   57
40   35   48
49   5   38
63   33   58
5   52   18
5   28   12
6   60   40
63   6   8
61   14   9
13   53   59
54   45   37
56   26   20
11   55   60
57   41   17
30   45   16
62   51   61
55   19   16
62   54   25
17   48   33
33   63   17
63   57   47
31   0   62
58   44   2
54   25   20
55   24   46
10   45   8
33   40   15
31   35   55
25   41   37
63   11   38
49   61   46
38   57   44
43   53   15
55   52   58
63   32   36
7   7   38
18   8   26
6   58   60
44   30   7
43   6   62
45   45   10
61   29   42
15   7   32
0   54   20
51   49   9
60   53   36
0   38   15
48   49   49
15   10   52
6   25   45
30   61   33
37   8   55
25   5   47
35   49   62
33   2   61
55   45   21
31   33   7
52   55   53
33   41   17
21   39   58
20   9   35
23   6   9
49   56   32
41   7   2
10   52   18
20   10   55
46   55   10
49   41   2
20   6   49
42   53   30
23   21   42
32   52   6
0   24   11
21   31   29
23   45   27
14   52   47
61   9   21
62   48   15
63   59   45
58   3   25
48   35   63
23   21   0
24   9   34
63   1   49
1   33   30
17   17   12
7   37   8
5   6   54
46   43   6
5   23   53
6   47   2
45   3   10
49   3   6
12   13   9
54   39   42
35   8   12
40   43   2
44   30   19
28   58   29
5   22   57
32   52   8
23   5   34
39   51   19
39   4   51
23   26   3
30   20   56
12   52   37
54   18   39
62   19   29
4   3   12
8   0   25
52   22   15
5   28   4
35   21   3
60   41   15
32   45   38
37   13   20
38   1   28
59   11   62
23   54   50
6   47   42
16   33   49
51   61   8
34   62   0
45   55   58
58   21   37
29   21   35
22   38   23
37   33   1
54   60   48
7   31   15
15   10   45
1   50   9
1   34   12
0   5   12
34   17   6
3   62   41
26   16   38
19   3   47
55   13   33
13   7   41
5   44   59
11   49   34
2   52   48
48   14   62
30   62   35
10   63   44
5   9   11
26   9   3
58   59   52
52   48   61
9   36   20
21   12   5
27   13   34
52   59   31
34   37   29
63   56   38
31   15   45
33   22   1
3   27   17
15   45   44
43   56   17
43   8   4
56   55   25
26   52   49
46   6   6
63   43   25
39   31   30
9   28   38
55   63   57
0   24   21
3   45   14
18   15   49
18   17   47
22   0   25
40   25   20
40   35   50
32   37   32
13   9   19
37   0   31
3   12   26
29   19   36
21   48   4
62   51   43
51   11   8
21   14   61
13   36   15
41   33   19
11   48   62
17   30   20
14   52   4
51   19   53
53   59   8
12   4   27
30   60   28
46   29   55
38   58   4
1   41   17
37   35   44
21   32   31
53   54   15
18   34   20
39   10   56
52   36   12
63   54   19
56   49   14
15   53   49
4   18   11
0   19   7
25   30   60
61   12   42
28   21   49
35   30   61
18   53   21
53   47   45
2   37   60
51   54   5
24   15   7
16   40   43
34   32   13
13   9   60
11   0   49
42   38   63
46   49   4
29   28   63
60   7   28
30   60   0
54   59   63
27   52   3
60   43   28
41   5   15
50   30   7
11   38   45
17   1   49
6   21   9
44   54   61
17   19   7
40   22   53
40   12   2
51   20   0
8   24   56
63   52   40
45   32   38
36   4   7
34   31   12
36   35   13
40   58   52
63   33   15
41   15   7
16   31   41
37   32   63
39   11   17
42   3   4
3   44   23
28   57   38
6   26   28
46   13   14
62   40   32
58   35   19
49   50   24
9   51   16
54   27   17
37   50   13
58   39   51
60   36   5
27   58   0
23   2   5
10   41   15
11   35   15
22   46   27
21   54   3
14   9   41
60   15   54
29   46   54
31   46   61
45   2   46
52   42   39
34   33   63
37   34   13
1   33   13
10   62   57
7   54   57
55   20   60
23   17   52
49   49   35
30   8   51
0   11   51
50   30   38
2   50   57
13   13   39
15   35   38
7   2   24
10   20   11
37   17   0
18   33   36
15   20   21
8   14   31
15   27   36
23   61   8
44   29   16
59   50   6
52   19   35
51   48   26
4   0   9
48   0   45
21   4   27
35   16   8
21   0   55
10   2   16
8   11   14
16   40   1
46   51   44
43   26   49
52   13   34
22   60   54
59   36   39
49   51   5
37   10   47
43   48   25
60   6   29
40   8   27
40   24   17
44   63   55
60   33   54
2   41   44
15   48   50
63   55   21
13   47   37
22   4   3
39   9   54
35   45   17
32   6   0
48   2   6
41   6   61
4   58   39
60   27   14
11   32   12
44   44   44
62   62   50
14   27   18
54   1   45
46   43   2
2   63   52
38   34   30
52   0   20
60   35   17
13   36   8
15   38   2
63   59   29
63   10   24
6   28   31
45   15   61
13   9   0
10   47   2
20   33   42
7   41   34
20   38   1
50   48   6
5   53   62
62   58   62
8   12   39
15   6   13
7   49   4
18   42   28
63   30   12
62   63   54
0   26   57
23   43   50
42   2   26
17   4   23
2   57   22
17   49   36
54   16   33
40   21   15
61   11   60
20   18   4
51   3   31
30   7   31
25   13   56
1   33   8
21   53   30
5   49   60
37   0   45
34   23   51
11   63   30
3   8   21
28   10   62
13   22   10
15   58   51
19   24   37
13   26   23
41   33   1
55   14   40
36   6   49
8   49   28
53   49   53
10   61   50
21   37   23
49   59   35
25   41   26
6   6   2
14   37   42
43   14   35
46   52   3
35   29   16
62   15   27
17   26   49
8   12   6
46   38   10
31   3   35
9   11   30
47   63   32
8   47   61
7   35   1
28   5   55
60   23   11
33   44   31
43   34   21
6   4   9
38   52   18
48   2   41
35   60   61
27   16   54
26   58   32
62   19   39
10   51   28
37   29   26
5   1   33
44   3   14
10   50   26
22   26   51
42   40   58
34   28   28
2   50   61
48   32   62
35   18   15
55   47   53
1   29   2
21   17   3
8   8   60
25   27   37
26   16   61
6   58   1
25   57   50
4   7   52
54   33   3
19   38   0
43   31   13
57   20   3
33   18   45
0   12   62
20   37   0
28   5   24
53   16   34
18   5   34
41   43   15
11   31   9
10   30   20
39   50   54
50   12   17
23   23   63
7   32   3
12   5   21
51   24   59
30   1   26
6   27   7
40   52   13
27   19   36
23   6   26
53   56   2
11   53   31
3   24   45
34   25   0
16   48   59
36   13   5
4   24   21
51   5   16
53   1   0
37   33   58
0   58   54
3   34   3
51   14   34
30   20   62
18   8   28
55   23   42
9   57   54
6   45   11
55   48   54
25   41   23
24   25   62
36   53   62
34   2   43
58   47   62
50   21   22
16   54   54
16   13   13
60   17   46
43   53   63
21   44   31
41   61   21
23   8   8
58   7   23
31   6   26
30   43   1
18   34   2
35   51   37
5   20   31
15   10   30
30   10   30
8   48   26
57   51   46
53   18   39
40   53   56
23   53   22
25   24   35
21   44   26
46   63   14
17   45   25
21   31   15
33   28   0
61   22   2
55   23   39
8   41   34
38   2   26
26   21   1
54   2   57
11   24   18
11   44   57
11   52   39
57   31   58
62   56   57
16   29   36
41   47   46
26   63   28
3   18   2
16   45   10
59   36   59
17   4   36
22   46   31
24   51   51
60   20   6
36   56   8
61   54   36
28   5   32
17   15   57
13   40   22
14   9   31
61   2   32
47   51   3
45   22   56
32   46   26
9   13   58
4   23   22
19   28   56
18   33   49
60   58   49
12   30   59
40   54   40
2   13   21
40   54   47
61   56   62
34   63   35
28   0   59
36   36   30
20   18   16
37   44   51
23   53   30
14   10   48
16   31   12
2   43   40
6   17   21
39   20   1
14   23   61
17   61   24
50   50   35
12   31   30
1   40   42
56   55   2
31   36   14
62   7   49
62   15   7
62   33   13
63   11   39
26   52   0
11   29   11
54   2   60
37   11   18
10   56   52
40   41   46
59   61   62
28   51   5
54   53   21
54   45   39
53   29   4
49   17   60
52   50   7
20   10   29
25   37   1
50   18   53
59   24   52
56   48   15
59   59   0
1   59   61
19   51   55
51   17   22
48   45   21
44   61   23
34   1   53
7   14   28
44   14   38
14   18   11
4   30   20
4   40   37
50   37   6
63   17   2
53   6   17
56   27   18
48   8   61
23   22   37
58   52   3
59   61   41
20   49   33
33   19   63
8   3   34
34   6   44
0   38   30
20   7   27
14   27   5
11   57   12
17   39   43
31   39   57
55   2   25
0   22   2
18   18   52
9   20   20
3   11   35
6   9   3
60   46   54
38   50   46
61   60   33
50   57   30
21   11   62
6   8   8
14   5   26
53   47   8
10   3   36
21   25   59
50   42   28
33   16   62
9   40   52
60   49   0
18   16   6
55   14   14
1   46   7
49   34   55
0   31   28
63   29   53
60   25   8
17   62   25
50   24   17
40   13   1
34   6   42
52   58   33
48   61   23
5   52   7
39   59   25
29   63   31
1   38   49
15   23   0
58   10   54
27   63   52
14   3   28
6   55   34
5   2   42
3   45   57
6   30   58
39   58   4
59   10   15
28   15   26
36   17   61
18   6   45
46   57   17
40   5   57
8   24   36
25   5   19
53   39   28
62   62   38
9   23   51
59   29   30
54   2   35
34   44   4
4   41   2
62   56   45
55   48   39
18   16   22
45   59   35
21   31   14
16   24   51
15   14   4
24   7   35
17   7   27
11   27   37
13   26   28
17   41   32
54   25   52
61   11   58
43   43   32
62   3   25
40   41   8
52   6   32
38   11   59
12   7   48
8   44   56
54   8   46
9   60   58
32   46   2
5   57   57
49   5   59
63   2   12
46   2   31
5   32   16
11   32   14
36   43   54
18   13   59
14   29   30
57   26   50
20   56   49
18   36   4
34   15   26
25   18   61
26   54   62
32   10   58
35   34   17
6   23   47
42   13   1
13   49   34
44   56   47
33   34   36
24   47   34
45   56   4
2   5   7
4   10   4
39   34   12
23   63   42
43   11   49
8   36   8
2   39   14
55   37   42
7   39   12
13   1   51
6   37   7
31   10   18
11   5   35
27   7   14
4   1   30
41   50   39
29   45   49
29   56   37
6   24   56
34   37   17
44   32   10
46   53   45
19   22   62
53   22   17
4   2   48
8   36   58
46   59   4
37   10   9
27   5   12
41   51   22
50   51   54
50   20   18
22   27   56
5   46   2
46   30   15
37   11   46
51   25   16
46   11   38
15   26   31
3   8   17
49   32   0
11   42   58
41   17   1
43   61   28
46   56   6
42   15   38
31   40   53
17   10   16
58   30   45
15   55   42
15   44   58
57   39   15
58   33   16
45   55   0
27   12   26
29   25   8
55   35   46
19   49   5
57   41   36
14   54   21
2   42   10
47   35   20
54   42   31
27   8   8
40   30   13
57   61   7
32   21   19
16   54   18
28   9   58
1   30   17
53   38   41
39   58   15
62   47   7
17   19   4
54   55   12
27   63   10
62   53   31
32   44   13
34   59   54
17   40   51
57   38   14
38   59   20
27   20   27
54   42   23
18   53   12
59   40   51
15   25   58
14   9   6
22   61   50
21   28   58
43   4   41
8   60   36
5   42   57
19   38   28
15   61   57
15   15   37
26   25   19
11   23   15
10   1   49
43   11   19
57   0   55
15   19   49
8   11   21
63   15   18
56   34   48
41   53   10
60   33   21
16   34   47
34   4   29
7   7   60
11   44   9
32   37   16
21   16   56
32   47   54
54   11   23
2   50   38
63   56   31
24   26   0
9   56   49
10   25   25
9   45   56
38   15   23
26   8   17
13   20   51
50   35   18
7   51   58
45   7   55
59   45   14
1   0   34
37   43   56
52   46   42
46   6   39
6   9   60
61   48   19
25   49   10
61   38   4
30   29   40
16   14   19
27   59   56
26   17   60
19   6   63
17   57   50
47   10   46
54   23   42
63   18   56
9   59   51
27   5   2
49   51   2
48   27   38
17   16   35
10   22   18
8   28   59
38   62   37
10   59   29
4   5   62
46   45   8
38   11   54
27   1   59
42   17   34
46   40   15
8   47   57
62   34   16
32   39   12
60   19   58
41   44   2
39   19   15
36   60   18
17   60   54
36   27   43
47   40   22
38   59   6
27   21   63
0   36   14
20   30   62
47   34   18
5   12   20
8   28   18
51   56   54
4   7   2
33   21   6
19   39   42
6   4   12
58   1   27
19   15   18
59   22   45
56   57   3
24   9   19
40   60   46
43   52   54
33   3   26
7   38   0
0   48   28
44   10   1
36   14   56
25   9   51
38   40   48
36   5   43
26   7   4
51   51   33
5   24   63
2   46   9
3   24   16
2   60   23
14   49   46
19   38   3
7   24   63
39   30   53
52   44   14
55   12   42
49   35   15
53   62   53
10   23   24
29   6   59
54   62   6
21   6   9
36   50   6
50   60   33
32   61   3
18   7   17
22   2   29
59   31   18
4   47   18
48   6   16
61   30   30
50   22   55
16   5   52
58   21   7
7   42   61
32   44   57
42   0   6
42   9   53
8   24   14
54   24   18
15   4   14
34   11   14
14   11   45
30   19   15
52   13   19
9   24   10
34   8   46
39   20   12
45   9   39
43   10   37
39   33   35
16   56   49
6   18   25
38   34   22
5   59   34
58   48   31
10   1   14
11   6   33
34   18   16
62   12   20
63   54   7
39   23   33
9   16   19
4   10   54
20   41   30
24   56   11
5   0   4
4   48   14
45   57   3
59   62   14
25   34   28
37   47   11
25   12   58
22   18   42
44   53   42
38   15   58
14   36   20
57   61   4
19   24   48
36   41   39
35   50   10
25   60   41
41   61   17
37   42   30
53   4   62
36   39   32
62   30   59
61   34   19
46   15   63
17   48   14
30   48   10
13   53   38
51   62   48
51   43   38
57   28   39
52   32   58
55   40   17
36   62   41
17   4   52
58   48   5
1   61   36
8   61   4
16   11   9
35   10   23
19   40   36
61   0   1
39   53   24
2   42   31
40   23   21
36   58   31
6   3   49
38   35   47
52   20   27
2   12   61
21   63   4
38   25   38
32   41   55
15   27   32
25   33   58
24   11   37
42   35   55
63   15   48
22   55   61
43   51   2
34   59   56
53   8   14
12   24   47
48   42   13
44   5   54
12   35   19
38   5   17
14   35   7
18   10   16
8   58   49
3   62   63
40   40   42
63   8   33
57   28   46
31   60   29
18   23   18
4   30   36
61   44   62
51   30   42
51   62   41
1   10   54
32   35   14
8   50   37
6   14   28
14   61   43
4   35   30
24   27   6
56   50   1
2   29   53
7   5   58
8   39   31
24   50   30
56   44   57
15   28   3
30   58   23
26   54   63
50   58   40
34   26   3
24   14   4
49   48   47
43   0   19
7   56   44
55   12   30
60   6   46
23   4   63
47   35   21
39   15   20
61   32   16
5   5   21
2   10   13
52   51   12
57   45   56
5   24   46
51   41   14
52   50   10
36   16   15
25   60   49
11   35   32
53   23   3
36   29   21
29   5   0
56   47   5
56   30   42
34   32   14
24   21   46
41   11   10
47   11   4
52   43   23
12   35   7
54   34   4
62   37   5
8   22   25
42   16   42
43   29   19
18   19   25
4   21   31
42   55   34
18   14   39
8   37   7
48   25   44
35   3   62
26   54   26
53   7   16
54   46   3
12   3   22
56   48   36
58   60   49
41   44   17
54   43   44
18   5   52
17   20   52
61   21   7
38   40   32
6   60   43
27   30   17
29   29   4
32   22   17
23   24   5
16   10   2
14   55   48
0   3   56
14   56   5
58   2   14
5   11   46
10   42   30
63   28   20
11   30   43
22   0   51
29   42   1
0   59   40
51   39   21
48   23   61
20   19   8
2   23   52
21   52   51
23   57   32
63   48   28
4   49   19
50   60   28
50   46   58
43   18   45
1   3   17
62   30   63
21   12   11
60   53   47
36   41   57
10   23   17
37   20   25
43   29   56
30   46   63
56   31   16
39   61   42
0   34   54
25   27   41
14   61   57
22   30   59
63   57   52
23   24   60
6   4   41
18   41   16
37   56   54
59   55   61
51   32   62
56   26   7
50   45   62
33   2   42
30   36   24
12   33   56
8   50   4
9   41   55
17   14   1
39   33   16
27   49   29
20   53   21
2   17   31
63   17   55
8   45   35
39   40   53
62   30   7
38   7   49
60   33   11
48   46   45
24   28   15
18   20   5
2   41   56
38   61   50
58   63   28
30   62   1
43   32   53
2   8   2
45   11   9
49   9   8
10   10   51
58   59   61
47   54   40
35   18   38
44   60   6
47   35   30
59   42   62
13   50   36
16   1   13
4   51   34
63   41   32
27   23   16
63   53   9
11   45   5
33   18   43
19   16   8
36   26   30
36   34   14
37   38   55
16   62   50
36   30   37
60   48   62
61   29   18
25   14   9
55   29   55
15   5   22
35   63   0
5   15   17
27   36   63
62   13   11
8   18   60
27   4   63
0   47   57
54   39   18
33   1   32
62   15   30
51   9   45
41   3   24
44   12   3
56   56   7
1   37   60
25   33   32
22   52   39
34   8   24
13   48   30
3   18   58
57   37   51
59   6   46
27   13   59
35   20   19
8   37   37
0   9   61
11   43   12
4   9   57
2   29   7
48   35   55
30   25   37
43   34   63
57   55   44
38   5   41
58   34   28
60   24   13
53   43   40
2   53   39
38   50   45
3   59   7
26   21   13
17   54   31
9   31   16
9   31   42
56   48   53
60   35   10
37   51   58
0   52   22
48   19   22
56   50   0
47   14   49
52   26   22
62   15   22
31   46   33
44   59   45
8   30   61
46   14   19
33   29   57
53   21   1
48   25   49
24   7   43
30   27   32
15   11   28
15   53   59
22   24   48
63   49   44
28   17   14
36   54   54
53   17   50
30   23   12
52   4   43
15   29   27
48   44   61
62   28   44
18   35   56
39   57   3
57   37   19
15   59   60
7   55   54
53   53   13
12   3   63
55   1   6
28   16   5
62   38   14
29   47   4
16   49   9
4   49   15
0   60   14
9   61   10
9   59   39
2   27   48
20   14   61
16   15   23
26   13   41
37   18   10
35   11   18
34   3   10
44   2   4
63   14   19
16   20   18
36   8   27
1   17   48
44   23   20
20   30   48
21   29   12
48   16   40
4   28   28
55   41   47
56   8   30
39   25   10
29   24   57
53   9   19
22   15   35
34   5   16
41   18   57
55   28   61
28   22   8
57   39   31
35   36   48
38   2   43
34   45   51
20   49   34
11   37   56
2   20   58
36   6   28
53   52   43
12   41   45
36   50   3
41   60   37
62   10   54
33   12   55
60   4   45
51   54   4
13   52   2
48   58   19
1   46   47
3   36   30
43   33   30
0   57   10
27   14   25
63   11   20
49   62   33
28   10   57
41   56   5
39   61   50
26   59   53
12   1   33
23   31   35
19   40   11
43   52   19
45   38   11
54   59   2
1   6   13
53   31   10
27   57   63
3   15   39
51   25   15
20   32   41
6   23   61
35   20   26
54   20   22
24   8   62
13   59   58
42   60   18
26   61   42
26   19   56
18   29   38
50   0   23
51   6   23
13   11   2
20   27   39
59   7   55
50   1   55
46   40   53
8   3   58
44   13   59
2   21   10
62   42   62
28   16   18
9   11   22
49   20   59
42   14   11
8   7   36
36   20   62
30   14   46
54   17   60
37   28   10
11   27   24
12   61   62
58   60   30
11   33   22
35   4   5
52   50   43
29   16   20
54   30   50
24   1   57
20   57   51
36   44   59
58   40   32
42   31   18
48   4   2
46   27   17
38   63   8
18   51   4
13   17   9
54   16   3
13   62   33
16   8   62
44   32   42
40   52   8
58   41   4
58   39   8
55   14   6
32   35   25
17   62   42
26   52   37
60   56   29
5   60   9
43   12   44
14   33   19
38   54   15
59   28   57
17   19   62
7   24   20
34   35   42
31   54   45
15   60   56
54   21   15
41   11   41
10   21   23
20   47   26
63   18   43
29   17   11
56   49   20
40   49   41
49   16   48
44   32   43
40   46   45
20   22   37
27   62   1
39   61   37
20   30   19
54   21   58
61   14   16
48   32   42
26   5   27
41   47   8
49   34   18
45   4   14
23   22   56
34   54   4
45   38   22
32   26   28
44   47   63
60   1   57
44   41   45
56   5   27
22   60   49
60   14   50
50   60   34
4   10   32
56   9   7
35   48   33
35   7   61
31   55   43
35   17   16
20   22   0
35   42   38
1   31   20
12   59   44
56   56   45
12   2   0
8   36   2
12   35   58
2   55   19
31   32   5
37   18   57
40   60   62
28   55   26
63   7   13
26   7   2
30   14   38
17   20   11
15   61   25
40   7   16
55   58   56
8   43   10
55   41   19
13   49   50
40   29   16
21   35   62
55   16   15
29   11   27
26   0   45
60   22   3
58   58   33
26   57   46
32   27   36
52   31   11
54   3   17
34   56   5
31   39   11
13   46   40
51   1   21
52   60   58
16   48   17
22   63   7
62   7   35
19   36   4
12   54   48
40   58   57
4   2   14
33   15   26
53   36   21
45   5   8
36   4   20
45   21   13
36   8   23
51   1   57
54   6   55
7   15   22
13   1   36
17   58   12
51   48   3
20   32   5
12   10   11
49   23   39
57   50   0
31   61   15
54   23   11
14   15   24
8   50   38
8   7   22
30   7   37
27   10   15
45   52   24
32   4   49
32   41   30
13   1   10
42   20   9
63   7   11
45   56   10
63   26   57
9   41   42
12   59   4
57   15   32
45   40   12
9   14   24
7   57   12
51   13   39
42   11   2
10   31   48
46   19   20
52   16   23
33   24   46
38   21   51
3   33   10
7   0   21
51   46   42
34   62   22
20   35   49
2   15   39
49   9   28
41   2   26
9   28   57
59   20   37
28   19   54
6   47   7
59   54   26
35   12   60
15   49   4
2   57   1
60   41   56
29   14   37
21   10   53
62   48   35
3   29   42
31   28   11
52   12   28
15   2   33
37   9   39
38   4   16
40   49   7
44   63   50
4   50   3
39   62   52
27   55   8
28   50   4
55   34   63
15   37   23
52   38   13
4   16   28
49   31   14
56   14   26
14   41   11
40   44   63
9   21   11
28   3   39
35   60   18
25   34   56
44   55   1
23   2   45
14   4   32
13   44   61
42   52   62
44   61   3
0   51   61
4   38   9
51   40   56
39   53   55
5   63   32
33   33   7
61   14   38
11   29   3
5   29   43
14   56   51
0   8   8
28   62   42
1   58   52
59   41   17
51   19   58
9   47   62
46   39   12
49   4   2
46   39   22
31   46   9
45   19   57
63   33   2
57   60   56
46   28   6
33   61   57
61   40   42
42   23   8
56   28   37
42   34   30
21   12   54
1   39   31
5   32   2
16   1   5
59   28   10
33   0   3
21   55   21
4   35   5
54   40   36
15   59   23
33   11   9
14   34   58
13   31   0
2   29   28
28   54   46
32   60   20
51   60   7
50   49   9
30   11   27
50   61   54
30   51   37
14   5   63
10   12   47
17   49   28
44   13   23
9   20   54
15   49   36
7   25   18
11   35   48
19   23   27
15   29   8
49   4   37
32   17   43
14   62   47
62   27   8
30   44   53
44   57   14
52   52   1
62   60   21
35   3   63
31   38   63
18   31   58
41   5   16
6   7   33
31   55   34
57   33   6
5   53   19
43   49   7
60   59   1
42   5   34
24   6   51
30   31   7
26   44   26
58   36   59
36   62   23
42   15   0
13   5   35
17   23   23
40   60   39
37   38   48
28   31   16
1   8   43
37   27   32
7   23   36
31   59   1
2   46   49
47   10   38
56   40   37
38   35   29
41   42   30
17   27   24
50   54   47
25   23   3
48   3   60
56   48   9
52   58   62
14   20   46
14   33   56
39   47   51
34   12   60
45   10   51
51   53   61
44   50   53
43   1   32
6   7   58
9   10   57
37   24   35
63   35   13
32   2   46
62   54   20
15   14   18
15   11   36
62   51   37
31   27   0
38   57   47
39   5   30
55   43   7
31   37   13
55   3   3
5   10   35
1   36   5
4   50   47
26   18   37
11   24   27
7   15   27
28   27   11
31   37   62
14   5   5
5   18   43
6   15   32
44   26   46
26   6   16
5   13   33
0   44   49
13   44   62
40   10   58
15   14   26
40   60   15
33   39   42
53   25   6
6   1   50
8   6   28
45   0   42
8   5   33
39   15   57
53   16   63
39   37   56
54   14   32
62   42   0
51   46   24
22   43   15
34   37   35
55   13   58
10   4   52
42   25   28
7   48   10
16   21   24
13   43   28
44   36   38
9   63   21
34   27   15
7   28   4
46   53   56
16   38   0
51   25   20
15   19   46
57   39   18
49   38   23
1   37   9
56   52   44
29   11   14
29   9   10
0   60   45
57   16   30
57   42   40
57   42   28
55   4   22
59   31   3
5   52   14
15   30   9
23   2   28
45   53   51
49   6   4
7   11   26
46   8   30
25   38   53
39   63   46
30   33   13
3   7   19
40   0   34
41   12   39
53   43   0
49   57   11
34   51   9
8   56   47
49   2   3
63   34   52
28   51   7
5   1   0
36   30   25
46   40   13
49   41   21
45   50   11
51   38   16
58   13   60
62   1   30
46   36   30
8   54   2
14   4   33
7   47   9
11   11   31
36   17   14
55   12   34
50   46   53
40   41   22
26   25   49
59   13   18
15   29   47
45   20   60
4   5   34
62   1   10
26   38   27
56   13   35
55   54   15
40   16   34
17   44   12
3   22   21
33   46   9
35   31   1
1   60   13
7   18   6
27   53   62
28   0   54
9   44   59
5   22   15
48   58   35
39   12   43
40   4   47
7   18   57
3   55   0
18   4   39
46   3   57
34   10   57
7   5   48
5   28   51
43   55   49
42   3   31
40   34   17
4   61   52
35   18   33
51   13   29
8   39   14
49   8   54
42   0   19
43   8   5
15   52   34
63   48   36
30   25   35
9   28   3
33   61   38
5   20   21
18   50   58
13   51   51
44   61   37
45   48   13
21   37   63
24   15   56
20   22   35
47   23   33
63   22   63
5   20   47
50   31   21
36   60   39
33   16   54
60   44   30
54   56   4
18   51   27
21   44   17
29   40   21
52   13   18
61   32   24
4   57   44
13   43   42
32   34   1
59   1   30
17   41   1
47   56   5
8   6   24
30   16   20
5   9   48
58   34   5
17   33   62
59   16   16
37   12   42
50   45   10
17   31   16
45   3   19
58   36   15
9   13   47
31   23   57
17   40   8
53   23   45
50   48   39
26   11   31
57   16   55
53   0   21
63   9   61
7   20   58
58   38   60
40   59   10
40   7   42
24   54   24
43   54   39
63   48   58
49   17   3
26   18   59
55   41   15
21   1   57
36   53   46
43   30   38
17   8   46
1   63   57
54   1   43
7   7   33
47   29   11
54   23   45
44   4   19
12   34   20
59   42   36
51   37   30
52   50   18
54   21   6
19   18   57
54   39   41
24   12   38
54   41   27
43   0   22
41   22   49
37   12   1
45   63   54
59   46   5
31   38   12
48   5   39
40   46   10
60   23   52
47   16   42
29   48   17
4   15   7
41   33   26
38   6   47
6   35   55
43   4   47
28   10   56
7   17   24
60   30   44
26   24   12
27   50   17
35   21   42
55   43   36
45   17   17
37   37   32
20   41   51
18   12   23
3   17   36
22   44   48
12   37   16
53   23   37
38   37   17
31   53   27
19   15   59
2   46   35
18   59   42
27   50   5
18   12   55
32   10   59
59   49   8
50   48   57
34   62   32
18   0   55
7   20   31
4   11   33
49   32   42
19   32   62
62   39   46
15   21   6
14   26   40
24   50   29
55   2   27
49   44   55
42   13   7
31   34   1
7   11   20
1   19   58
34   53   3
14   33   2
19   17   52
11   13   23
0   3   23
7   3   49
39   13   34
42   17   25
43   48   21
17   46   35
46   42   42
60   7   38
12   46   4
30   44   57
16   39   23
53   52   14
2   18   27
2   16   17
51   0   0
12   43   5
28   10   12
59   27   6
37   25   16
35   51   19
41   50   47
32   6   53
40   43   56
38   61   42
33   50   28
29   56   56
10   58   56
19   59   32
54   23   46
17   62   34
37   1   43
46   34   1
13   19   37
44   11   6
57   43   3
42   45   32
42   20   26
0   17   56
7   40   58
50   26   39
36   2   8
24   21   57
58   61   54
43   5   45
31   6   14
46   59   32
33   1   62
54   20   48
57   30   56
44   26   11
55   44   12
22   27   37
49   51   40
50   49   23
14   35   43
24   43   37
22   32   2
14   37   49
36   52   30
32   39   58
36   2   3
56   36   30
39   18   38
6   37   36
63   8   36
9   27   4
31   52   49
46   58   30
28   9   46
3   26   52
62   31   19
59   8   3
0   28   59
35   10   47
24   53   22
15   51   16
54   50   53
35   8   58
28   29   17
26   4   29
6   22   40
14   58   32
51   2   54
33   13   3
37   13   37
52   2   55
10   54   55
63   32   63
62   14   23
44   2   42
62   38   56
5   0   31
15   56   10
54   13   8
45   22   22
62   6   46
47   3   29
61   48   44
24   24   41
38   58   25
38   32   53
42   13   44
7   51   26
59   63   18
38   24   11
44   49   11
40   42   49
49   1   15
43   39   11
54   3   15
23   55   0
46   14   26
6   55   63
15   45   26
56   62   10
58   32   44
36   52   53
33   34   51
11   62   58
15   63   55
43   62   4
44   2   56
43   55   18
28   36   15
8   12   57
36   58   9
60   27   26
5   46   56
13   27   38
9   50   43
45   30   19
30   42   4
18   9   11
25   5   54
39   31   47
54   50   13
59   12   42
14   31   16
43   5   50
59   50   39
46   6   46
26   50   39
1   20   37
54   60   19
48   7   10
41   41   49
33   29   37
46   31   21
23   22   34
60   47   59
54   5   63
14   18   19
0   58   41
18   2   63
58   1   21
35   33   58
4   20   47
38   22   54
38   19   56
46   10   50
20   13   32
54   46   26
50   30   45
42   2   22
36   4   50
56   30   49
44   2   63
7   48   28
51   48   2
42   11   28
32   1   2
8   3   20
44   18   4
14   18   15
31   43   10
18   34   0
20   7   48
24   49   52
42   15   12
25   60   45
6   7   52
26   48   17
9   31   59
5   11   13
19   15   16
55   62   45
12   0   55
35   15   4
11   40   46
33   23   44
41   26   44
56   26   30
52   9   29
61   16   39
30   0   59
18   14   41
14   59   50
50   15   28
33   62   6
23   20   41
32   52   63
18   5   3
24   9   48
26   13   42
63   43   30
23   7   29
49   17   44
62   52   14
54   49   45
33   30   35
6   46   40
8   53   39
46   6   32
54   14   20
0   26   3
26   49   27
15   18   39
26   44   31
8   46   9
55   39   0
31   35   4
36   21   46
18   22   42
9   18   23
3   46   47
6   53   30
48   13   31
57   16   36
53   38   38
28   15   6
13   63   37
7   40   6
28   38   11
44   40   1
36   9   9
6   4   35
23   28   33
33   2   16
50   38   23
38   2   45
61   10   57
13   42   35
20   18   27
7   59   10
33   14   4
17   2   29
36   22   44
13   0   55
17   39   19
45   53   5
6   49   56
9   44   26
37   39   62
63   54   25
7   60   41
29   51   30
12   45   62
14   34   62
8   61   60
62   57   41
30   54   30
2   33   1
26   4   48
1   32   51
43   0   10
56   6   11
51   62   19
54   1   29
4   20   40
5   63   19
51   42   36
37   1   15
51   48   0
61   39   60
41   19   20
17   32   25
50   42   24
16   3   63
31   53   52
27   27   15
11   27   36
63   53   30
34   31   7
59   17   43
7   33   5
14   33   10
58   19   45
34   8   45
54   53   31
63   23   50
44   40   18
18   52   55
60   32   58
52   58   30
33   54   5
58   50   45
13   12   6
7   10   21
45   49   23
53   57   62
60   50   53
37   8   6
54   15   31
21   41   29
18   51   50
15   51   9
15   17   12
52   48   2
44   55   10
6   22   22
29   44   57
10   61   0
54   50   0
13   47   15
60   23   47
12   19   33
11   51   55
19   0   33
9   25   49
11   42   7
13   56   48
10   52   48
48   45   28
25   27   36
25   8   52
33   50   37
51   50   35
48   35   1
39   61   22
59   35   54
43   43   43
51   60   14
49   45   50
16   52   11
28   25   12
10   4   34
7   11   43
11   30   31
34   31   16
47   9   35
60   10   27
38   39   46
44   32   21
63   31   7
3   0   62
6   14   17
0   1   1
60   47   19
4   27   12
0   29   16
1   23   57
50   58   48
33   45   52
49   14   47
54   60   26
29   52   53
2   47   7
46   29   38
4   19   20
18   9   4
13   56   46
60   6   34
21   62   5
42   23   21
13   33   5
53   43   51
31   15   2
33   13   24
52   2   6
29   46   58
44   49   51
53   37   15
26   51   41
17   35   47
19   3   54
60   56   7
11   46   28
21   37   8
62   49   5
15   2   54
8   47   59
11   11   26
31   50   17
18   54   49
61   59   25
21   4   51
13   49   26
33   47   57
8   53   34
3   39   8
14   14   0
17   39   27
19   61   35
36   35   35
30   48   6
53   56   17
22   6   27
51   31   17
57   26   8
39   4   58
10   13   2
46   41   61
60   25   50
4   34   31
15   17   15
9   43   58
17   29   36
54   10   4
13   54   29
7   37   16
35   20   55
63   4   10
32   29   6
31   5   0
38   44   31
22   4   61
23   10   19
38   17   44
27   5   54
22   21   46
22   44   51
10   62   35
34   39   25
1   27   43
58   38   30
24   58   10
37   31   30
53   15   4
26   0   23
34   0   39
20   52   3
19   52   54
52   23   16
3   7   20
58   50   0
42   4   16
33   62   35
2   52   2
12   38   9
41   14   9
46   12   61
14   58   44
37   40   21
2   35   55
6   58   62
28   43   46
62   0   4
61   48   22
58   21   33
30   28   16
3   21   37
27   43   31
52   15   6
46   23   37
52   46   15
53   35   39
18   39   51
38   48   8
20   31   43
52   48   8
8   42   0
23   5   17
42   3   17
20   8   41
51   41   54
21   13   59
57   0   41
33   48   22
40   50   39
57   50   59
12   19   37
33   36   11
17   20   61
34   47   1
50   1   15
17   8   45
54   31   30
57   21   38
22   30   0
35   60   4
60   24   18
20   47   11
30   38   22
56   29   19
31   14   37
0   53   15
40   47   35
57   23   62
11   56   37
21   42   2
24   40   30
50   32   1
29   50   62
32   53   62
2   9   9
35   15   7
1   36   57
31   58   32
49   56   19
32   29   22
37   42   61
44   23   17
18   9   31
23   10   62
8   47   30
0   4   21
12   6   52
22   8   43
20   28   7
48   4   22
29   49   15
31   10   54
39   8   47
4   25   37
22   33   27
1   45   22
41   24   25
49   43   28
13   52   24
14   8   3
50   3   50
56   53   47
53   50   24
49   49   39
62   3   43
8   38   11
17   6   54
50   12   29
62   10   55
5   12   41
22   30   43
23   2   35
0   61   61
54   5   47
0   26   10
55   24   6
60   53   9
42   16   57
44   35   12
30   22   3
61   4   52
57   9   33
35   12   49
30   17   6
19   37   9
8   9   54
63   38   31
24   18   3
13   15   4
28   8   23
58   38   31
27   20   61
35   25   57
38   45   6
36   15   2
28   29   13
7   42   24
12   52   32
42   40   42
15   21   61
54   7   18
60   32   19
36   50   47
14   2   55
5   50   0
17   9   63
8   44   47
31   49   46
13   34   20
27   2   49
44   56   49
38   11   61
47   20   28
11   61   0
2   11   56
63   53   15
45   8   48
9   50   63
40   50   18
53   47   36
32   55   1
7   1   23
60   47   63
37   35   16
45   9   28
63   13   25
21   19   0
15   6   31
55   48   61
52   37   21
11   30   59
44   10   39
35   24   59
55   13   61
23   27   10
46   35   58
23   63   30
16   56   24
52   7   62
15   0   52
33   4   14
41   14   11
41   45   12
38   2   52
33   4   15
36   61   29
49   13   6
44   11   20
12   30   28
21   29   61
7   15   2
19   45   51
41   37   11
5   18   61
31   13   43
3   15   41
2   40   12
22   0   47
42   50   25
26   4   43
7   21   15
18   32   45
52   58   63
30   60   5
46   62   3
4   13   35
40   2   48
21   11   60
11   26   28
39   15   59
41   56   19
22   43   29
24   51   26
20   6   54
6   51   44
0   61   3
54   46   4
54   5   54
6   14   63
11   12   14
33   44   54
45   60   28
34   47   62
46   51   18
4   53   54
28   3   35
8   35   20
38   9   12
43   43   28
52   30   10
57   1   32
45   21   55
60   55   40
59   15   26
18   39   19
25   55   1
18   2   35
62   13   32
52   15   3
0   52   35
50   1   21
54   24   7
55   30   3
41   56   36
34   19   4
26   52   21
48   0   28
30   19   36
58   44   54
50   2   10
37   54   62
31   36   30
31   32   10
27   15   57
34   11   15
42   47   19
57   55   47
21   39   51
8   25   12
8   43   5
52   21   31
61   45   9
38   62   19
51   60   1
35   39   32
7   37   28
62   31   37
8   28   5
56   26   13
38   17   45
38   57   3
1   8   33
10   8   17
2   24   40
51   28   1
34   11   50
38   11   20
52   5   39
0   1   29
15   48   17
25   33   31
40   36   29
6   12   30
24   8   39
42   51   63
53   9   8
41   43   10
61   37   57
13   17   43
6   38   32
4   53   0
38   33   52
19   13   4
37   19   5
45   51   56
15   15   29
55   55   31
52   30   7
52   2   54
62   29   45
31   11   27
48   48   9
6   48   3
31   37   27
37   53   3
61   42   47
20   25   58
45   53   15
49   22   0
12   32   38
35   50   61
40   28   26
15   40   51
0   8   54
12   23   3
39   58   39
43   30   10
46   23   33
26   62   39
9   5   38
4   60   19
59   2   7
46   0   8
9   28   31
46   12   7
36   4   6
1   29   31
12   21   48
18   29   14
34   60   61
59   48   13
1   35   18
61   42   5
19   47   39
51   40   61
54   6   16
55   4   29
0   6   19
61   9   25
3   29   56
14   23   13
36   6   63
14   57   29
24   3   46
13   21   27
44   58   39
46   12   40
41   23   56
59   58   29
1   8   38
16   27   37
36   17   20
58   0   50
15   31   46
42   28   54
59   53   63
53   35   60
21   62   35
3   63   52
15   8   51
37   34   47
2   54   62
57   42   23
5   17   6
53   17   18
50   42   12
24   57   41
61   48   63
18   28   30
53   38   62
25   53   24
41   1   33
31   52   31
13   50   55
28   44   30
51   63   32
38   15   2
41   6   18
27   8   19
51   40   15
0   19   43
5   28   10
52   62   40
35   48   6
2   57   63
48   17   8
6   57   54
2   48   58
40   4   63
37   37   35
52   62   1
38   30   32
15   53   18
44   4   34
23   41   33
48   16   4
16   37   40
51   1   3
36   18   3
37   12   59
21   46   16
8   59   19
40   52   6
16   38   28
16   30   58
0   18   54
44   62   48
1   62   60
12   53   3
11   50   4
41   5   35
47   56   25
35   16   51
62   54   39
54   49   30
59   1   17
25   58   46
8   24   58
6   61   7
29   3   4
45   54   39
54   8   36
4   7   60
26   9   46
46   52   21
40   32   4
21   0   54
46   31   16
20   18   49
60   29   53
50   24   6
2   62   37
63   4   28
26   26   21
34   3   5
12   15   4
18   35   3
18   7   62
42   36   59
56   15   38
46   21   28
46   2   15
50   37   14
14   18   20
10   3   15
35   23   20
7   38   63
9   20   15
4   21   23
8   17   48
8   29   19
51   3   43
33   26   56
37   12   54
17   19   14
27   44   28
15   56   12
56   57   43
33   59   30
30   24   60
60   39   60
6   44   57
42   53   21
38   5   55
7   44   5
62   19   21
37   47   5
21   50   54
7   16   30
8   14   3
16   63   43
50   1   41
55   56   12
15   44   48
44   49   7
58   18   61
2   40   57
55   40   38
50   18   63
46   31   7
15   30   4
59   49   54
43   52   42
32   12   44
3   36   1
52   48   3
7   15   35
4   54   60
34   28   56
33   63   11
28   29   5
12   56   39
18   53   10
62   40   31
43   29   14
58   2   11
6   15   7
3   27   51
30   29   36
59   56   2
3   51   9
17   29   60
62   39   52
38   16   35
49   24   19
20   43   23
42   4   40
1   30   50
56   2   0
28   53   10
59   42   31
40   3   24
55   37   45
24   6   61
41   49   13
19   59   31
8   40   3
17   18   13
11   30   7
0   2   48
15   32   63
16   16   49
1   30   42
57   14   31
24   7   54
18   14   33
57   49   22
18   38   42
47   47   9
51   37   44
18   10   21
53   19   19
8   20   47
40   27   54
59   42   19
57   59   38
44   47   36
38   20   62
54   5   7
49   22   13
46   51   24
19   7   55
29   35   26
2   22   59
33   63   8
49   22   8
0   53   33
53   25   55
19   42   40
31   27   20
45   42   53
13   45   12
25   50   30
26   9   49
62   42   9
54   37   47
30   45   54
46   36   45
58   60   56
13   10   32
30   55   34
15   56   58
49   31   20
10   14   3
51   18   43
39   3   57
20   37   4
2   12   54
8   23   24
42   0   21
23   25   59
4   7   49
51   15   3
32   32   11
18   29   40
54   58   49
29   3   8
26   55   61
4   61   41
49   40   22
56   2   1
5   17   51
63   28   59
13   48   58
53   16   36
0   35   13
33   39   21
40   30   46
56   26   6
16   57   16
15   48   37
24   18   15
34   42   41
29   60   33
60   43   47
62   40   60
49   26   49
7   50   63
4   4   10
16   21   21
19   2   53
53   0   20
44   6   27
29   53   31
31   59   56
18   24   12
46   49   7
36   39   42
0   58   9
22   47   46
63   60   57
29   1   11
8   61   50
38   2   18
26   3   59
6   6   62
35   5   24
32   3   26
53   27   18
19   19   43
11   39   40
24   21   54
37   13   56
35   11   48
24   29   12
36   59   4
1   13   57
35   3   2
12   50   11
35   18   11
21   24   60
37   39   15
42   8   8
21   40   57
15   41   59
39   61   47
25   43   22
31   26   17
22   13   33
31   58   26
0   6   55
14   1   35
30   21   14
52   43   4
53   45   3
6   25   48
2   59   16
38   8   42
31   18   4
5   21   36
6   35   16
1   45   23
18   18   8
40   62   50
45   27   32
47   52   12
44   38   46
14   46   9
47   6   8
2   40   0
29   16   32
5   58   56
40   63   20
20   6   36
57   40   30
34   17   8
11   21   19
39   60   13
19   27   31
0   4   7
54   2   58
48   9   23
16   42   3
27   25   49
16   39   2
44   55   35
28   38   10
23   17   46
12   40   28
47   16   36
46   9   43
32   22   21
27   37   4
62   4   27
34   16   13
27   4   9
1   31   3
23   3   7
20   25   12
57   23   48
58   4   24
9   8   29
10   3   27
31   27   12
56   21   32
62   49   58
47   57   23
25   7   6
48   3   48
28   47   27
21   36   0
20   34   9
19   21   32
16   29   22
7   25   53
34   14   61
57   44   32
52   5   33
41   0   58
59   63   23
6   12   51
60   46   57
32   55   9
51   51   31
34   34   38
47   3   14
49   33   48
51   55   39
53   5   44
3   24   4
37   8   44
30   29   11
35   35   57
19   12   62
20   38   3
61   4   23
16   35   15
56   3   28
26   51   51
63   38   11
7   24   56
21   9   7
17   19   63
5   13   22
7   59   52
55   19   55
7   52   59
12   63   47
13   2   16
11   1   52
14   43   50
53   27   9
45   36   46
33   11   5
15   13   24
62   57   0
51   1   28
26   15   8
19   30   60
32   9   50
41   49   4
2   59   56
60   28   1
58   39   53
19   49   3
16   50   44
41   36   25
3   28   59
36   34   38
43   61   21
36   25   26
60   47   8
57   62   2
42   36   52
23   6   11
42   48   11
13   23   32
34   59   34
48   48   33
15   30   14
18   19   10
26   63   5
50   18   61
60   36   57
48   2   17
52   33   8
40   60   58
27   59   2
58   15   59
8   1   62
60   26   23
26   54   29
12   54   10
3   49   21
33   41   13
42   30   44
31   11   48
32   4   23
62   9   9
63   38   9
32   63   22
48   10   59
45   19   15
12   44   10
60   58   52
54   34   39
62   2   19
7   55   60
43   24   26
33   62   4
5   31   50
27   42   3
26   11   26
37   9   49
4   48   5
60   59   2
23   56   3
46   58   28
63   11   21
4   54   62
53   26   52
47   7   50
44   4   16
8   48   33
49   34   6
59   30   2
18   39   59
43   23   21
45   57   25
50   19   38
54   49   46
19   25   63
17   19   43
2   7   57
46   40   0
50   30   37
13   43   32
51   7   17
39   10   39
26   45   11
41   12   44
18   56   34
47   24   45
42   12   51
32   4   57
18   18   35
47   57   6
4   13   48
39   61   45
45   15   6
15   6   19
61   9   24
46   21   32
49   59   47
21   62   12
10   23   21
56   49   31
22   42   52
60   23   45
45   38   14
34   33   21
28   11   49
52   38   5
22   52   34
21   37   22
63   60   56
36   3   1
41   40   53
38   41   35
2   62   54
28   60   11
7   4   56
3   16   51
8   20   46
41   38   22
31   47   30
3   21   46
8   22   57
3   45   59
54   56   32
59   10   20
14   36   3
40   63   56
36   39   58
6   54   24
17   26   32
32   28   56
28   22   42
19   35   2
24   53   39
38   24   14
6   11   20
58   8   63
15   4   18
36   21   4
50   17   36
6   38   31
10   47   57
30   33   28
11   49   35
40   10   20
62   45   23
63   34   16
33   32   55
34   29   4
41   21   58
11   54   49
2   40   3
44   28   26
16   11   16
35   14   14
46   51   62
22   61   10
37   38   38
47   51   30
48   17   38
33   17   57
23   6   12
1   9   58
9   31   43
53   61   10
6   8   13
30   55   27
61   19   6
33   34   38
50   37   59
8   52   46
19   48   50
50   50   33
49   55   31
37   5   14
29   62   39
58   58   63
34   27   5
26   52   10
35   7   17
60   16   2
23   48   28
42   35   35
51   35   47
49   52   25
28   19   25
0   59   13
1   33   58
40   31   32
15   48   2
63   15   0
53   21   13
15   40   12
42   10   20
63   29   61
30   32   57
10   9   60
44   18   14
6   40   18
24   59   58
39   16   11
27   49   58
21   17   63
37   56   63
6   36   8
59   6   19
25   57   31
31   42   2
54   60   53
41   2   6
9   26   25
63   6   9
14   52   24
53   6   45
35   39   36
40   7   32
7   27   40
9   33   40
11   36   4
53   19   16
34   14   56
15   51   55
29   33   58
11   45   0
52   56   4
43   28   44
30   24   33
16   45   61
12   55   29
38   55   36
56   56   40
16   50   34
53   47   57
19   20   61
53   26   56
54   36   24
59   10   25
2   63   41
49   14   14
9   15   17
20   8   31
50   50   26
55   2   60
42   18   36
59   40   30
40   31   47
5   35   58
34   29   57
8   11   41
20   59   42
39   32   14
49   61   5
25   9   63
29   34   7
44   46   43
25   59   52
18   2   54
19   52   36
41   6   62
60   42   32
1   16   50
42   29   15
36   15   17
2   42   36
28   5   63
40   13   23
41   52   40
51   51   56
28   58   41
23   47   26
43   3   58
41   15   63
17   50   26
58   56   39
54   35   48
6   4   61
15   9   48
2   44   32
19   12   5
44   12   17
21   44   61
52   44   62
51   13   32
6   36   6
33   50   41
7   57   0
4   6   61
56   45   49
39   37   44
4   56   10
54   5   33
49   52   26
44   26   44
10   35   1
43   35   18
55   0   0
54   45   5
52   2   41
28   10   45
3   0   40
44   12   35
34   23   49
46   11   58
49   51   3
61   50   61
39   62   28
50   25   11
47   15   6
36   6   53
28   12   48
22   59   46
8   53   54
49   23   53
6   51   38
12   11   30
4   4   7
15   13   35
32   22   57
63   28   3
18   35   32
6   27   59
48   22   60
51   33   63
17   33   13
41   63   4
61   37   17
38   47   53
42   16   4
34   21   25
26   8   9
6   25   4
3   63   13
24   35   63
39   22   8
45   8   56
39   23   0
53   33   19
54   19   55
5   15   28
35   51   36
13   63   11
18   17   1
18   5   24
46   36   48
53   20   22
23   52   24
61   22   19
14   56   30
41   37   63
0   55   34
29   49   16
27   8   44
14   13   28
12   54   46
34   6   51
60   54   33
18   22   63
48   14   42
43   8   63
52   34   15
52   3   14
55   40   10
38   20   42
35   0   15
12   51   59
47   39   1
42   52   3
18   17   43
16   42   29
50   18   25
0   56   47
20   42   19
0   4   52
54   62   38
37   13   29
11   17   24
44   43   2
47   3   1
44   3   10
31   54   62
35   48   21
55   51   20
61   9   19
30   30   10
43   53   56
48   2   56
60   61   54
6   24   10
46   51   34
19   15   47
6   0   14
44   5   60
61   48   8
48   50   25
25   7   8
59   47   57
61   63   45
47   51   4
40   4   35
17   63   60
17   59   30
20   47   15
45   52   21
8   34   28
7   5   1
43   5   57
58   31   4
50   46   18
37   56   50
36   7   44
39   16   51
49   11   40
24   24   39
0   40   12
14   27   36
62   24   12
31   22   62
57   28   1
60   35   3
7   53   24
50   55   44
55   62   62
4   38   7
49   4   48
20   16   22
37   36   39
0   45   56
51   63   40
56   56   11
46   17   36
18   19   24
44   46   14
31   53   47
45   38   45
41   45   42
30   60   2
14   54   12
40   9   30
36   2   10
49   22   46
32   45   59
41   8   14
54   24   63
13   24   31
57   35   42
55   30   49
50   50   13
27   60   5
46   45   51
20   8   33
57   45   62
53   24   42
21   45   5
52   22   37
48   17   47
11   49   38
16   36   63
30   0   3
29   13   23
29   11   31
3   36   13
10   0   58
14   26   37
40   45   36
39   57   34
58   41   23
50   0   14
26   10   11
0   10   17
43   42   22
62   28   3
1   9   55
15   62   62
51   14   49
5   54   31
48   6   30
40   48   15
14   23   4
12   5   15
61   58   29
47   13   7
3   58   56
6   40   14
18   40   9
56   20   60
55   35   54
11   27   10
58   40   14
5   35   56
20   49   5
63   2   43
47   43   5
18   35   29
25   9   12
51   16   42
34   29   46
52   56   49
14   2   54
40   63   53
44   17   13
11   63   46
58   2   18
42   53   61
57   12   23
54   63   62
11   11   46
48   35   30
39   58   35
14   29   0
31   45   18
12   55   0
14   4   51
19   53   61
38   27   63
17   14   2
50   14   23
49   17   36
51   40   23
0   1   25
25   12   15
52   23   19
39   19   5
50   0   49
29   12   16
3   45   15
28   4   27
7   58   40
25   27   62
37   35   29
11   29   5
49   60   41
20   48   61
11   16   47
17   45   46
12   23   43
3   52   62
13   52   16
58   38   63
25   38   2
20   56   0
18   16   57
20   46   28
35   49   18
19   17   0
14   20   2
50   14   6
7   24   10
18   54   31
41   49   9
54   58   3
54   22   41
30   47   7
62   45   8
4   40   3
39   7   42
45   36   1
13   44   25
25   13   0
48   6   43
11   35   0
31   3   25
44   48   3
29   6   12
4   5   50
40   13   45
41   16   45
25   12   39
48   27   35
45   6   30
9   31   15
28   46   37
24   16   14
13   43   9
34   61   2
53   7   25
60   45   13
28   52   36
3   43   19
57   18   7
38   44   43
26   13   33
42   39   57
55   0   32
57   46   60
28   38   4
50   62   4
48   6   29
31   5   7
4   17   38
54   51   7
36   60   28
16   55   26
49   39   24
43   32   35
59   52   47
31   19   33
12   23   0
50   42   56
20   59   61
45   62   21
1   30   16
0   23   44
53   30   11
10   43   10
45   16   19
8   0   35
30   33   38
2   61   61
37   34   14
59   26   8
17   40   29
63   28   48
1   30   7
46   36   46
11   9   13
38   2   53
10   48   9
20   4   24
39   49   33
50   47   8
52   33   56
20   16   19
4   50   33
41   61   13
15   30   12
24   55   49
50   10   48
16   52   37
53   12   7
19   48   58
0   17   39
31   19   25
59   31   1
36   52   48
53   7   56
17   43   50
6   15   27
36   4   14
43   50   44
21   21   49
3   59   61
27   9   62
30   48   61
63   37   19
20   13   56
17   39   9
1   40   40
27   30   14
23   9   1
55   31   48
10   16   36
0   50   53
32   31   52
34   42   57
39   29   15
61   8   61
43   62   42
9   54   59
2   28   56
58   45   39
20   42   27
40   53   55
56   9   63
52   43   53
0   23   19
15   39   22
24   7   59
15   56   48
11   26   33
3   10   28
58   56   37
49   35   10
45   16   7
11   61   42
30   6   55
46   28   11
50   27   44
36   40   21
62   41   54
36   2   2
55   39   55
17   44   11
13   24   24
18   56   61
63   55   33
1   36   61
49   61   34
46   43   47
51   59   58
12   53   24
35   11   59
45   39   44
40   42   44
14   36   46
14   24   41
59   55   35
22   30   60
49   38   47
28   28   33
20   62   55
32   35   51
15   62   43
0   38   36
56   54   39
57   11   57
40   43   32
1   56   44
62   56   18
9   5   51
57   54   53
45   60   53
56   42   61
61   27   63
20   18   6
6   12   1
25   24   42
40   6   17
33   17   51
46   12   8
6   28   2
40   26   9
29   57   38
17   45   16
9   8   23
41   31   52
39   23   28
28   16   4
13   11   1
15   27   25
62   18   43
59   48   37
9   19   48
10   55   16
52   17   38
35   6   53
15   26   7
54   10   30
46   57   41
53   3   60
55   44   18
11   47   42
53   51   35
31   54   39
60   7   32
4   14   46
54   56   27
16   43   50
63   3   2
0   18   58
36   47   33
20   54   29
20   4   22
53   42   31
54   6   14
36   21   13
58   39   18
43   4   17
42   55   7
34   4   6
20   30   11
3   4   29
26   18   62
45   12   35
43   35   33
32   25   33
9   24   12
5   20   25
50   30   3
59   54   33
63   26   11
40   57   4
45   6   17
32   61   24
3   62   9
33   48   8
36   41   56
51   33   49
2   50   25
9   47   44
24   51   15
54   13   43
36   52   63
26   21   35
33   14   61
63   54   10
29   31   53
5   11   23
20   13   47
8   14   51
48   10   18
6   36   10
59   24   33
5   2   28
43   14   34
21   59   11
60   2   56
41   26   3
57   42   39
49   10   7
41   6   8
7   22   12
36   22   6
31   26   56
51   4   33
48   7   63
43   43   57
16   8   60
44   63   21
30   50   2
16   30   57
35   14   54
12   52   28
48   4   46
33   62   48
33   63   23
29   6   62
56   24   14
40   29   44
45   58   34
15   44   25
56   37   36
47   51   10
36   41   55
50   52   31
23   40   0
29   47   52
9   7   20
32   62   60
54   54   58
44   30   62
0   27   15
31   4   63
52   9   63
62   28   4
12   52   34
36   12   47
1   24   61
49   59   8
57   34   63
10   27   40
50   56   11
2   6   42
28   63   8
57   47   5
22   31   36
25   8   38
55   37   27
3   50   3
2   46   21
9   19   37
0   34   18
36   9   4
47   40   45
15   10   23
50   10   31
47   43   42
46   4   10
53   60   1
47   19   31
11   46   3
0   1   24
48   15   6
45   52   44
19   3   46
37   49   8
62   11   36
62   5   12
15   4   1
29   48   61
13   19   40
61   38   51
48   47   14
47   5   19
17   41   15
29   0   6
3   27   63
3   56   39
59   55   24
47   8   45
30   35   37
5   34   36
46   8   47
51   45   59
33   12   58
42   30   43
59   12   30
52   41   47
18   56   24
38   15   26
9   23   18
39   34   54
62   47   36
6   46   0
14   58   36
28   25   35
4   52   58
44   0   20
53   4   12
1   53   12
18   32   5
62   11   17
26   19   3
48   24   46
15   1   29
25   10   53
16   40   11
47   52   17
59   58   49
54   27   10
53   10   2
17   52   3
18   6   30
15   4   46
13   39   19
55   9   24
54   7   19
30   8   4
46   13   9
6   27   36
4   44   12
45   34   35
1   62   30
35   37   35
2   6   20
35   2   1
53   24   15
49   33   17
25   50   3
38   29   20
36   9   59
29   53   6
47   4   33
15   19   27
24   17   61
20   52   17
22   17   37
28   60   2
14   32   32
58   12   3
18   4   19
7   60   25
13   40   3
62   45   2
52   41   60
15   43   27
48   12   49
59   22   51
51   63   30
24   60   45
30   41   51
52   62   26
13   9   54
12   1   51
42   14   35
2   7   3
17   7   51
39   6   53
13   50   0
56   50   37
33   16   0
34   56   15
26   24   42
44   2   35
36   42   15
25   56   51
57   28   7
9   49   15
25   25   27
20   16   13
36   36   52
32   18   55
17   23   19
9   37   37
6   40   44
10   28   58
57   23   37
33   13   32
55   50   30
12   39   27
20   39   37
36   53   49
51   48   53
59   21   48
4   2   29
40   8   40
56   38   41
29   19   33
15   2   35
9   28   5
59   2   22
53   25   46
53   4   47
9   14   43
30   13   44
53   43   13
18   7   60
16   44   38
37   3   22
17   13   41
41   45   62
40   40   11
4   61   43
41   45   43
45   34   30
7   55   56
32   24   25
27   8   23
31   28   63
43   27   2
31   63   11
51   18   38
13   25   58
21   45   59
34   12   62
37   35   25
58   49   36
3   1   34
49   29   21
40   6   62
44   53   46
2   7   24
40   4   52
19   19   60
54   52   62
52   47   57
37   25   11
9   11   11
8   29   10
56   6   3
62   31   58
55   16   3
2   22   36
49   27   45
30   57   38
3   20   20
55   25   4
16   63   55
30   39   17
2   6   60
25   35   24
55   62   33
52   6   38
1   18   7
56   53   35
55   36   28
0   16   46
14   31   59
18   16   9
20   11   46
18   18   7
57   2   11
1   29   19
49   33   30
1   20   44
25   6   60
46   51   15
9   26   58
9   10   21
35   47   31
39   12   37
25   1   48
31   17   16
19   43   25
30   47   33
36   37   62
27   14   37
10   3   13
8   0   51
18   3   49
44   50   12
1   8   52
20   20   1
61   8   26
53   29   44
13   45   11
57   60   57
12   11   36
43   47   6
12   36   32
60   56   13
31   26   6
14   60   10
54   39   57
41   17   42
46   53   35
31   48   21
60   33   4
5   59   29
5   22   32
8   44   44
36   10   60
60   56   30
12   40   12
4   57   25
40   29   28
3   38   6
14   3   27
18   40   17
50   19   41
55   39   62
34   52   10
29   6   61
10   45   62
47   30   22
33   45   3
39   24   6
61   58   26
25   42   15
52   52   46
45   57   31
22   23   62
16   63   47
54   3   32
14   61   11
48   14   55
15   29   20
42   40   61
20   57   11
52   41   36
37   50   46
1   6   61
34   3   48
41   48   51
16   41   42
15   40   16
26   22   57
30   4   10
25   11   5
61   1   49
46   28   22
5   53   28
7   22   21
60   30   39
57   24   33
2   24   12
31   1   10
11   39   50
20   9   23
15   7   34
11   56   47
44   31   22
45   25   6
55   62   1
56   21   61
14   18   7
37   36   27
47   43   51
6   35   43
48   12   28
31   18   35
28   62   6
32   19   50
1   0   49
63   8   32
4   60   1
13   16   15
54   7   44
25   47   39
59   46   22
9   26   36
46   9   29
43   54   30
22   29   63
30   62   21
9   41   9
48   1   27
11   26   16
35   3   22
44   49   57
30   11   25
42   44   17
44   8   2
15   46   3
7   31   14
58   50   35
49   31   16
43   6   43
50   48   15
31   61   22
56   44   62
57   41   13
41   29   38
2   22   61
10   38   63
28   17   27
56   23   4
35   35   22
63   17   54
30   17   42
31   43   3
54   12   50
15   44   61
32   59   61
2   4   35
12   10   7
54   52   40
21   50   32
15   12   0
59   28   20
61   24   20
53   4   46
48   57   32
60   27   12
34   61   62
31   49   54
61   40   13
9   31   63
41   62   22
26   7   14
32   24   20
62   46   19
33   1   33
7   49   62
32   49   7
50   41   16
4   27   57
50   18   2
54   8   61
60   23   43
16   36   48
42   30   49
7   45   3
9   24   32
27   16   51
4   12   9
36   13   1
26   3   35
35   53   26
27   24   25
43   4   38
15   56   39
35   44   16
21   4   52
22   23   41
13   55   42
11   58   16
17   54   11
35   27   0
57   27   61
58   46   12
61   45   21
54   56   44
46   62   0
27   8   7
38   54   10
63   31   17
22   19   43
20   23   26
3   13   54
15   49   57
62   10   26
35   29   56
47   53   21
6   9   57
25   0   53
63   58   24
46   38   62
5   14   24
28   0   10
23   37   29
55   8   31
10   20   20
8   57   44
11   28   21
63   29   45
31   6   49
2   2   46
57   31   16
55   0   28
43   30   20
13   57   12
1   59   14
40   16   37
4   7   56
1   32   56
59   4   32
2   17   33
10   36   56
48   42   50
43   42   46
13   30   57
11   49   48
53   0   38
35   45   22
24   5   53
45   3   15
9   35   19
24   10   9
36   50   45
29   47   9
26   63   51
32   15   56
11   11   32
16   43   16
57   63   1
22   61   26
41   14   23
16   55   39
23   35   1
53   51   11
39   42   21
20   38   32
19   32   58
10   58   59
33   1   45
49   37   19
30   63   24
20   29   56
43   54   50
62   36   51
28   40   17
42   15   46
46   6   55
23   32   4
55   9   46
31   49   24
52   21   33
24   45   28
63   54   1
27   52   54
37   21   14
50   18   59
2   31   51
9   22   40
30   59   29
29   50   7
36   49   58
21   46   36
17   59   58
33   12   7
56   47   19
58   1   60
10   17   27
24   58   42
36   14   39
36   61   19
51   43   49
52   21   53
26   42   49
0   46   39
13   56   47
5   28   44
3   57   22
34   26   61
0   29   56
31   49   7
10   57   24
18   13   37
36   1   47
41   34   17
28   2   26
52   4   7
5   29   17
41   54   6
24   10   33
27   16   58
57   34   4
1   2   31
20   22   34
55   62   35
2   7   4
12   8   29
22   4   6
51   21   6
15   6   53
26   51   58
7   11   39
54   0   21
37   40   46
59   43   49
45   0   47
31   13   19
33   5   31
8   50   3
35   45   2
34   43   59
23   62   61
59   6   45
1   8   24
45   37   17
33   2   1
39   43   22
6   55   16
49   25   56
24   15   32
36   17   19
53   35   14
32   4   62
1   6   23
23   1   6
25   29   63
57   6   58
28   26   43
54   9   41
44   56   58
60   54   11
56   25   55
48   27   4
17   60   43
28   55   45
38   10   57
33   36   23
8   26   17
11   26   25
50   49   14
55   37   4
56   14   33
58   48   63
54   39   12
35   51   8
21   41   11
8   17   40
8   14   27
32   28   10
61   3   27
63   46   59
24   50   54
16   29   43
26   24   36
50   55   12
22   43   22
4   60   23
49   39   49
13   5   17
46   30   49
14   47   44
7   56   49
35   50   3
34   16   23
58   12   44
51   56   12
50   48   46
17   37   58
42   57   14
36   12   18
33   54   15
0   3   60
11   24   40
25   24   39
31   60   30
8   8   1
20   27   21
42   41   56
38   35   38
44   43   50
33   3   41
60   43   22
12   53   35
49   54   12
57   35   21
51   44   20
50   34   10
2   16   30
13   61   32
35   7   55
59   47   12
38   48   50
19   49   38
52   36   19
33   26   17
14   18   43
52   47   54
8   59   56
30   58   63
3   12   24
15   35   11
4   60   63
34   45   61
61   9   45
46   8   45
38   6   24
48   46   18
5   48   58
49   62   50
41   12   40
53   52   30
59   10   48
42   46   13
57   50   43
39   23   13
37   43   57
51   15   14
5   9   27
30   33   14
30   2   11
53   43   4
46   58   25
1   18   2
11   57   57
20   27   40
54   19   61
40   28   10
48   15   20
36   27   12
19   9   48
14   34   63
47   50   18
37   62   44
29   36   51
26   60   34
35   31   63
13   15   47
52   11   2
8   44   43
15   7   9
52   63   47
61   40   56
27   50   30
26   52   48
25   54   8
9   30   8
61   60   34
45   9   5
36   35   53
30   7   42
52   3   49
63   24   21
45   12   44
51   30   12
57   7   38
33   55   26
1   20   38
50   62   20
14   21   63
55   52   11
40   6   46
31   61   6
21   49   8
51   47   58
34   30   52
18   27   41
23   59   4
63   52   20
39   6   55
53   51   23
20   6   51
53   61   32
42   7   14
3   8   38
10   6   48
40   32   55
39   22   54
22   1   23
1   31   11
6   57   46
52   32   1
19   8   3
38   11   4
54   9   62
60   54   35
45   17   59
0   54   63
38   20   17
16   63   10
1   59   1
7   19   33
24   16   1
9   20   2
20   29   63
18   8   7
26   16   5
10   26   28
36   29   36
39   17   60
29   12   13
63   18   46
3   36   2
8   26   4
58   27   30
23   4   33
31   40   16
14   52   54
63   15   60
31   15   60
4   24   56
52   36   44
34   25   59
3   20   38
28   61   34
20   30   15
54   57   56
10   13   35
21   11   6
17   7   62
12   29   36
62   6   48
40   52   53
55   14   18
23   38   63
6   15   39
44   9   28
41   31   9
12   53   30
13   32   14
49   53   20
1   11   11
40   19   19
59   9   33
59   3   60
37   40   42
48   44   12
53   35   30
20   57   50
4   36   8
56   45   22
57   15   39
5   29   49
15   18   1
13   63   50
9   56   41
41   55   24
30   33   29
16   44   12
6   34   19
55   55   10
55   3   23
14   34   28
53   57   45
35   50   28
62   61   37
36   51   56
8   4   26
43   43   51
24   16   0
34   52   6
25   46   58
53   18   59
6   35   15
36   58   38
55   3   44
32   6   61
28   12   42
59   6   29
18   22   34
30   38   32
1   30   53
6   17   36
20   19   23
16   38   5
56   28   21
52   22   52
26   52   8
12   55   42
51   10   1
44   15   60
36   27   28
26   58   31
38   62   23
28   43   33
31   19   59
55   61   30
17   44   63
31   6   5
53   9   30
19   13   6
42   50   15
53   12   15
53   58   33
17   56   0
8   15   11
43   21   25
38   20   16
48   18   43
7   60   4
35   56   16
0   4   6
55   63   49
3   22   61
28   46   31
22   31   29
15   34   45
24   9   16
63   31   51
44   25   49
21   47   50
6   17   33
20   44   36
32   39   6
25   30   54
8   19   7
8   58   55
58   44   40
60   34   63
17   27   58
52   40   38
58   51   9
53   45   60
51   16   41
45   41   54
56   4   25
2   20   1
40   51   42
24   9   63
40   36   12
15   12   62
60   27   7
49   7   39
21   45   27
51   8   61
54   20   38
50   0   56
57   27   44
40   38   1
44   52   18
43   14   28
43   44   10
49   43   20
20   10   38
34   17   20
23   4   25
58   32   24
0   22   61
62   24   2
61   35   3
24   32   2
61   22   3
2   4   14
59   54   16
33   27   13
34   28   10
8   42   19
19   30   36
16   46   35
61   44   23
44   34   15
38   3   35
57   28   57
60   15   9
27   26   42
14   58   34
36   36   48
12   21   11
12   49   9
44   18   63
59   14   27
49   6   63
54   40   55
59   18   55
37   17   63
59   1   54
34   54   63
32   14   49
36   52   36
55   35   57
2   49   47
0   5   26
33   47   18
9   48   34
2   8   55
55   37   44
56   49   6
30   10   16
54   60   22
44   50   54
4   12   17
61   11   53
8   52   42
39   0   41
49   6   55
48   25   6
49   62   17
59   12   58
47   41   12
49   22   4
10   60   54
25   15   59
31   51   15
37   51   45
19   3   16
6   47   36
5   15   39
50   29   19
37   12   36
27   18   23
2   40   19
16   44   25
25   58   34
41   40   21
47   47   15
40   62   45
54   39   53
24   24   59
44   53   15
62   40   3
41   32   55
33   39   12
37   41   59
21   9   4
14   8   23
47   26   35
2   7   28
57   48   2
38   53   39
55   50   23
43   39   42
27   51   7
11   39   51
63   40   12
39   35   11
2   55   24
25   31   40
17   60   55
50   52   20
12   55   54
52   12   55
4   40   13
60   53   60
40   3   55
9   52   57
38   14   46
47   22   26
9   51   55
31   11   51
59   26   7
53   19   61
2   2   34
55   14   23
12   53   47
18   31   22
41   14   6
32   43   56
23   5   16
45   14   62
63   40   47
29   51   59
59   51   53
57   42   8
51   40   10
40   4   18
1   43   34
40   56   36
29   40   13
52   21   1
38   5   32
23   12   61
59   8   41
38   15   25
28   31   14
47   40   2
22   3   63
19   23   24
56   43   18
61   54   27
57   6   3
1   2   50
63   12   1
6   55   37
49   29   7
39   29   38
13   27   49
25   17   60
37   27   40
