63   57   41
17   20   25
61   0   37
1   39   26
44   13   1
5   44   62
26   34   12
36   55   14
23   15   47
30   61   34
45   14   10
20   16   47
40   49   51
41   15   4
39   33   60
20   45   4
40   18   51
29   62   17
52   9   18
59   13   28
4   55   57
32   56   42
12   40   4
39   7   53
32   6   47
20   4   51
2   3   63
14   48   34
7   57   45
29   43   62
19   12   7
9   41   10
25   15   17
29   50   11
49   20   26
10   50   12
35   63   45
10   40   15
13   52   40
30   19   57
48   13   61
59   41   29
3   10   2
59   39   58
22   7   58
63   61   11
27   60   15
0   42   34
26   51   19
1   9   46
54   17   48
54   13   34
62   58   21
8   4   33
16   12   52
7   57   23
36   12   8
24   20   59
23   62   34
9   59   13
28   22   19
30   32   57
33   10   37
47   3   61
0   60   5
1   13   9
30   17   46
48   39   19
47   4   36
51   20   47
33   18   24
13   36   32
59   54   57
17   9   49
46   58   60
36   6   33
40   59   0
41   53   63
36   49   38
22   41   62
47   4   55
42   23   2
31   53   1
37   52   54
52   12   55
46   39   7
20   28   37
10   20   24
41   16   25
32   22   11
55   39   20
50   35   19
41   63   56
26   22   19
59   39   31
50   49   37
33   37   19
51   55   35
11   20   32
45   14   30
27   42   24
5   15   25
36   42   37
56   52   39
1   32   33
34   42   2
40   46   48
21   0   34
28   12   53
57   6   8
52   10   52
8   18   5
26   7   15
43   38   5
8   55   52
56   23   51
28   27   16
17   23   23
37   29   56
5   20   22
62   44   24
31   57   55
30   18   62
8   61   53
57   21   13
7   41   5
8   2   0
38   47   44
17   11   18
21   55   0
58   12   52
24   56   57
37   23   53
22   4   50
28   28   56
17   0   46
32   21   13
7   40   61
63   26   45
37   20   39
22   23   29
48   30   54
4   24   62
27   8   0
22   21   26
28   9   6
2   25   9
55   51   1
41   57   51
41   50   46
14   12   32
43   47   30
6   20   32
62   21   14
27   63   57
24   18   41
41   21   55
37   46   62
4   26   28
55   13   24
52   22   25
5   42   29
18   22   21
6   52   14
33   29   6
52   48   54
33   4   8
36   56   50
52   30   12
23   46   50
12   8   3
29   22   44
60   5   58
26   15   6
57   21   18
33   6   39
43   48   6
40   41   6
0   3   54
54   58   56
50   8   16
1   23   40
54   34   22
17   25   6
25   17   13
58   27   31
56   2   7
9   43   7
34   9   50
14   16   0
29   26   48
16   23   56
36   19   47
33   63   51
14   28   57
50   32   5
43   58   49
63   63   6
18   53   25
62   35   41
13   15   12
20   27   31
37   24   32
46   48   13
62   42   0
23   21   8
2   62   0
41   31   38
54   49   53
28   61   18
5   8   11
37   50   55
26   21   57
42   35   55
11   5   24
25   55   22
12   60   48
55   49   48
51   3   28
1   54   60
62   39   27
43   45   17
37   40   3
48   34   25
20   39   19
31   42   39
33   40   28
28   5   20
0   37   28
2   28   13
9   54   31
27   20   53
25   62   35
18   9   56
45   63   41
3   30   10
34   42   14
14   60   51
60   33   41
46   55   32
23   21   57
29   19   53
2   31   7
61   28   61
3   35   29
56   2   21
50   38   41
43   36   13
44   17   59
16   22   25
6   41   23
34   47   61
37   10   37
42   52   40
21   33   37
32   28   34
44   1   14
45   12   12
33   55   2
48   2   63
22   8   53
49   41   21
29   54   3
11   34   36
26   5   48
28   33   12
63   17   12
20   20   39
8   55   51
17   9   47
40   54   22
26   60   37
34   57   62
18   15   11
51   31   9
13   32   62
29   57   12
24   23   1
17   17   29
7   24   46
34   60   47
60   23   32
22   12   61
61   33   34
3   34   27
52   25   58
28   43   44
57   29   26
26   25   37
15   38   60
23   8   12
33   29   19
26   33   53
54   24   52
23   7   47
43   37   10
9   55   63
21   3   30
51   11   19
3   46   60
28   35   45
29   24   35
15   21   23
56   54   46
3   2   30
21   17   35
52   56   8
11   41   58
62   28   36
63   49   24
27   4   56
25   5   57
35   57   27
59   14   12
45   11   25
13   17   37
37   19   50
52   22   41
38   44   35
41   54   40
23   53   0
53   25   2
59   55   56
35   16   18
30   28   42
0   52   11
46   41   57
42   41   12
36   23   14
13   17   11
4   12   26
63   53   8
9   26   15
58   55   18
50   59   40
36   15   51
57   9   28
16   11   27
43   26   29
27   15   48
29   33   16
56   8   48
33   2   54
59   52   53
7   29   33
62   62   18
22   40   5
29   50   8
46   56   47
13   29   16
34   55   63
53   51   3
20   14   5
44   59   49
44   25   9
37   19   15
36   8   30
1   51   33
32   15   5
34   29   44
36   22   35
15   16   5
35   23   26
31   6   39
33   35   31
56   38   9
44   55   51
60   9   52
7   0   14
13   8   43
59   40   25
30   52   1
51   61   57
52   16   29
6   23   42
5   9   6
43   37   41
30   28   32
63   10   13
26   21   63
62   49   1
22   21   52
12   8   6
41   2   33
17   12   48
41   3   52
46   28   53
57   37   48
52   47   56
34   1   43
28   56   8
60   8   8
2   23   26
35   19   16
42   43   15
60   43   19
53   44   48
4   4   13
58   58   10
41   35   55
30   9   7
25   61   59
15   15   19
49   41   10
32   22   7
36   52   35
32   38   32
47   3   38
21   56   38
44   30   7
62   0   39
40   23   53
59   29   5
58   31   34
44   29   4
16   8   61
34   51   27
52   25   4
41   58   16
15   62   19
50   31   36
2   20   22
60   32   9
28   26   10
6   40   22
53   23   58
12   19   38
61   5   25
3   55   7
62   54   55
53   35   24
16   25   16
42   50   31
57   25   11
24   24   0
10   33   20
44   27   54
18   19   13
0   4   9
4   11   12
37   31   54
33   19   63
6   57   61
27   42   51
27   15   12
2   63   6
0   46   51
38   0   35
52   44   24
2   0   48
2   27   8
20   3   62
1   54   17
54   41   16
9   46   48
2   50   9
59   9   48
25   53   28
61   31   0
11   2   26
53   21   39
33   40   4
42   37   7
58   20   36
22   2   28
32   44   30
29   26   33
52   21   19
61   33   51
28   33   2
29   0   8
61   34   23
32   41   47
7   9   5
44   13   13
44   33   8
58   25   49
48   17   58
33   54   60
24   54   23
63   45   12
28   30   55
46   0   6
49   54   9
35   15   6
33   58   43
31   0   38
13   31   7
18   38   13
36   48   23
30   26   21
9   26   0
59   50   1
7   1   30
34   58   2
56   29   50
7   2   22
40   49   42
3   33   33
11   56   30
14   60   46
61   31   7
12   35   3
1   16   10
60   34   14
42   36   4
60   60   48
27   50   53
14   9   36
4   26   35
31   25   40
34   6   5
52   9   40
18   16   54
54   52   48
26   16   41
2   63   13
32   59   4
1   56   59
12   55   60
5   30   45
61   8   52
60   1   63
4   16   23
38   29   42
21   3   47
36   8   22
13   21   14
48   40   57
59   19   50
60   39   38
6   27   9
18   10   3
61   9   16
63   47   39
18   44   37
37   1   34
61   8   31
51   52   60
60   27   27
33   58   24
4   29   12
38   32   58
9   8   41
16   8   10
16   12   23
18   17   2
36   63   22
3   47   22
57   20   10
3   46   54
51   5   11
28   54   3
54   14   11
29   37   30
37   47   52
41   9   29
36   26   33
7   29   37
43   48   63
26   50   23
50   13   52
31   38   19
27   22   46
0   9   46
35   22   14
39   40   50
35   0   59
19   59   37
30   25   25
63   18   30
38   3   19
48   4   6
49   39   37
62   11   6
13   26   55
45   43   50
47   23   9
31   56   7
33   61   35
11   39   49
60   16   29
47   3   13
33   49   16
62   34   11
20   52   59
44   34   27
62   49   27
48   34   48
16   60   59
59   15   62
37   17   40
59   0   56
58   10   1
39   36   44
0   53   2
54   28   6
53   46   29
46   53   6
9   19   63
62   3   60
50   51   3
29   27   36
57   5   0
25   4   23
38   28   16
30   9   2
1   46   19
50   10   54
16   14   37
50   57   43
48   54   55
9   31   13
31   12   8
22   18   39
55   26   21
17   2   51
1   49   23
1   11   41
9   50   11
41   28   32
57   15   58
37   45   48
23   18   6
7   56   19
45   34   33
20   29   62
55   1   14
9   27   28
60   42   54
50   30   40
3   47   29
52   44   40
45   33   5
38   39   27
57   41   54
60   3   1
19   45   55
32   35   4
63   47   41
6   27   2
37   53   49
3   40   40
26   18   53
58   48   39
18   26   12
54   21   28
42   50   55
6   0   0
11   23   5
2   28   29
56   7   25
41   56   23
19   59   52
6   36   9
52   11   56
47   62   1
37   12   6
56   19   14
7   40   54
51   35   53
17   24   18
8   44   49
1   61   13
43   17   37
2   32   11
57   26   15
52   51   9
18   20   44
27   7   18
9   44   54
50   58   44
1   45   12
7   25   35
38   49   51
1   7   10
9   12   11
32   42   62
62   37   60
44   54   57
43   39   6
22   9   9
36   22   38
57   25   20
6   36   18
18   58   23
37   26   36
9   50   23
4   24   3
23   58   52
39   28   52
50   57   52
31   49   35
44   20   5
2   10   4
0   52   17
14   2   45
48   32   0
14   62   39
0   62   45
6   20   41
6   37   54
9   47   3
54   18   15
49   50   59
49   56   49
38   12   15
43   33   3
62   7   4
57   5   54
31   57   43
57   3   58
31   35   43
36   50   39
37   56   35
20   63   57
48   63   1
58   36   27
55   36   40
29   55   62
23   49   55
32   18   46
30   55   5
36   44   47
19   3   50
18   61   63
6   28   5
41   10   47
33   11   19
61   28   9
13   19   50
1   47   29
51   16   11
15   30   14
52   52   48
45   45   59
3   44   30
3   36   6
26   10   52
1   41   34
11   1   33
13   35   18
1   35   16
53   3   59
19   9   2
62   2   41
61   58   32
23   41   47
25   44   23
50   36   58
37   59   23
29   14   54
58   60   22
44   1   11
37   63   3
11   13   6
41   30   59
56   9   13
63   12   6
35   48   46
13   31   13
53   38   12
35   34   5
31   1   35
47   5   58
30   62   35
56   50   1
56   7   49
32   45   61
41   54   56
54   22   4
4   43   30
47   24   53
47   40   59
45   60   61
7   61   21
50   21   53
43   41   20
21   16   54
50   39   28
19   51   63
47   53   38
46   35   47
63   61   21
51   35   61
50   5   57
63   16   18
7   20   50
26   21   24
59   1   55
40   20   0
16   54   11
43   4   52
6   36   29
59   31   31
34   49   44
50   49   11
49   16   42
52   26   21
10   34   47
46   51   36
18   20   0
35   50   49
37   18   44
10   59   27
28   27   36
22   6   45
28   0   23
20   55   61
25   45   60
56   57   63
25   50   56
43   55   22
60   19   18
31   15   57
20   17   43
3   35   20
29   17   59
45   63   48
25   58   60
41   8   61
21   24   29
28   60   9
7   33   27
41   24   6
53   1   53
51   28   42
18   32   14
56   31   35
4   56   60
45   42   55
20   6   45
51   52   48
4   22   32
30   19   59
32   39   17
34   11   54
62   20   26
22   59   38
47   7   7
63   12   22
9   49   1
60   21   9
51   40   58
46   17   55
9   27   45
35   2   55
4   33   33
44   38   46
62   39   43
58   7   48
32   49   38
53   3   47
54   22   20
9   7   56
52   22   57
55   24   28
29   20   15
9   56   17
54   32   17
3   23   53
54   43   48
2   24   14
11   4   18
58   48   8
1   2   1
20   50   55
49   38   36
32   5   8
5   40   24
17   52   52
11   42   56
51   59   12
47   53   45
2   38   49
22   14   62
3   48   24
22   11   25
31   2   45
17   14   63
60   3   42
48   48   2
27   42   48
12   62   51
7   28   38
54   28   45
49   15   11
52   21   8
38   53   40
14   24   62
30   40   31
3   55   39
43   45   14
2   48   8
16   17   39
60   0   40
32   14   56
53   0   61
62   9   2
30   13   63
0   18   4
22   9   47
42   27   53
8   26   44
62   27   42
3   8   63
31   35   9
53   61   58
41   5   60
4   51   7
49   16   36
51   37   45
42   2   31
8   15   22
22   34   38
3   47   19
33   37   43
39   54   40
43   25   9
10   0   59
46   49   40
61   29   29
32   24   63
28   61   20
17   49   32
5   8   30
60   40   29
28   16   14
8   11   46
48   2   13
29   61   13
21   59   52
56   26   45
36   53   59
8   41   0
63   15   54
57   26   32
19   33   54
32   24   1
60   28   31
62   43   21
51   24   4
33   45   0
8   18   13
49   39   8
35   19   56
36   43   51
13   10   0
29   57   4
44   57   53
5   10   10
43   42   37
38   20   0
62   40   36
16   38   1
44   57   13
33   9   45
50   7   17
5   39   18
63   60   46
50   26   8
33   41   9
4   22   41
0   62   49
25   26   42
9   58   0
16   52   26
6   40   19
46   63   15
58   5   14
52   21   33
0   0   46
4   52   16
42   54   12
43   39   12
42   29   34
11   41   62
6   60   19
26   46   29
31   45   13
0   32   1
5   43   51
10   35   53
34   14   53
36   51   44
34   13   44
58   46   40
39   56   50
10   10   60
21   0   21
9   33   62
57   20   46
18   9   18
48   51   1
0   21   47
51   26   27
12   36   47
7   16   51
9   30   33
34   10   4
32   8   3
22   43   42
35   63   36
17   9   10
45   42   10
20   34   20
2   56   12
4   15   63
58   18   16
7   51   8
7   39   18
6   21   27
23   60   46
9   48   29
30   8   1
4   40   29
47   58   51
47   40   15
1   44   9
52   11   23
57   19   25
34   29   53
28   52   40
14   60   23
55   40   48
19   2   28
60   28   22
29   54   57
34   50   55
43   45   22
14   63   25
56   6   59
25   57   16
59   41   23
40   32   6
37   42   50
56   53   35
3   28   47
35   22   58
16   13   44
49   3   24
48   20   53
45   31   56
40   55   35
28   6   17
20   2   54
46   59   49
60   43   63
50   30   56
42   27   33
53   24   14
51   25   33
27   0   55
9   43   60
1   1   6
55   21   19
39   47   63
3   55   41
4   48   49
54   16   23
63   0   18
56   53   61
58   16   4
58   19   20
58   33   4
1   22   35
26   5   31
13   40   62
45   14   51
10   22   48
62   60   15
50   23   63
4   10   8
52   48   5
44   62   35
24   47   45
26   1   49
0   13   8
9   35   36
29   55   6
2   34   55
61   13   34
37   32   58
52   7   1
19   10   62
43   47   61
63   49   27
63   0   35
1   61   16
34   12   3
52   26   61
35   22   11
43   16   38
32   21   0
28   24   59
13   28   41
57   58   51
27   9   46
25   41   19
46   40   44
61   44   53
23   9   9
62   60   29
20   14   53
24   19   11
12   4   0
63   13   53
55   1   15
58   1   56
36   39   2
22   61   33
9   59   11
1   41   28
11   42   61
61   8   32
54   16   57
33   29   34
47   40   13
40   53   28
58   18   38
11   57   52
24   3   47
2   19   20
41   43   8
49   22   15
28   43   40
5   61   1
29   51   14
54   3   47
12   37   60
37   63   36
45   63   62
57   25   49
48   1   20
3   3   4
28   25   40
43   24   63
9   8   42
40   60   6
39   29   42
50   9   50
57   0   15
62   35   9
41   47   7
31   12   54
30   5   43
6   36   38
56   61   15
44   55   40
53   46   32
50   12   11
58   38   39
62   22   24
14   52   56
52   35   61
16   58   35
18   10   13
45   0   32
0   37   35
18   17   40
36   11   19
52   48   42
7   47   18
27   21   54
30   51   58
58   36   50
22   45   37
22   19   6
23   59   48
12   57   10
30   38   30
17   10   31
39   24   14
0   4   60
40   63   59
6   31   0
28   17   6
8   30   17
3   43   4
0   43   8
13   19   49
10   21   50
25   53   49
51   28   43
51   50   55
9   15   51
47   48   42
5   2   59
9   18   6
2   38   6
48   41   28
5   44   31
1   37   27
40   55   3
34   40   40
10   34   30
46   5   18
48   19   21
41   56   17
52   50   0
58   12   33
21   23   37
58   8   54
4   48   15
29   41   25
15   24   13
31   26   7
54   11   45
9   59   3
46   53   27
10   6   55
41   18   14
43   48   25
4   52   6
38   10   23
48   34   49
18   58   27
29   14   63
34   9   32
41   31   3
26   1   57
30   53   42
29   53   27
12   18   23
60   40   12
46   40   30
54   27   14
41   32   37
16   15   28
7   47   47
42   24   45
30   11   41
28   34   54
62   33   46
38   41   51
20   32   59
6   38   56
26   7   17
3   15   24
17   50   37
14   41   38
26   4   60
11   13   46
37   16   4
18   47   35
36   58   52
6   63   59
16   15   59
5   61   0
63   8   7
0   56   48
29   0   14
23   11   11
27   30   21
55   14   18
40   37   13
46   56   45
0   47   31
53   54   9
24   46   12
56   23   52
52   10   19
59   54   5
60   2   36
52   40   8
61   41   43
19   48   23
0   49   45
12   60   54
23   10   7
26   34   2
42   31   37
33   48   44
34   21   50
28   16   52
57   25   31
33   18   15
44   33   49
32   42   37
12   24   56
33   11   46
34   57   40
16   1   46
18   13   63
62   37   26
2   28   6
34   20   61
31   61   53
40   54   40
19   25   23
46   8   42
44   11   23
26   29   3
22   49   52
2   40   25
24   31   13
6   37   6
38   58   45
60   25   42
17   12   42
62   56   22
11   63   51
2   39   3
52   38   59
41   14   2
17   45   7
56   31   14
5   27   25
47   2   59
56   7   1
11   37   48
36   53   20
60   34   36
49   12   34
5   59   57
13   33   53
11   35   46
44   46   47
10   35   33
37   42   18
45   22   57
47   37   57
60   55   23
59   38   26
54   50   56
50   45   13
12   59   59
55   24   27
19   2   59
49   52   55
42   47   53
6   9   2
44   58   7
33   41   62
54   38   47
52   1   36
47   14   43
57   27   25
58   57   23
24   44   39
61   7   38
40   1   56
32   40   52
31   22   22
4   27   26
49   45   40
2   62   33
27   53   57
21   0   25
37   44   30
39   35   51
28   17   15
50   45   35
49   3   6
20   18   40
58   21   27
50   24   12
47   19   57
48   5   38
53   56   18
37   11   25
50   57   41
4   16   19
30   16   44
1   48   40
38   11   13
25   52   53
34   62   0
1   40   40
4   18   34
11   61   58
32   33   10
49   6   17
26   3   5
22   2   4
63   27   63
40   15   43
40   22   2
43   47   9
47   37   46
17   47   8
53   62   55
48   19   51
34   1   62
18   9   59
13   26   59
0   49   22
29   19   12
9   8   47
30   63   42
29   45   30
63   53   14
31   51   12
29   58   61
19   62   53
37   10   21
0   24   38
5   53   63
27   35   49
2   36   48
37   54   39
25   26   49
11   1   31
59   9   53
14   16   63
53   59   60
38   0   29
7   60   1
5   30   4
0   8   16
51   10   22
3   49   46
37   17   17
59   47   18
18   38   36
43   51   23
62   7   53
18   36   20
22   61   51
61   20   14
22   46   50
37   27   57
42   41   6
56   3   42
1   56   11
59   19   53
35   27   39
63   56   23
5   2   36
32   51   62
3   52   8
29   8   58
10   17   17
36   22   20
8   53   38
34   36   33
50   53   38
7   25   28
6   40   26
38   24   44
35   51   45
28   7   52
9   15   53
37   50   33
22   16   53
0   49   19
34   3   1
20   27   32
32   16   24
28   43   39
1   31   18
0   5   44
52   59   6
33   55   55
63   29   0
10   36   34
53   18   61
59   25   49
28   33   11
24   19   42
7   48   26
49   18   23
3   15   58
15   1   35
2   21   2
62   34   29
31   33   10
31   49   8
2   3   38
57   32   41
12   63   8
5   31   21
14   0   35
9   11   37
55   51   10
54   57   50
60   2   60
35   17   54
8   42   54
24   42   61
63   34   39
44   2   43
34   23   58
13   30   58
10   39   24
48   40   60
21   42   39
0   23   7
62   62   17
45   43   28
36   53   49
57   4   29
34   14   2
25   21   27
35   60   63
9   0   63
30   14   16
30   9   3
12   13   10
54   43   34
45   57   51
52   55   31
1   53   13
29   3   44
8   19   9
44   15   2
48   38   2
40   29   62
42   28   63
31   37   18
11   10   4
36   32   9
13   3   24
2   44   61
44   56   54
50   12   7
57   20   7
36   20   5
57   33   61
45   34   8
17   46   40
35   12   5
51   32   4
47   4   35
54   28   32
52   8   51
38   0   39
48   37   26
59   27   18
6   41   25
33   19   61
32   27   21
60   34   23
62   49   34
5   62   54
36   25   19
19   33   13
48   27   44
40   51   6
10   46   21
10   49   14
18   8   30
60   37   42
35   2   44
40   46   53
59   62   61
63   5   33
6   14   42
0   54   16
58   36   60
35   22   63
10   21   37
14   19   2
8   44   59
40   52   43
39   30   57
50   33   4
30   43   52
54   3   15
38   15   57
59   8   40
46   40   38
42   38   41
60   52   17
14   0   20
14   55   35
11   34   45
18   3   23
15   39   54
61   3   29
59   52   0
35   48   9
7   63   13
33   21   16
57   29   22
22   9   48
35   21   28
16   57   33
17   17   45
46   42   59
57   38   20
44   30   52
62   40   58
59   13   38
19   29   36
52   62   7
17   33   13
31   2   31
32   36   16
29   57   20
44   56   8
38   7   36
22   10   4
40   56   48
4   29   6
63   33   38
40   54   17
55   12   11
50   13   57
31   17   26
32   18   61
34   39   3
0   57   40
28   25   12
33   37   18
8   5   34
58   50   13
2   26   12
24   26   49
34   58   10
42   43   37
62   4   15
57   20   14
59   35   27
5   53   0
17   47   11
12   16   26
17   10   39
28   44   62
49   27   33
13   38   23
26   18   22
55   28   25
5   15   24
63   8   8
23   15   51
58   45   5
63   56   3
31   50   49
37   48   45
18   29   10
41   5   35
34   60   4
56   56   33
27   25   48
0   43   10
13   38   55
48   63   34
31   16   17
55   41   44
30   0   45
43   44   56
62   44   22
57   41   44
29   44   21
49   3   2
60   23   38
29   20   5
21   5   35
12   41   5
28   52   4
44   5   13
31   10   23
15   30   8
24   57   43
50   22   57
63   51   4
1   47   27
30   42   34
0   5   11
39   25   10
47   60   43
54   55   41
34   59   38
20   18   10
2   43   27
62   20   36
52   9   34
26   38   52
53   26   41
48   6   50
53   16   1
16   38   38
53   13   11
2   59   10
29   4   61
29   40   9
52   22   28
7   5   3
38   19   61
37   43   29
35   36   2
2   0   12
43   41   50
15   5   18
47   48   4
62   14   22
21   36   25
41   4   30
13   23   44
41   26   49
59   2   58
3   39   7
61   14   20
45   24   38
12   18   41
50   3   12
35   5   38
49   14   43
19   23   40
1   63   14
0   46   4
37   6   30
46   8   11
62   7   18
34   57   43
54   33   25
16   12   25
55   22   18
9   50   12
13   9   30
62   16   58
52   25   14
13   5   45
30   15   32
19   8   52
56   48   7
3   38   49
57   23   12
53   36   25
54   10   53
0   53   57
25   47   58
31   60   0
58   36   46
4   59   15
44   37   6
49   42   41
47   7   9
3   62   54
15   8   11
17   10   17
1   47   37
58   21   10
3   55   48
47   6   43
5   14   47
33   14   56
59   19   48
31   49   27
14   1   47
46   44   35
17   17   59
34   7   61
2   20   32
47   14   39
49   16   10
45   63   35
12   38   58
61   19   51
51   50   50
3   15   26
48   32   5
61   36   50
52   9   30
24   8   55
43   49   12
40   22   27
63   10   62
48   39   33
39   48   62
30   50   40
36   13   6
40   26   63
26   8   23
48   40   34
59   25   47
29   33   13
7   30   19
46   33   52
33   20   6
56   17   42
54   23   9
9   44   59
34   62   14
38   45   50
26   35   5
33   30   32
34   47   63
31   24   11
32   16   63
51   12   14
28   36   60
43   46   58
45   27   37
40   18   23
45   13   57
19   54   53
58   47   37
19   33   50
48   11   12
5   9   60
19   2   56
33   52   57
0   38   54
1   42   43
16   53   34
31   49   11
20   2   61
39   17   49
3   13   22
39   24   55
28   38   59
56   54   62
53   44   16
15   44   52
15   3   26
53   55   61
35   59   34
17   2   63
14   43   36
13   20   7
17   25   22
19   21   50
28   56   62
7   44   21
1   44   41
19   62   34
56   46   50
44   60   15
41   16   13
1   22   30
14   18   46
25   26   61
24   40   43
54   35   26
53   51   1
40   54   41
46   61   11
40   44   56
23   7   15
2   55   15
32   42   21
37   8   26
29   4   54
62   47   31
49   49   42
45   43   12
27   16   35
8   45   51
63   43   40
31   20   4
63   46   46
3   52   37
33   33   13
37   20   43
21   10   3
21   18   36
0   6   12
13   16   24
54   25   22
60   23   14
50   24   43
45   15   62
21   0   20
32   2   46
53   39   22
16   57   51
30   56   0
46   59   58
60   11   2
28   5   14
27   61   3
38   20   63
18   27   16
23   22   45
3   39   38
18   5   20
32   51   57
36   18   21
58   5   45
21   40   42
3   33   15
12   31   57
48   42   58
26   6   51
46   0   4
4   42   16
34   46   62
14   40   57
26   27   32
4   29   30
9   11   48
62   38   30
42   29   62
3   24   3
48   55   44
41   53   32
54   36   12
22   19   17
10   0   60
52   61   2
1   40   30
62   1   37
41   52   52
42   44   11
52   45   60
41   45   53
36   12   49
46   14   58
4   31   39
63   44   36
59   31   37
54   54   18
47   54   60
44   56   20
29   25   13
30   55   2
1   24   16
55   26   47
38   49   38
47   4   15
32   17   23
11   8   7
22   13   56
15   25   40
2   43   23
49   4   22
29   57   60
15   50   41
39   30   50
15   15   10
15   39   57
32   16   25
11   33   61
27   27   22
37   21   49
13   7   29
34   27   13
29   21   20
38   47   52
6   23   46
53   9   41
16   10   19
57   19   48
56   29   37
38   51   42
22   21   31
28   16   46
33   57   50
9   8   50
40   9   9
4   8   31
58   31   61
58   5   59
12   2   62
59   36   12
45   12   27
53   35   15
52   47   28
63   49   49
37   42   1
38   48   43
2   41   28
14   61   34
51   48   31
36   40   50
59   35   36
34   57   60
54   47   43
19   11   9
29   21   6
46   41   33
5   52   6
50   28   46
1   14   58
16   12   21
33   34   11
34   16   42
53   53   17
17   44   24
9   40   4
22   60   54
49   45   3
4   22   11
57   23   17
23   21   53
27   42   38
20   24   3
0   56   24
34   18   4
32   0   0
14   62   22
6   33   25
53   15   34
16   35   7
51   10   9
41   52   47
4   11   9
33   31   23
0   58   23
56   58   49
45   24   62
21   52   40
33   45   8
44   12   11
48   63   11
18   15   62
29   52   13
51   22   20
49   4   15
48   6   55
21   43   33
27   58   11
62   62   56
20   8   48
38   30   49
36   42   27
43   36   0
29   50   31
17   22   20
56   56   42
54   14   46
10   36   46
47   46   12
24   14   60
26   7   35
7   48   28
38   8   31
22   15   54
60   38   39
20   21   50
41   27   33
33   9   16
25   25   50
42   24   43
60   16   24
31   43   0
35   40   14
58   55   11
9   31   17
56   8   23
28   52   11
32   58   3
44   33   5
0   25   33
22   41   6
60   37   11
14   14   52
12   60   6
49   38   7
43   18   5
57   9   1
61   30   38
6   7   63
59   57   21
31   12   21
59   30   8
56   63   47
53   1   2
13   8   54
33   18   0
2   9   1
16   9   18
35   27   50
12   6   7
62   33   32
20   12   39
51   23   28
1   47   25
40   29   46
13   36   31
51   34   34
55   40   41
12   50   59
6   54   52
36   15   15
20   13   4
56   16   16
36   24   32
48   0   60
44   6   5
0   17   60
47   27   20
47   1   33
45   39   7
50   51   62
42   43   36
54   2   13
39   59   45
18   20   9
21   5   49
37   45   32
35   22   25
7   39   4
42   44   34
26   63   35
34   21   15
52   21   1
6   4   58
20   25   36
59   53   6
17   63   47
5   54   59
7   59   11
59   16   57
28   28   33
23   28   49
5   60   49
2   1   4
4   27   17
32   56   63
32   63   55
43   38   4
36   6   20
13   10   22
36   29   13
33   14   14
39   10   52
51   21   52
6   54   56
47   33   56
9   37   0
12   53   0
29   59   54
11   56   37
51   20   23
57   33   63
61   41   63
44   15   36
49   3   14
15   38   61
38   20   12
14   55   54
19   47   58
9   24   44
2   28   16
35   62   32
14   46   32
5   43   30
58   23   54
43   28   5
53   48   36
0   11   14
34   59   6
1   17   42
6   1   11
22   16   10
17   25   16
37   52   42
51   33   62
25   10   46
40   18   26
4   57   22
42   24   40
36   25   22
20   2   63
53   43   26
7   46   45
49   7   19
61   11   62
34   10   52
34   45   0
3   28   48
4   50   31
35   60   40
34   4   3
32   15   41
42   25   59
19   13   58
48   6   57
21   7   33
31   28   35
4   39   55
22   7   63
29   15   57
54   0   61
44   1   1
5   29   39
7   49   23
3   7   6
5   17   62
34   44   52
36   19   26
19   0   55
50   29   3
42   52   27
7   50   56
39   40   52
33   59   39
48   56   48
21   7   32
9   57   45
35   20   21
23   21   58
51   9   23
3   33   11
9   18   8
7   33   25
62   58   12
18   7   57
58   22   39
59   24   45
58   18   42
37   51   56
22   48   20
36   23   11
25   56   18
18   12   7
63   15   41
0   53   62
12   2   4
48   36   35
37   16   5
6   38   31
33   8   5
36   52   43
14   4   26
25   24   34
17   54   56
45   10   9
62   4   11
54   34   52
13   24   23
43   55   10
32   37   34
24   13   63
22   34   42
20   24   7
34   58   61
53   43   50
9   26   2
44   28   53
10   20   25
59   16   22
56   59   44
16   9   8
43   51   5
36   47   62
3   36   36
62   0   14
9   12   60
60   45   61
48   51   8
41   6   28
21   41   11
32   3   62
20   18   0
26   6   32
45   13   26
54   10   55
41   32   35
17   8   8
54   33   5
24   21   52
38   1   33
20   10   49
16   60   57
16   13   31
51   34   13
42   26   1
36   4   24
21   44   40
33   56   40
51   31   8
1   37   29
49   41   34
49   24   30
21   63   37
25   17   24
53   21   35
8   59   48
52   7   33
29   63   62
63   53   0
21   42   60
43   11   39
58   41   1
7   59   52
48   12   14
46   56   56
20   2   4
44   6   18
46   3   9
54   52   46
25   36   24
37   39   59
13   38   57
5   47   33
34   25   55
33   22   20
32   2   45
32   12   34
48   6   41
47   36   50
6   19   38
49   36   0
54   29   1
20   22   12
44   23   12
28   53   37
9   26   16
26   9   19
24   3   5
3   39   44
57   42   13
49   58   45
38   32   55
36   52   42
28   15   16
38   13   60
14   13   56
15   63   5
38   12   26
26   26   1
35   19   27
62   6   8
56   15   11
9   32   38
4   3   11
5   32   19
63   47   51
19   13   54
49   44   12
61   59   34
41   30   42
57   30   44
52   16   51
12   46   25
34   35   22
1   3   25
5   33   16
38   53   20
34   42   41
47   37   44
43   27   54
12   9   17
55   38   36
4   58   37
21   63   50
35   30   8
51   35   0
6   55   50
61   37   49
5   23   41
9   32   25
51   36   2
7   49   9
32   44   35
63   27   4
10   9   34
37   47   63
40   42   32
46   49   8
17   20   15
55   51   4
60   60   46
40   30   2
29   56   0
49   16   33
37   56   47
36   0   56
30   2   56
15   42   2
31   44   44
53   50   57
8   11   61
60   49   24
54   44   23
33   55   46
61   16   28
48   60   49
12   55   35
12   13   13
25   47   61
42   51   59
60   42   59
18   21   49
63   10   16
31   15   0
35   33   62
16   15   24
20   13   54
33   0   55
2   12   62
56   37   62
62   23   0
28   14   12
41   51   48
24   48   9
26   47   27
25   8   52
63   13   56
32   53   48
41   7   51
23   28   55
31   40   57
30   38   24
21   5   15
42   25   54
63   27   40
48   38   4
6   58   49
15   38   62
39   53   42
61   42   42
35   7   47
38   37   46
37   41   25
52   35   58
12   39   7
7   17   48
63   29   41
2   33   30
6   34   60
31   19   18
39   50   58
28   16   39
0   35   5
52   21   10
33   5   12
12   29   62
3   47   48
37   63   20
32   15   4
16   37   61
59   42   24
36   36   5
22   0   46
7   7   2
14   10   34
13   10   56
54   25   50
11   12   17
32   57   47
31   49   17
43   40   36
43   36   18
20   2   10
19   39   52
54   43   44
34   44   46
39   22   12
33   11   57
45   15   13
22   9   26
47   4   19
29   38   10
58   30   12
61   38   31
41   7   38
12   54   2
18   24   15
2   37   8
40   41   5
11   54   38
1   38   54
50   53   31
15   18   8
5   42   37
62   36   50
29   36   57
23   48   56
40   56   45
49   5   38
29   55   32
41   35   48
47   2   31
52   23   13
35   2   62
52   45   13
24   21   58
2   30   33
54   58   20
15   10   20
7   47   33
50   19   59
54   4   63
2   7   9
54   58   53
18   31   5
52   3   14
20   3   59
6   12   8
58   8   9
42   49   29
40   57   44
33   44   61
24   28   3
9   45   8
3   35   39
3   61   33
13   36   50
60   37   44
4   57   56
24   59   15
41   49   60
27   1   59
8   15   51
42   40   59
56   5   28
62   16   23
43   48   2
38   21   48
22   4   8
33   48   7
0   13   56
3   42   33
60   36   28
1   5   60
52   28   62
22   61   26
54   12   51
3   46   23
45   13   56
14   44   58
38   11   50
45   36   4
4   51   1
27   14   45
15   21   16
63   48   32
33   51   62
34   14   5
62   18   53
4   45   18
27   0   50
7   39   19
21   9   31
5   38   3
31   34   42
3   9   31
42   51   52
62   9   3
39   38   55
60   28   21
5   38   28
0   51   10
32   26   25
34   59   58
11   28   13
14   59   26
25   30   3
16   16   29
63   63   12
57   2   59
13   15   13
48   41   63
35   29   35
47   12   53
2   4   36
52   15   54
7   1   18
19   58   40
21   47   37
29   59   56
15   63   28
0   29   53
15   3   16
50   6   1
54   30   30
43   33   38
37   40   51
20   63   55
48   2   10
3   19   49
32   33   2
48   33   38
62   50   33
18   10   12
19   45   24
56   8   55
61   14   29
15   30   7
60   20   34
3   43   45
17   55   46
4   63   14
58   46   7
20   25   56
18   24   35
55   52   5
22   13   57
46   0   5
62   54   61
10   21   47
30   63   33
60   56   61
3   31   34
11   37   55
13   53   34
36   49   61
46   53   4
61   61   4
22   55   2
59   60   43
59   37   60
38   7   49
60   36   56
4   14   60
28   41   49
54   27   44
51   23   10
47   8   42
6   11   7
6   37   49
34   43   47
41   29   43
13   5   35
62   21   60
1   31   40
49   3   50
36   11   3
34   63   45
0   44   53
23   43   30
51   23   51
57   17   16
27   38   21
54   26   63
33   18   62
31   46   43
53   52   7
43   47   27
11   15   21
9   10   40
50   34   21
58   19   57
22   25   37
50   54   35
34   12   60
40   25   31
32   9   52
48   10   13
18   13   34
9   19   10
32   29   13
35   57   42
38   13   55
12   4   15
54   39   49
30   22   39
34   44   5
34   58   7
28   29   32
59   39   40
49   4   4
60   0   34
1   37   32
18   51   62
44   55   19
47   18   54
46   58   61
2   37   4
15   18   38
22   1   34
36   17   17
33   14   50
62   43   18
16   55   30
20   18   60
42   28   36
41   3   53
0   46   55
62   56   13
61   25   40
17   39   0
36   19   0
30   18   50
19   7   57
25   41   52
11   37   54
51   7   6
15   2   20
61   31   45
63   49   19
33   39   32
9   25   40
12   59   3
4   43   61
47   37   55
32   39   7
47   43   60
24   24   44
60   3   27
60   22   37
30   51   56
25   21   53
35   32   36
49   54   38
7   5   1
60   18   23
18   26   42
3   58   51
62   52   8
11   24   6
18   26   54
7   19   37
60   24   20
32   22   44
28   31   63
58   52   19
7   21   53
29   56   55
1   13   54
61   9   27
33   50   17
26   6   28
36   14   1
12   55   61
19   3   24
62   55   6
30   61   50
60   42   58
29   9   1
43   48   7
9   19   13
56   6   45
58   30   1
13   22   10
48   24   12
4   31   34
38   10   29
17   51   10
24   28   2
54   34   4
61   42   3
22   57   24
40   4   41
31   4   44
63   41   17
15   4   25
7   1   20
16   1   55
57   18   45
1   2   3
3   14   42
11   31   62
40   50   7
37   14   1
40   44   2
7   5   34
4   53   50
24   56   53
4   41   60
4   24   33
28   16   62
58   17   14
41   1   59
50   28   6
41   31   56
58   58   60
35   40   48
14   14   38
24   51   50
36   61   15
26   31   50
44   11   16
22   42   61
26   39   19
4   23   36
42   28   41
61   28   31
55   28   41
35   35   42
11   63   55
23   26   48
37   60   53
58   34   44
51   35   10
23   7   14
48   45   10
14   40   55
57   8   48
7   54   51
50   47   10
49   49   57
5   43   26
0   62   12
46   50   29
6   28   36
58   34   41
12   9   20
36   14   4
25   2   8
9   54   35
11   19   11
7   61   6
52   4   31
43   35   52
14   8   63
29   51   56
48   29   62
41   44   24
24   44   2
22   9   59
3   1   25
31   0   34
37   60   45
18   36   33
8   18   8
9   33   18
0   58   13
58   45   43
11   34   43
59   29   11
8   6   62
52   13   15
49   49   4
13   13   33
28   25   35
52   11   9
41   27   4
33   63   31
38   31   50
22   23   35
63   13   34
43   38   19
1   7   38
0   27   62
55   25   35
15   63   37
44   0   41
1   4   9
18   61   62
49   54   56
39   21   26
18   20   8
3   41   28
33   41   25
52   43   58
26   7   33
3   44   56
41   35   54
13   6   41
16   38   45
63   53   16
57   27   35
61   16   32
2   54   11
36   6   4
4   8   24
54   0   7
47   0   8
39   3   38
2   32   45
33   30   36
50   50   0
52   16   43
44   61   16
21   2   29
59   32   14
25   36   13
17   54   53
53   55   12
53   56   24
19   8   61
37   25   34
21   61   57
39   29   32
3   46   25
36   21   59
14   26   58
51   27   36
8   60   54
12   41   44
37   63   25
24   6   50
46   47   37
18   55   52
34   15   62
9   35   27
1   27   42
13   22   48
17   11   5
41   57   54
29   0   57
32   54   55
27   10   63
59   62   26
48   5   0
1   3   7
54   63   57
8   23   10
62   4   5
6   45   37
25   20   28
41   44   12
27   47   19
35   54   3
25   51   55
33   18   5
58   58   25
63   27   5
48   39   8
16   60   58
45   13   5
43   42   21
19   41   54
39   45   23
27   2   4
7   4   24
56   8   19
52   14   47
62   28   22
34   2   10
30   17   13
25   30   0
31   58   57
57   22   27
41   54   45
32   38   46
46   36   50
62   32   24
4   51   10
0   58   14
41   20   30
26   30   49
25   2   0
57   2   45
31   12   46
34   30   57
36   22   23
50   12   60
12   0   5
50   16   56
16   63   62
9   52   59
34   2   7
42   50   62
60   16   42
25   13   57
22   48   49
61   43   38
21   52   41
63   26   42
29   36   51
48   39   62
54   38   35
25   53   26
19   59   33
8   12   15
55   27   40
44   25   6
62   44   53
31   8   37
48   1   8
3   33   4
8   18   45
28   16   1
60   32   32
53   62   51
52   46   26
15   29   5
37   63   40
36   14   35
56   18   44
23   44   51
8   22   38
35   62   0
6   61   15
37   19   42
10   0   22
3   22   0
30   21   49
38   8   34
26   46   4
44   10   15
60   7   6
13   8   37
9   13   49
2   56   1
37   49   58
22   20   42
47   54   47
3   38   13
10   9   59
48   9   53
39   16   43
45   26   53
15   9   28
61   36   39
14   53   40
4   42   23
49   9   16
38   18   16
21   33   14
24   47   42
2   45   60
37   28   38
25   27   33
62   0   47
30   29   44
48   41   21
27   25   42
1   37   17
23   42   32
14   44   53
14   12   53
50   57   39
62   55   2
49   38   26
61   28   42
52   13   26
62   57   26
1   26   38
44   38   2
10   35   29
26   26   48
13   39   33
41   35   2
49   47   7
20   59   51
30   2   48
61   38   6
21   11   34
25   30   5
60   57   19
46   40   34
41   55   2
30   18   0
19   0   39
53   52   37
18   43   24
44   63   44
34   35   34
34   6   9
49   17   18
26   9   20
54   49   55
57   17   52
38   62   46
44   46   49
63   58   48
60   54   60
54   22   27
10   47   7
15   27   37
17   54   51
17   19   56
40   4   31
36   22   36
9   21   38
39   49   60
17   3   6
61   7   28
52   15   50
62   7   25
19   7   37
19   5   33
5   46   4
4   59   21
9   56   29
4   46   25
23   58   49
4   18   21
6   43   8
34   15   14
18   35   18
41   36   53
28   35   42
21   36   35
34   44   13
62   18   8
42   50   32
53   39   8
0   50   14
11   19   13
62   35   55
20   15   44
36   9   2
20   3   1
51   14   10
43   28   4
41   18   23
29   10   51
24   3   52
18   31   40
30   39   21
63   10   31
55   38   37
28   26   22
24   16   17
0   16   20
25   27   36
17   15   28
12   19   24
16   61   39
27   59   51
32   4   35
30   56   63
58   4   52
36   22   43
47   1   62
48   39   17
22   1   27
38   39   57
40   5   32
31   45   14
61   31   24
38   52   24
48   39   27
63   47   47
25   5   58
30   0   54
29   35   46
18   20   47
32   50   52
14   22   38
10   26   34
37   0   32
8   23   43
63   33   2
5   54   60
4   19   45
40   21   21
59   31   16
35   59   37
33   1   33
2   58   3
47   61   9
40   35   0
60   16   21
30   59   46
1   5   12
12   50   18
11   35   44
58   18   56
11   23   63
29   2   48
48   0   4
31   10   56
3   38   54
7   56   48
3   11   29
45   45   44
4   8   32
50   37   8
3   53   52
58   53   48
49   0   34
1   27   1
33   0   38
32   41   19
34   3   56
63   16   49
7   17   40
36   55   24
62   30   38
49   42   13
40   40   12
50   59   48
5   58   52
30   37   26
28   23   53
11   4   21
19   1   29
28   18   3
59   39   43
63   63   40
31   40   63
4   54   36
36   15   52
44   39   7
43   51   28
11   32   3
8   29   16
60   34   46
35   39   45
52   6   13
56   3   2
50   9   20
37   29   51
34   17   57
16   61   63
0   53   46
24   38   47
10   33   43
21   4   52
23   59   38
24   42   18
20   27   29
62   52   0
62   6   1
9   35   20
12   16   29
28   58   12
32   6   7
32   48   43
6   43   4
21   1   28
59   52   9
45   0   47
58   18   51
17   22   19
20   18   61
30   7   19
58   11   49
34   40   37
23   40   49
31   13   60
16   41   42
56   50   4
4   30   31
62   48   54
50   14   14
18   11   4
0   62   19
3   27   26
1   50   26
6   4   22
15   51   40
57   3   5
46   51   9
56   44   32
52   41   37
35   21   22
36   47   56
22   50   56
25   43   2
51   41   62
24   27   7
56   8   0
56   3   39
2   27   41
1   15   53
56   43   38
0   26   52
9   26   47
27   16   7
32   4   2
55   15   15
7   41   56
55   25   29
10   61   26
43   49   0
15   14   26
40   35   44
16   43   62
1   11   1
1   57   8
34   9   6
52   38   50
42   36   16
31   26   25
54   60   52
31   4   63
3   44   63
57   7   11
7   58   50
25   36   60
29   6   7
53   26   15
53   11   0
37   33   52
29   57   30
62   23   21
10   8   9
31   9   42
59   39   34
7   52   49
18   8   28
58   49   9
8   5   59
57   3   56
33   63   34
49   29   31
57   54   62
15   4   14
31   49   34
8   61   1
27   10   49
27   29   5
48   54   60
29   1   47
43   23   59
24   52   49
46   2   8
0   11   53
55   17   20
7   42   59
40   1   57
48   14   1
62   62   9
51   18   7
43   42   48
31   26   34
0   52   38
43   13   35
41   53   55
39   43   1
38   48   48
15   15   37
62   50   10
43   38   53
34   24   6
13   26   54
33   2   32
52   46   62
22   7   35
44   8   30
36   15   18
17   38   23
50   30   37
55   35   50
37   60   31
13   31   40
61   44   50
13   5   49
10   4   41
20   17   16
35   49   12
19   27   35
26   25   34
53   22   8
16   6   1
58   8   0
59   26   17
24   47   8
1   26   10
55   6   23
31   32   20
31   20   3
36   55   48
46   51   49
1   22   29
23   20   9
0   51   60
55   12   39
57   16   26
57   36   62
55   1   13
44   15   60
51   49   57
31   15   35
12   33   1
54   0   6
57   5   6
4   55   19
22   17   3
54   3   45
8   33   49
57   10   23
33   50   59
30   42   29
23   4   45
28   56   10
48   26   3
60   21   49
3   8   54
36   53   21
54   19   45
29   37   11
42   35   60
60   37   13
7   23   29
63   53   11
5   47   5
48   8   7
9   40   29
45   59   56
51   0   47
9   57   34
32   39   13
47   24   52
58   20   58
11   41   63
31   63   56
29   59   1
11   1   9
2   11   63
0   47   42
7   28   24
50   24   45
43   63   56
31   17   59
63   53   9
50   13   19
62   20   18
35   11   4
19   3   25
35   11   8
28   39   38
1   3   58
51   50   54
57   17   21
58   62   7
58   24   63
7   40   0
18   19   3
7   42   7
28   17   11
0   43   39
4   8   10
16   45   61
44   59   39
17   2   45
50   39   29
43   52   46
16   62   19
16   60   60
52   27   9
51   1   7
40   12   44
31   36   11
26   29   0
21   24   26
18   28   7
60   22   51
16   33   3
2   62   5
8   61   37
47   9   51
30   53   37
37   5   24
32   29   36
41   59   60
25   23   46
2   9   5
6   20   43
9   62   2
15   18   9
12   38   46
41   54   57
0   47   26
53   28   36
49   9   12
21   57   53
34   8   28
52   43   55
42   39   48
44   12   4
33   36   15
56   50   55
7   39   16
1   17   22
44   34   3
39   25   49
48   3   62
28   23   63
39   22   2
14   24   44
32   38   3
25   60   27
9   53   32
25   20   31
11   14   50
38   20   7
26   36   51
46   59   41
30   58   49
35   18   57
36   59   51
20   27   10
51   10   63
52   51   50
12   56   12
63   9   12
20   26   61
21   50   20
15   29   10
45   14   24
58   20   46
53   22   5
22   37   37
14   58   38
34   26   20
44   54   58
36   51   19
0   54   8
29   40   28
34   18   51
26   9   26
59   1   25
9   16   35
32   53   35
6   34   20
34   61   46
54   11   7
63   62   37
51   23   2
63   61   0
61   35   15
1   19   51
12   22   61
2   38   56
45   44   52
12   23   55
7   47   19
43   53   48
33   57   47
47   5   41
62   16   30
61   1   30
41   28   45
17   22   42
13   34   37
2   32   14
19   10   39
58   23   5
17   6   3
31   41   15
3   0   58
34   10   0
37   45   24
38   12   22
5   5   55
3   35   19
2   40   26
22   51   62
62   4   48
31   1   1
57   58   46
52   6   59
40   44   39
5   38   4
1   58   20
25   4   63
3   63   22
54   44   41
63   63   1
63   37   41
37   10   16
22   14   7
23   21   44
21   54   22
59   53   15
1   24   37
47   51   39
30   53   22
56   36   12
47   42   5
29   17   13
13   38   52
59   52   49
53   38   42
62   43   52
32   44   27
40   18   50
48   39   29
42   52   57
60   22   53
54   37   31
32   6   9
54   0   58
29   62   49
26   19   23
63   55   25
39   5   34
40   29   42
9   59   27
3   53   45
62   54   50
34   12   13
6   26   37
63   32   32
37   4   19
59   60   60
7   45   36
49   21   25
52   35   13
0   55   41
48   16   16
32   27   35
56   28   59
1   45   11
16   23   59
42   38   45
19   54   13
10   39   17
8   41   60
54   5   56
3   8   33
7   38   22
32   10   39
51   2   13
19   48   20
27   37   43
17   8   33
25   53   50
53   60   6
12   15   21
30   61   38
29   5   59
22   61   58
18   15   19
46   1   21
4   29   63
7   8   9
14   40   11
54   17   2
26   11   24
17   4   35
1   54   10
26   41   6
42   26   42
25   59   24
2   40   18
49   17   46
23   18   52
16   11   62
4   39   28
18   34   6
26   32   54
59   43   41
17   21   26
57   57   42
13   11   20
10   41   27
4   56   4
31   3   41
4   30   37
57   31   0
14   23   43
11   26   1
3   40   12
40   42   7
29   28   51
3   1   38
40   48   12
20   57   48
56   50   13
27   29   32
47   54   49
40   34   34
40   4   30
57   29   14
57   5   25
47   26   12
18   1   18
45   14   59
53   55   29
0   28   36
61   22   57
40   56   63
9   58   41
36   61   21
9   34   19
42   54   58
26   3   47
54   39   19
36   20   28
59   8   44
3   51   57
36   34   53
33   50   48
13   16   28
29   59   23
9   57   1
13   29   8
56   39   40
13   22   18
17   3   7
39   45   45
59   37   28
28   52   60
10   25   40
32   48   46
11   12   18
62   39   39
5   8   13
52   22   12
61   50   6
6   34   33
19   55   24
45   10   2
23   16   5
20   20   11
22   12   34
36   24   50
37   56   28
49   12   31
35   63   41
3   36   56
29   22   39
12   36   43
34   43   53
55   38   49
31   60   49
38   35   52
30   14   21
45   16   3
56   51   31
59   44   19
47   17   47
58   23   45
21   3   55
16   44   57
31   16   16
6   32   19
37   0   17
14   15   3
32   1   41
52   24   24
29   43   24
25   46   15
59   15   2
22   7   49
23   34   45
53   37   20
15   4   8
17   34   16
25   17   23
15   63   21
31   31   23
17   18   2
63   20   51
60   17   12
32   57   61
37   20   30
49   55   6
54   38   14
17   8   34
35   59   48
18   22   36
55   8   19
47   41   58
31   39   52
28   17   0
13   33   44
54   45   1
7   50   14
57   53   43
4   23   40
10   8   62
14   10   54
22   11   16
25   49   51
40   42   30
35   23   60
47   46   8
0   9   15
35   58   61
32   42   25
61   32   16
21   56   16
29   46   35
60   14   44
2   26   35
1   6   24
46   15   60
23   38   31
28   38   6
11   34   37
16   41   37
51   26   24
49   12   13
41   40   17
26   26   42
56   51   57
54   35   40
29   23   52
32   34   33
9   35   1
0   38   46
16   4   20
54   14   20
32   25   24
58   17   50
30   31   34
62   15   21
62   18   20
15   21   18
30   53   52
53   54   19
0   28   60
37   9   36
16   54   15
52   18   44
30   5   17
47   4   18
38   17   62
35   30   58
9   12   26
24   27   5
61   19   52
45   42   33
21   55   63
14   11   51
6   52   22
7   58   25
14   7   43
11   19   2
62   33   25
27   59   20
13   23   38
56   51   56
35   6   42
62   62   0
3   62   32
2   12   48
58   19   48
26   40   49
38   27   32
28   52   43
27   58   53
21   1   53
53   20   59
47   17   55
51   41   63
35   34   16
14   22   36
27   40   40
41   63   0
19   10   40
33   38   36
43   51   32
5   32   33
63   16   14
48   44   41
6   4   6
58   33   14
53   19   0
7   15   11
41   9   48
57   11   32
36   16   41
42   43   44
61   41   48
20   12   7
59   17   25
1   18   12
51   30   5
49   38   19
17   16   8
58   10   56
24   22   50
62   4   42
6   57   5
59   59   22
53   31   27
61   60   40
35   44   1
48   45   13
61   17   55
22   11   17
15   27   9
43   28   34
13   30   6
59   13   16
1   8   36
36   25   40
1   26   11
22   1   41
4   9   2
48   23   52
41   27   34
12   51   23
56   25   39
28   15   63
53   41   37
0   50   21
15   40   58
16   16   22
52   63   21
2   42   30
8   41   62
33   17   1
4   15   20
59   39   37
8   29   19
36   22   10
49   32   63
53   23   62
13   61   41
11   56   56
53   2   63
61   41   47
2   45   59
59   17   20
51   10   15
62   16   1
19   29   59
41   7   56
48   6   56
56   4   14
34   37   18
33   47   11
10   46   25
8   7   30
18   19   45
18   21   53
17   7   28
40   21   44
54   16   16
36   8   31
4   57   63
34   16   7
55   15   1
60   14   53
6   50   2
59   33   38
63   62   32
55   59   4
41   51   31
50   34   12
35   60   58
43   53   3
37   18   51
2   6   10
11   7   19
52   50   3
7   15   10
0   3   14
27   46   22
52   25   22
33   43   21
0   25   39
50   50   60
49   44   6
54   4   14
5   20   4
16   4   53
0   7   7
45   11   16
55   56   26
5   61   48
26   32   62
23   18   7
26   9   46
54   30   42
29   3   42
29   59   16
2   56   14
31   18   6
0   29   45
59   38   33
39   18   51
39   24   9
47   50   41
26   18   42
60   40   35
25   15   25
27   3   52
11   1   15
11   43   4
52   3   47
23   5   8
41   58   58
0   34   56
60   45   1
56   5   44
16   26   60
31   7   18
34   34   16
17   52   57
18   27   1
37   30   16
59   8   18
12   62   56
9   57   37
56   33   61
61   30   33
54   59   4
3   14   25
23   52   1
6   36   16
19   52   56
7   48   40
32   22   22
39   30   53
7   50   31
45   54   47
46   42   27
27   2   39
16   10   58
55   50   9
40   60   60
5   32   62
31   59   47
56   49   11
62   27   33
30   9   55
27   14   42
6   20   19
18   43   23
20   24   55
9   28   14
5   5   35
14   9   62
49   9   18
5   19   2
34   36   15
7   47   11
40   45   36
7   18   33
51   22   8
40   2   55
4   43   24
10   39   36
31   14   2
19   51   54
58   45   63
19   63   61
22   56   23
20   54   46
27   7   51
48   20   55
19   10   13
4   32   0
1   8   2
16   20   21
51   7   0
57   28   38
20   10   11
41   32   51
26   58   39
33   11   17
3   28   52
47   5   6
12   14   22
1   36   38
47   16   46
57   39   49
34   38   42
56   38   42
63   18   43
14   11   30
56   37   47
51   37   46
51   22   22
59   29   13
30   34   16
12   2   60
61   6   45
35   60   57
60   38   16
62   47   49
54   21   5
34   49   43
0   30   37
54   34   48
21   56   19
34   27   24
37   48   47
19   47   26
8   23   42
15   16   15
53   35   60
33   9   18
14   34   8
4   7   7
54   12   12
4   29   61
27   24   44
2   57   52
19   23   57
34   38   19
1   12   7
36   56   34
9   53   9
49   57   39
4   7   19
0   39   57
8   38   47
54   36   62
49   36   4
10   48   19
1   44   13
34   39   59
18   46   41
58   34   37
5   42   61
20   34   54
8   58   41
6   36   62
39   22   38
2   55   17
35   44   47
16   4   52
34   14   8
59   38   20
25   6   22
20   33   14
4   62   45
42   51   36
24   54   21
53   21   16
0   27   2
51   55   53
9   22   61
37   32   13
33   31   4
1   56   58
4   9   6
6   2   4
34   4   12
28   44   45
0   22   5
0   58   61
20   14   37
22   31   10
29   40   3
2   48   33
11   19   3
6   2   14
33   45   46
42   35   54
30   9   4
39   15   57
27   2   8
49   1   51
24   23   60
48   4   32
33   4   10
26   8   16
40   40   59
40   18   22
23   32   53
60   2   44
20   16   51
3   17   54
41   53   53
53   12   12
17   55   49
2   35   17
45   30   50
54   32   33
44   0   12
60   20   58
51   11   12
17   8   32
51   45   13
36   44   35
9   11   30
32   33   9
5   30   17
54   24   17
3   53   47
59   17   19
4   17   25
58   34   6
56   30   63
25   59   21
53   41   21
28   20   8
19   3   26
6   49   11
54   20   29
33   40   2
42   36   2
60   49   0
62   8   14
11   47   33
19   51   47
9   47   56
40   54   16
28   17   61
40   19   47
60   27   33
25   41   57
41   32   52
29   26   42
53   54   16
21   28   40
50   32   50
39   22   56
12   16   28
57   39   56
1   55   19
20   21   6
32   18   12
62   42   47
45   15   37
4   19   22
51   12   13
7   33   20
46   30   56
52   14   16
16   7   7
59   4   42
30   6   39
0   57   55
23   63   40
1   3   59
0   23   42
2   27   42
41   50   5
53   17   60
41   8   32
28   53   1
36   61   9
5   0   37
34   56   34
14   15   49
33   56   4
35   25   52
41   49   25
62   48   56
21   42   31
60   36   27
0   3   52
30   9   62
19   63   62
36   14   36
6   49   1
14   32   62
16   47   17
20   53   53
63   32   15
24   18   6
13   26   9
13   63   33
28   28   1
6   21   45
25   40   7
52   23   31
5   33   12
60   36   31
63   20   32
19   63   35
58   9   53
6   50   59
22   43   36
11   31   7
51   12   50
31   21   15
29   21   45
58   27   50
4   19   2
50   53   9
4   45   53
38   2   22
26   15   5
28   13   4
37   50   50
29   52   63
4   25   29
62   38   31
15   11   13
3   25   50
12   35   52
34   47   50
40   0   54
61   31   1
18   18   55
47   18   48
22   40   57
59   35   35
37   3   23
9   10   34
15   54   57
53   8   13
49   17   29
6   41   15
45   7   0
40   47   29
22   2   36
13   26   56
0   30   55
36   16   31
14   23   30
27   21   57
37   11   29
2   39   19
2   13   59
35   59   56
45   58   53
39   47   16
45   24   35
30   57   51
62   59   4
8   14   50
25   63   19
38   30   37
61   29   53
37   49   37
28   19   45
57   29   40
52   61   26
9   10   10
52   50   34
14   12   42
4   10   14
0   3   56
12   12   15
33   15   22
9   20   56
36   17   16
28   5   8
59   39   16
14   32   63
34   6   2
25   6   62
59   6   52
33   18   7
32   27   16
57   15   44
49   30   61
47   16   45
31   35   24
21   43   36
49   1   30
17   34   20
4   53   52
25   47   21
41   27   2
44   2   8
17   19   5
23   20   59
45   28   52
46   55   39
53   38   39
52   22   20
36   6   25
47   51   10
25   60   17
35   34   3
51   51   56
58   49   41
50   28   24
15   63   29
38   29   34
31   17   13
8   20   41
2   58   9
61   36   19
12   38   55
35   17   61
39   45   48
58   20   32
41   43   48
26   19   49
30   47   44
13   29   4
50   16   16
15   4   63
6   5   21
6   52   19
47   7   44
14   0   27
35   5   50
33   29   61
11   6   8
26   63   8
33   52   56
34   16   63
5   40   39
38   41   33
55   14   38
27   8   54
48   59   58
47   51   36
54   37   50
33   2   49
57   33   17
0   41   48
11   28   16
31   48   40
49   53   3
18   8   29
38   54   19
16   45   60
55   51   62
52   63   63
14   19   16
58   33   16
51   36   57
35   13   7
40   16   30
60   25   25
11   55   48
57   32   1
62   11   7
21   27   36
46   1   3
47   2   2
48   14   10
63   55   39
36   15   50
21   58   33
58   56   15
1   31   36
29   10   0
48   38   24
48   61   16
8   30   20
32   39   36
2   61   35
20   56   54
48   59   51
19   61   63
2   22   23
9   8   46
23   58   54
9   37   3
8   62   63
42   46   56
6   36   27
44   21   1
11   40   0
0   63   17
45   47   48
24   11   59
23   39   52
22   31   20
29   39   6
36   0   5
35   14   1
52   41   49
2   33   9
35   50   61
47   11   57
43   46   53
60   27   50
55   4   44
57   4   3
15   5   9
19   6   45
16   11   26
42   20   63
31   18   27
22   11   31
33   38   63
18   11   52
3   36   18
38   27   57
58   18   55
7   55   7
63   17   46
59   30   9
50   23   15
0   21   49
46   19   62
26   1   56
41   33   8
42   33   8
18   57   53
3   0   36
47   52   44
1   28   15
52   5   15
45   9   11
48   42   59
2   1   37
30   0   52
33   48   15
32   43   2
48   54   57
12   24   0
54   33   34
54   30   18
12   25   63
4   62   5
0   48   18
17   24   17
2   0   1
35   0   35
16   4   60
58   56   20
39   22   13
36   56   31
36   44   28
13   23   40
32   3   57
52   41   48
51   23   41
26   7   37
59   52   62
21   50   21
20   6   50
32   38   11
26   21   0
1   31   51
30   44   28
34   4   58
63   30   1
52   27   3
37   42   17
12   38   6
24   12   0
44   51   9
52   17   34
38   12   27
48   23   47
26   2   39
33   26   14
42   24   38
52   23   5
35   28   56
20   32   7
24   40   44
29   44   13
57   39   55
0   63   57
38   0   20
57   1   42
42   43   52
53   33   63
58   27   7
50   38   46
59   17   8
58   22   53
25   46   0
39   59   46
30   49   24
29   30   32
59   6   54
28   2   15
51   24   39
2   57   34
37   63   22
17   47   38
60   42   32
29   62   18
38   17   17
21   56   56
59   45   15
40   59   21
56   25   53
9   44   33
24   46   48
19   57   51
34   30   23
47   38   20
50   59   53
56   19   8
33   53   5
32   26   14
12   15   5
31   24   12
23   13   41
28   29   52
40   1   4
31   8   55
59   26   15
31   60   51
50   23   61
21   60   58
51   35   12
43   37   7
9   10   7
36   63   59
61   21   45
16   24   63
46   42   55
1   42   31
22   62   7
41   46   28
8   42   28
4   43   10
5   30   13
57   38   53
63   0   5
1   48   59
3   38   5
16   21   62
19   28   55
7   30   34
58   28   32
2   23   19
31   57   50
29   16   7
32   58   54
51   24   16
46   37   53
36   1   57
36   7   50
23   10   10
7   61   36
52   27   38
46   19   63
5   34   37
25   57   13
40   22   1
29   44   63
8   17   11
23   16   42
23   18   10
36   57   11
31   18   63
55   8   20
17   9   27
7   2   15
35   0   1
33   46   10
62   12   26
36   21   58
19   1   54
0   42   33
6   12   4
63   55   15
49   13   35
58   55   35
51   23   45
40   40   14
51   59   8
32   10   0
46   14   56
57   39   12
37   9   31
16   62   61
42   48   54
33   48   24
9   1   10
16   56   46
22   43   41
45   45   29
16   9   45
62   53   17
9   47   15
0   41   30
62   10   31
6   42   53
27   28   16
27   10   62
10   39   0
37   33   53
29   46   32
37   51   38
61   42   0
33   63   36
18   63   54
54   50   62
3   10   60
18   43   42
57   11   10
9   58   23
12   18   3
39   21   16
18   2   19
30   2   57
51   5   1
35   54   0
52   19   45
10   26   31
34   41   4
52   1   40
13   15   35
15   29   63
5   15   27
57   61   43
10   46   16
15   28   1
19   62   0
48   45   43
49   7   7
34   36   60
37   7   22
53   24   4
28   7   3
10   6   31
56   56   32
9   25   36
49   51   11
35   1   43
26   10   18
53   58   56
54   33   53
29   41   26
54   54   39
57   41   19
60   2   41
7   62   56
63   2   38
43   26   53
31   12   41
33   0   30
52   10   41
60   47   23
17   46   35
0   24   44
9   17   9
40   24   61
13   35   20
16   34   60
1   10   13
16   52   48
15   23   12
29   0   3
31   17   42
25   54   52
9   27   21
34   5   41
9   22   19
20   16   59
38   41   47
4   59   58
19   40   51
28   27   6
28   38   5
29   11   4
18   33   8
38   50   47
35   23   55
50   23   18
7   53   17
4   56   59
38   20   2
21   34   29
14   12   60
32   41   20
39   0   32
38   60   24
36   16   24
48   3   35
42   32   35
9   27   3
17   51   9
41   29   5
62   7   16
30   47   43
34   12   59
29   38   59
50   24   14
57   16   49
18   61   28
59   1   57
25   45   30
35   12   13
21   63   24
29   57   9
2   54   59
22   12   20
53   25   12
24   53   19
60   31   53
31   14   45
43   59   50
42   57   53
28   45   41
13   3   34
5   55   5
54   41   56
63   40   50
27   57   17
40   34   53
22   61   37
24   25   61
60   20   60
43   45   10
33   32   20
7   22   34
20   8   52
6   49   16
61   20   46
10   46   28
57   8   7
61   33   55
63   1   55
51   12   24
10   37   19
37   18   16
20   57   49
53   18   10
32   7   4
47   3   12
4   54   48
43   22   61
53   4   14
36   62   18
32   36   42
7   58   59
52   23   0
3   40   17
8   6   51
51   26   49
36   27   54
37   39   35
29   11   60
38   23   14
25   60   61
0   31   32
52   36   62
4   13   29
37   53   32
52   6   2
10   9   4
43   34   48
49   55   36
54   39   32
49   3   47
30   12   45
35   44   41
58   0   51
29   49   18
16   21   23
49   44   5
54   20   0
6   2   57
61   14   54
53   32   29
1   31   34
35   20   20
57   29   24
5   43   27
0   56   7
43   52   60
38   8   20
39   19   11
41   17   1
42   47   38
7   47   39
57   49   46
60   19   56
4   20   6
52   14   42
26   59   30
37   25   55
48   2   15
16   50   41
17   5   2
20   15   55
32   50   40
61   6   54
29   33   52
13   10   1
39   31   13
51   37   49
50   8   61
62   55   49
8   39   31
2   26   39
44   39   10
46   53   5
60   19   46
62   7   9
35   56   52
52   23   35
38   42   23
53   16   56
19   10   1
17   12   22
56   49   9
29   60   31
19   61   46
21   1   16
15   13   22
61   55   22
41   57   62
24   32   59
27   12   38
30   8   37
16   52   40
52   16   48
39   50   31
8   58   57
9   48   16
50   20   0
6   36   36
61   37   11
51   37   14
17   27   63
62   28   1
39   19   47
45   27   32
30   10   61
18   22   18
54   6   44
61   25   39
13   35   39
58   30   9
20   54   56
36   1   3
0   9   10
27   32   35
15   37   63
13   23   47
25   4   15
30   3   14
6   49   62
34   45   45
60   3   13
51   38   5
11   27   12
59   40   44
10   29   37
3   56   38
35   21   15
14   10   55
48   20   22
6   26   1
37   51   43
7   27   36
53   38   36
18   42   44
62   48   48
25   38   55
1   40   36
28   63   21
48   61   3
62   35   28
52   0   37
19   62   7
18   19   16
24   13   35
41   43   2
5   17   7
26   7   42
28   11   45
45   18   32
4   30   41
34   3   44
59   43   48
25   25   48
30   31   23
63   42   52
62   3   58
37   22   54
43   40   51
27   33   19
5   62   60
17   62   48
19   49   51
3   37   47
36   21   2
8   5   60
36   11   23
9   53   14
32   39   39
22   62   22
46   58   42
52   0   23
10   25   38
33   51   32
26   11   25
39   5   39
28   49   61
33   13   49
49   54   12
20   16   48
6   38   63
18   13   51
52   11   12
13   10   23
5   21   40
62   5   35
1   38   19
53   48   22
16   21   57
40   34   37
23   55   40
29   10   46
4   63   54
31   51   62
41   50   58
34   23   16
29   19   0
30   55   60
17   11   30
2   12   49
9   50   18
17   26   60
26   53   24
15   18   6
16   5   32
52   6   11
1   9   14
44   28   2
28   19   60
18   23   38
42   30   3
54   28   16
38   11   25
48   26   42
5   40   40
21   27   31
20   32   8
17   8   37
11   2   49
33   54   38
28   33   41
49   41   20
4   24   19
46   36   49
41   48   44
34   25   54
41   17   29
28   27   21
39   29   34
16   40   39
32   49   36
7   9   4
2   30   5
26   20   26
44   33   50
9   4   58
31   16   62
43   54   8
47   27   54
48   12   4
11   24   4
40   36   47
30   35   5
62   60   32
12   41   10
62   54   5
5   30   9
46   63   63
26   21   46
24   25   9
60   16   25
7   60   63
13   8   52
54   45   40
16   8   11
0   59   9
31   53   9
8   9   52
61   36   60
33   62   45
60   6   5
33   51   21
48   39   40
14   31   61
60   3   37
21   27   38
4   17   4
21   25   33
61   51   19
33   13   53
51   46   1
15   36   24
54   14   17
9   6   54
4   20   12
0   39   31
38   39   41
59   34   17
37   46   44
6   25   4
62   13   40
32   25   2
32   50   51
27   41   23
16   2   21
25   54   23
50   8   63
25   34   28
4   31   60
23   32   21
42   33   38
48   4   40
62   5   30
18   62   59
44   35   9
6   3   1
48   30   55
0   36   60
40   33   52
23   62   39
59   41   46
30   45   51
20   27   57
60   55   22
33   31   0
20   1   40
15   25   62
5   10   12
52   0   34
61   39   36
21   61   40
4   12   56
52   45   22
17   59   50
56   63   61
9   45   30
63   52   17
10   40   37
37   11   20
19   12   59
0   47   32
2   40   52
50   30   53
29   63   19
44   60   18
4   42   22
6   0   12
32   44   5
26   55   27
27   15   41
7   54   13
58   30   10
60   37   25
47   40   19
41   45   27
60   56   21
2   40   20
26   43   5
22   43   18
61   38   32
36   25   12
0   16   21
40   47   0
33   4   42
48   18   20
49   55   48
48   42   12
36   14   42
35   37   15
22   13   8
43   51   31
22   1   47
5   32   5
38   14   14
44   34   45
35   47   44
51   26   15
20   32   2
40   36   4
62   7   13
56   30   16
18   2   50
33   29   16
59   28   50
28   13   5
9   33   30
11   32   4
0   44   1
4   26   25
47   2   11
10   22   42
40   34   8
60   24   15
59   31   42
52   17   14
62   6   12
38   59   41
37   6   12
48   7   2
52   7   0
63   10   11
63   16   42
53   24   43
47   36   47
22   53   21
31   23   8
45   14   63
9   29   34
62   22   19
38   39   37
35   8   41
0   5   18
26   22   60
38   55   22
63   13   28
45   9   15
45   19   28
54   0   55
6   50   18
61   5   47
63   55   12
15   28   4
60   4   61
34   61   37
29   29   20
47   25   15
10   20   23
0   20   43
9   30   37
26   19   29
50   40   26
5   43   54
5   32   41
53   17   20
42   43   47
21   60   49
11   3   35
33   20   26
35   33   63
39   53   35
1   9   4
31   59   37
4   28   15
22   23   38
31   49   29
12   61   1
1   4   55
43   34   9
51   20   42
56   41   36
8   1   36
60   31   35
2   0   11
10   45   22
54   23   47
2   39   10
18   3   58
40   51   49
9   6   5
32   18   45
55   21   16
45   60   2
30   39   14
26   53   22
23   33   20
20   24   5
11   39   51
0   42   49
3   2   59
5   31   11
12   21   62
59   53   10
34   43   39
25   5   59
38   27   46
46   58   51
13   23   12
31   11   20
12   19   19
17   9   43
4   13   18
22   61   49
45   35   28
35   21   12
31   9   52
45   59   58
48   19   49
3   15   55
37   37   36
25   26   57
36   43   48
0   13   6
4   8   36
53   38   14
32   7   54
47   48   6
39   45   28
54   5   1
50   33   48
1   29   9
29   7   50
30   11   38
0   45   40
4   53   18
16   48   36
45   11   17
37   40   19
37   52   40
20   24   54
61   33   41
45   57   49
22   41   43
34   2   36
10   35   31
40   57   46
23   5   46
4   15   15
54   6   0
36   40   59
53   14   37
50   50   1
54   17   18
29   61   43
41   16   16
59   63   7
25   63   39
35   59   20
48   25   9
51   20   46
5   26   38
16   45   59
37   3   42
18   1   56
17   9   9
6   28   48
53   27   37
16   60   18
55   27   34
61   63   38
63   0   58
36   14   45
63   33   36
21   45   14
57   27   60
8   5   57
0   52   36
63   54   6
62   51   51
48   14   57
57   55   61
51   9   42
2   60   36
0   58   4
41   15   15
43   47   55
33   11   26
10   29   41
49   4   48
33   15   47
10   58   49
31   31   17
36   19   27
37   63   38
5   54   61
15   33   0
36   63   62
53   0   44
58   12   34
28   5   26
33   54   53
45   8   7
24   9   62
2   46   12
36   31   51
41   43   45
61   22   34
30   58   18
31   52   44
20   4   46
1   13   11
59   5   47
30   61   17
31   28   33
61   62   41
44   1   56
60   48   15
60   39   43
6   24   30
41   53   30
12   18   58
2   41   9
35   48   8
32   7   6
27   40   44
45   1   33
62   7   21
26   3   61
40   62   58
0   57   18
44   33   30
52   59   53
6   53   51
55   30   32
58   52   16
50   30   16
31   7   16
38   63   42
13   23   17
16   53   32
26   4   34
29   62   52
32   15   59
27   59   49
20   22   58
33   41   34
46   9   15
40   46   46
18   53   24
39   57   47
49   40   42
41   26   53
19   58   38
52   27   63
4   28   4
62   37   57
2   7   6
19   54   49
13   41   38
62   36   40
30   37   11
18   12   0
11   52   32
31   41   48
55   50   41
60   37   26
12   55   13
39   31   58
61   36   37
48   11   18
31   35   12
36   42   1
17   8   4
36   13   29
36   55   12
50   32   63
61   16   31
60   34   40
7   0   19
0   33   34
62   59   16
43   25   62
17   43   26
41   36   47
39   13   1
54   44   36
24   52   56
24   12   3
4   8   23
62   57   58
46   19   61
61   6   55
27   31   3
21   15   33
62   49   19
13   35   1
36   25   57
40   19   28
34   61   35
61   49   5
23   13   46
9   39   5
34   44   1
24   18   19
49   12   14
7   12   8
62   58   46
59   30   10
33   30   58
16   62   40
51   56   13
6   49   9
27   57   21
51   9   25
3   35   30
34   35   46
3   55   42
53   17   21
52   13   63
41   44   15
59   28   53
20   56   52
21   0   36
61   15   30
45   61   1
12   55   63
12   5   12
35   40   11
18   16   17
44   43   12
33   54   22
58   12   2
23   49   53
53   37   62
27   41   18
36   20   48
57   24   8
33   17   18
62   42   61
5   20   5
63   47   5
56   52   8
48   20   7
24   42   41
56   24   18
32   13   37
63   56   26
29   20   8
62   44   23
1   38   22
20   19   45
9   38   32
29   19   60
45   43   27
56   24   5
23   25   16
54   36   13
17   17   60
17   11   23
42   40   51
49   1   49
51   31   40
14   4   31
42   38   33
54   48   42
62   53   18
6   29   24
29   54   29
24   9   8
33   51   52
6   20   35
60   53   7
12   37   48
48   37   46
11   33   38
56   53   36
62   3   59
54   18   19
21   58   60
34   7   42
60   26   26
60   18   40
46   34   27
9   12   33
41   60   24
38   13   56
4   5   30
11   50   31
58   21   43
32   9   50
44   55   10
55   51   8
52   15   27
5   62   56
28   54   23
29   19   56
20   23   38
53   54   28
12   59   7
36   3   38
31   16   12
23   33   57
50   18   54
39   12   3
45   2   63
4   58   9
52   37   53
8   49   39
16   27   22
53   41   38
12   1   13
17   15   0
63   56   5
49   9   20
22   11   55
29   30   12
48   28   23
1   22   33
58   37   43
26   45   28
20   14   12
47   42   7
61   9   26
14   29   55
14   0   37
37   3   33
59   49   46
34   11   56
62   18   25
32   20   48
39   60   48
42   27   57
28   34   51
47   24   10
5   36   8
61   30   8
41   40   50
0   6   13
51   27   31
15   14   17
9   10   31
57   44   40
58   53   0
55   15   14
32   52   60
20   47   7
63   18   20
30   0   53
0   41   52
53   0   45
51   36   47
21   41   41
45   10   50
25   49   57
11   35   34
5   27   42
7   44   51
30   8   58
24   49   43
9   2   62
52   11   45
38   46   36
63   5   2
11   55   23
1   15   40
6   49   13
60   59   55
16   21   13
58   14   28
35   29   59
34   4   60
32   31   20
33   16   13
9   46   28
15   37   1
26   26   36
18   22   5
20   47   6
61   45   34
36   7   32
56   53   29
4   27   8
60   19   47
15   24   19
52   12   10
57   30   23
58   4   13
10   28   36
31   54   46
44   10   27
44   1   62
45   26   33
39   5   49
61   58   42
49   26   28
36   62   60
12   15   2
4   40   26
6   18   61
58   43   42
1   35   44
29   9   8
2   52   0
24   42   46
9   60   7
33   16   44
9   27   43
21   50   25
49   38   22
63   38   46
8   59   59
10   25   39
36   8   26
48   35   13
47   27   50
53   22   38
32   15   2
28   28   13
56   3   57
42   50   14
52   9   39
55   28   42
15   62   6
22   7   21
34   54   0
30   31   35
18   11   49
62   58   52
23   15   13
33   25   60
61   36   20
14   5   33
49   49   45
54   48   60
58   60   5
32   13   62
29   44   61
57   16   57
42   48   60
59   55   59
61   15   1
3   1   23
2   24   31
50   36   10
37   16   7
17   13   46
36   20   62
6   21   3
25   13   53
3   56   49
31   53   5
49   23   22
45   62   43
7   42   8
14   7   29
61   9   19
7   43   62
54   21   25
45   31   31
62   8   44
14   62   29
41   10   46
15   62   60
33   5   50
10   19   29
52   8   48
39   18   46
57   35   16
36   21   34
26   7   50
22   11   28
13   63   22
3   16   47
33   54   54
58   21   24
43   29   7
3   47   21
55   0   39
3   34   42
21   49   24
39   49   33
26   35   14
46   2   16
44   17   7
44   10   24
23   33   19
29   60   11
33   43   47
46   28   55
1   20   43
46   10   16
45   58   44
4   3   58
15   1   2
62   30   2
49   10   37
2   48   5
63   48   1
32   51   49
13   28   43
51   44   44
0   34   38
15   26   3
32   59   58
34   43   7
41   26   1
63   10   50
34   10   49
59   21   44
34   40   17
53   33   35
58   21   52
3   56   35
24   41   62
29   24   11
7   10   6
47   5   14
41   3   63
48   56   6
3   49   59
61   32   14
50   13   51
0   54   25
3   47   49
51   36   50
47   2   53
21   61   26
12   62   58
36   10   27
1   20   15
1   28   13
6   1   52
29   42   2
49   41   17
51   39   7
0   41   43
25   39   62
34   6   30
61   47   1
12   63   53
25   26   40
29   0   15
31   63   42
45   33   57
35   1   60
11   48   45
36   49   60
51   58   62
4   52   5
33   48   26
7   39   33
24   12   1
60   42   17
58   46   29
20   29   42
7   36   31
34   37   10
10   18   28
31   44   47
37   28   59
36   56   54
16   13   43
48   48   42
61   15   48
12   49   26
20   2   6
41   41   18
25   12   49
29   8   3
0   4   58
17   11   62
58   55   4
6   50   60
56   36   2
52   11   7
33   20   12
60   37   15
22   60   56
18   12   58
34   63   42
39   46   0
40   54   4
45   62   39
40   20   25
19   56   11
3   43   55
39   44   29
50   30   44
42   35   53
29   20   4
4   47   33
17   6   1
50   6   56
25   30   1
8   3   55
15   60   27
4   50   14
54   60   60
13   4   19
6   32   30
9   50   24
43   57   51
9   20   11
55   50   43
23   1   41
42   33   13
11   34   47
10   35   18
52   9   35
62   28   6
22   25   33
58   12   7
18   38   35
55   27   31
38   10   18
40   36   16
34   23   52
51   20   43
17   23   44
18   25   52
20   12   42
59   16   55
46   26   2
62   5   27
2   58   42
2   27   38
32   4   34
15   0   41
58   19   23
15   63   7
16   30   62
10   52   13
63   35   11
3   2   35
33   45   27
53   4   1
47   14   49
58   62   54
33   56   42
47   1   39
33   37   57
52   51   49
10   16   22
4   26   13
3   20   4
40   11   45
16   47   18
48   47   0
58   31   11
48   24   18
52   24   2
23   33   51
6   35   21
15   19   59
33   22   23
49   57   47
1   55   15
50   1   15
27   10   43
50   13   15
59   45   17
62   56   54
60   36   57
48   54   56
3   30   13
22   3   30
46   45   31
14   55   55
47   3   37
32   42   1
63   57   42
44   9   0
32   39   29
30   36   9
59   30   29
11   18   37
12   59   49
49   35   2
54   49   50
15   22   7
60   13   49
25   48   17
7   61   32
61   35   22
15   58   38
31   5   2
2   55   18
30   42   19
57   43   42
49   26   37
37   61   43
22   16   63
8   22   50
24   54   60
8   16   6
31   5   19
32   50   44
28   31   43
39   20   6
32   9   49
1   60   56
11   4   23
21   50   34
22   4   29
37   49   60
6   1   37
34   36   9
26   54   33
48   6   16
20   22   35
49   15   45
52   0   30
16   59   53
18   28   3
6   39   7
0   56   0
54   24   12
1   37   25
46   5   12
19   63   36
21   10   29
5   4   58
36   21   60
1   13   6
19   3   30
36   6   39
18   45   58
31   30   19
28   27   49
59   13   14
60   13   54
14   21   61
12   54   20
62   17   56
1   63   0
28   31   4
50   25   42
31   61   29
5   18   61
48   31   47
63   34   33
26   5   41
8   5   35
54   36   37
26   17   27
52   63   39
30   52   36
0   40   41
38   23   50
31   28   44
24   60   46
58   3   16
40   18   46
9   59   49
10   63   54
3   36   8
20   36   18
57   55   48
20   40   12
53   34   28
22   53   46
24   13   58
22   49   55
26   34   60
30   33   55
1   30   8
59   51   11
25   54   54
11   22   19
22   50   53
27   38   57
29   3   2
21   42   62
61   33   57
59   17   10
62   40   54
63   45   11
21   44   9
29   50   1
60   22   39
62   51   28
29   11   2
34   44   8
51   21   19
36   55   22
35   56   33
63   39   43
46   20   59
22   34   33
4   27   21
0   29   61
19   3   60
47   1   10
12   52   16
45   12   61
62   17   28
26   5   43
9   13   62
32   45   63
25   59   58
54   36   29
47   16   58
25   39   9
46   49   33
11   9   20
46   54   7
33   22   11
52   47   7
40   31   36
59   51   48
2   21   7
33   50   25
34   23   31
39   16   4
34   61   9
0   4   59
15   8   7
33   15   52
22   23   32
26   26   35
57   16   30
31   13   47
46   3   20
4   51   0
59   42   13
31   4   3
49   20   34
29   56   15
47   10   56
62   39   33
1   15   56
53   16   17
49   13   39
23   22   41
50   30   51
9   20   58
34   42   11
24   16   40
34   63   59
52   46   36
26   56   36
56   32   38
16   21   61
49   26   36
28   15   49
50   9   55
57   13   33
33   27   8
22   12   23
14   8   37
15   27   6
33   42   37
5   35   32
34   35   35
25   28   2
61   3   33
48   29   2
53   21   7
12   53   62
51   26   32
62   28   31
5   53   7
16   5   28
53   57   11
26   15   51
12   5   10
9   49   5
48   6   59
35   43   39
14   30   54
32   33   18
52   52   35
26   18   1
53   32   3
16   10   30
56   28   15
22   41   4
4   58   61
40   51   1
54   40   55
32   54   56
6   38   51
5   41   2
22   3   0
4   41   31
35   22   31
19   16   53
32   10   42
42   19   51
12   6   21
52   7   32
52   12   28
37   3   29
10   8   0
25   59   63
38   44   31
28   16   59
51   52   47
54   26   15
37   61   50
9   3   6
7   56   40
48   13   11
25   47   63
41   2   2
60   16   28
51   38   59
45   23   63
58   33   40
40   49   62
0   63   1
19   54   1
60   41   55
51   48   58
11   35   30
61   20   15
63   11   25
26   33   30
5   14   28
4   7   25
51   62   58
50   33   45
30   28   36
2   4   46
35   43   63
29   42   27
58   60   19
39   58   31
48   58   0
60   19   16
38   18   10
56   14   12
61   35   54
52   60   32
35   63   30
22   18   41
33   42   45
57   15   2
62   47   16
41   41   4
59   53   4
26   4   45
46   4   17
23   33   47
33   32   33
43   29   55
2   32   27
27   59   54
0   17   1
48   0   9
55   35   34
16   35   2
57   58   63
46   60   59
17   25   55
14   61   28
19   5   4
0   22   34
58   55   31
55   21   17
61   14   56
29   28   19
48   5   39
34   4   8
31   0   5
8   42   55
3   12   30
31   55   63
23   31   46
9   50   27
18   47   57
60   38   22
54   16   1
46   46   12
32   13   57
58   52   24
59   30   7
61   38   56
27   35   42
40   26   59
52   17   17
40   33   50
17   60   52
54   14   10
20   17   57
32   59   49
38   31   53
48   15   60
16   5   33
58   20   12
11   54   59
50   9   49
7   56   41
30   50   53
63   4   34
30   37   12
4   27   42
16   57   37
58   58   26
41   1   57
51   53   32
9   52   6
23   20   50
1   21   45
8   40   56
38   56   39
33   24   21
29   43   14
62   32   8
17   20   4
50   50   36
32   32   19
26   1   0
13   34   54
9   41   31
30   49   21
35   56   4
12   24   53
10   35   52
51   10   43
34   29   10
48   52   5
42   56   54
32   26   40
34   56   57
18   0   25
59   12   31
26   55   21
28   19   54
53   57   22
20   22   53
32   17   60
37   41   4
62   51   29
50   55   34
31   23   10
16   59   20
2   57   63
56   52   0
58   54   7
22   9   51
34   63   29
51   9   27
36   44   34
31   40   41
51   15   16
35   29   54
27   46   15
44   62   38
47   4   16
12   50   22
33   27   44
9   25   30
60   23   45
9   38   37
17   13   19
52   44   57
40   8   11
41   30   57
2   60   32
42   47   39
5   29   15
38   27   33
2   22   11
21   1   48
37   59   46
43   36   49
14   0   50
46   60   12
27   6   19
56   15   17
10   43   29
43   50   44
29   2   60
25   58   57
20   32   53
23   59   51
32   43   4
27   1   5
63   59   7
39   23   36
58   9   58
63   34   16
6   50   3
21   57   54
43   53   1
58   18   40
3   0   24
48   37   36
34   45   9
52   37   47
4   26   27
8   37   51
57   58   50
35   31   24
31   57   60
40   17   56
22   45   19
13   37   36
33   55   61
31   61   30
22   22   22
27   31   25
60   32   12
9   21   60
14   14   57
58   7   35
59   21   9
40   6   5
39   14   61
35   39   13
45   16   4
19   53   50
59   43   22
16   50   35
22   3   31
2   35   32
58   23   44
5   32   10
10   11   33
5   16   63
63   11   19
38   37   44
59   11   32
3   25   7
6   59   63
31   56   4
22   36   2
18   0   52
46   2   19
62   5   36
54   32   24
0   3   42
62   0   38
7   40   26
42   34   52
6   52   4
38   4   38
10   5   5
24   19   20
14   12   48
34   44   48
30   7   18
43   17   32
30   4   49
47   18   59
9   23   1
2   10   60
53   36   5
41   35   46
1   26   12
4   39   27
22   6   33
12   16   25
19   12   56
13   27   15
32   59   51
36   0   36
16   12   51
59   23   12
18   61   20
52   16   59
11   31   10
33   17   45
32   37   45
52   47   29
63   22   47
1   56   57
22   45   63
18   23   63
23   22   39
4   34   40
35   56   51
3   6   1
2   6   44
56   45   48
52   61   24
25   13   51
10   3   20
38   50   46
62   7   46
19   2   31
61   37   29
5   33   60
28   39   43
61   30   6
14   2   42
8   42   33
34   7   46
49   5   54
62   63   57
60   40   30
56   7   29
40   58   47
53   23   63
58   62   63
49   37   40
51   23   3
36   6   12
22   34   34
12   38   53
10   24   30
1   50   18
31   5   57
54   45   24
0   25   50
19   34   16
9   51   7
47   27   57
27   62   1
38   24   59
5   47   43
4   34   45
7   27   45
60   53   2
51   34   17
59   44   12
42   51   33
18   52   61
8   40   63
35   56   62
31   21   5
57   34   57
21   18   38
60   45   50
46   55   48
3   44   41
10   34   16
41   9   57
13   2   21
3   33   37
63   56   22
37   46   61
40   0   1
39   5   50
28   31   50
24   15   5
2   47   4
62   4   55
5   12   31
18   26   37
6   7   5
50   33   55
21   33   19
26   20   28
19   53   46
0   42   36
44   8   9
18   40   40
5   32   63
9   55   28
62   57   23
57   28   54
22   4   62
57   53   28
43   37   47
58   31   0
11   53   29
27   40   41
58   53   34
54   38   60
62   13   19
8   25   47
40   45   45
9   1   1
54   13   63
16   57   14
54   20   54
12   0   42
53   52   34
18   18   61
58   56   17
12   18   1
55   59   9
22   18   5
58   28   60
6   0   36
9   11   2
13   37   0
44   4   2
30   61   16
18   33   29
12   33   32
3   35   22
17   38   62
63   0   39
63   2   31
43   36   8
62   57   48
5   53   62
9   16   12
50   19   58
3   11   32
55   28   43
22   0   52
33   39   52
61   44   55
28   52   6
22   10   6
46   10   10
49   3   13
61   10   21
30   52   41
6   43   55
26   24   52
10   36   32
39   21   7
9   33   57
32   40   48
24   30   16
33   42   50
61   14   50
57   19   43
60   63   45
54   52   49
19   21   47
5   23   27
39   21   5
61   42   13
63   62   17
31   5   60
38   27   36
48   37   15
0   50   37
63   15   26
47   59   5
26   0   44
47   3   63
9   46   2
43   4   40
38   61   34
32   53   0
9   10   55
30   36   7
13   36   48
4   58   34
33   50   1
2   6   3
36   25   31
62   21   63
29   22   50
10   16   21
58   9   38
2   56   4
62   7   10
63   4   59
41   12   30
38   11   33
3   43   31
44   25   63
24   8   6
49   1   32
54   19   44
34   45   6
14   45   13
33   41   48
17   22   57
44   24   57
22   17   12
61   60   36
29   1   51
30   14   22
39   53   38
61   14   60
44   13   17
61   39   30
56   12   60
43   44   43
3   42   10
30   31   20
40   16   29
36   63   61
48   30   53
27   57   19
47   61   6
27   42   46
37   53   48
11   40   57
62   16   57
46   27   57
58   23   37
61   41   33
6   29   45
50   24   41
36   60   19
59   60   42
18   4   55
48   46   44
31   51   36
42   22   61
62   22   39
6   34   37
37   34   42
18   50   26
18   40   43
0   26   8
44   55   47
10   59   62
35   55   43
49   19   20
56   16   7
10   61   53
0   27   41
12   54   4
63   44   28
18   18   48
37   30   20
54   45   57
53   54   5
2   58   16
4   45   8
58   22   28
18   63   57
24   51   22
8   15   20
40   17   31
9   5   57
34   26   60
55   26   36
20   43   8
6   33   8
1   44   24
33   56   49
39   13   60
46   54   31
37   10   27
18   42   38
48   31   39
52   41   35
27   6   61
34   37   62
44   5   7
19   51   59
51   21   9
46   50   11
5   60   4
63   4   15
62   2   34
57   55   44
22   22   19
49   34   62
32   41   9
56   47   5
5   33   30
30   47   45
57   30   27
36   11   47
33   16   2
18   9   47
47   6   48
31   50   15
52   8   24
48   29   58
62   5   29
7   56   57
2   59   49
22   32   31
3   32   21
47   36   53
38   42   45
24   22   45
3   63   37
17   41   12
38   2   25
9   53   8
58   22   1
41   16   5
31   56   2
45   42   46
25   4   20
59   45   8
35   59   49
0   26   10
46   59   44
16   9   13
53   30   17
50   1   11
3   14   59
20   1   58
35   20   0
31   14   61
38   19   18
62   17   32
28   21   50
33   51   6
40   31   9
34   30   61
51   53   37
27   2   16
13   32   30
54   61   2
51   7   41
6   6   60
18   15   1
34   4   55
22   38   40
7   44   10
15   61   24
18   47   56
16   7   24
58   55   29
16   3   47
28   20   42
40   19   42
35   19   2
4   0   48
6   19   23
42   32   5
21   14   39
36   26   24
52   7   49
12   16   0
7   40   15
53   56   20
63   20   10
38   22   1
7   43   60
36   13   13
32   20   3
36   5   29
34   54   32
17   17   50
6   15   21
6   27   31
14   40   10
53   14   14
30   5   16
46   60   35
17   11   20
60   7   9
0   55   50
53   63   57
3   0   60
22   29   26
15   3   4
4   17   28
24   17   62
2   31   25
50   30   9
41   17   22
40   30   5
50   52   4
20   62   53
6   16   60
12   39   62
45   25   26
51   12   45
33   51   33
37   48   51
48   29   57
37   42   33
34   55   1
7   4   55
54   18   30
2   8   42
63   47   10
58   46   3
53   59   13
3   14   46
26   37   18
62   10   38
53   63   7
42   44   10
59   9   29
30   56   39
63   9   3
34   14   39
18   39   16
58   7   55
7   32   32
61   35   27
26   9   21
9   32   41
28   41   46
32   16   8
32   6   56
25   3   60
0   54   54
13   10   42
42   42   8
53   34   16
16   49   20
61   28   60
8   13   17
62   41   19
53   44   13
17   8   21
53   60   54
25   5   21
36   53   40
20   29   26
60   22   19
42   1   35
43   43   15
50   17   55
11   14   1
16   24   18
18   21   39
40   53   19
25   42   5
61   35   26
0   53   15
28   7   54
24   5   45
7   59   9
33   6   3
40   53   31
48   60   12
61   33   25
48   20   54
33   41   20
26   62   33
59   18   21
17   16   52
22   53   1
36   52   18
13   62   20
12   54   17
44   37   44
21   63   39
53   50   62
25   41   4
55   50   11
60   57   4
35   62   47
52   50   1
41   8   62
19   7   63
52   13   37
18   12   53
25   13   47
28   14   41
45   44   45
62   18   27
2   55   19
63   59   10
26   28   56
34   57   33
32   43   28
48   36   30
41   0   55
48   29   45
21   58   62
8   35   48
61   56   21
19   22   38
9   2   60
39   19   45
9   46   37
58   62   57
43   29   57
30   16   35
35   63   53
27   46   42
52   3   28
38   19   11
34   20   10
0   31   51
45   21   29
22   24   27
58   10   63
41   2   58
57   34   11
18   62   24
54   24   62
52   30   17
51   48   0
3   42   27
60   12   7
24   5   49
52   48   4
31   7   17
7   46   29
4   22   14
11   29   15
47   33   51
56   2   5
49   27   32
24   6   48
58   22   47
17   53   48
19   7   48
41   63   4
52   0   35
56   23   19
37   56   52
27   54   25
6   56   0
6   35   10
35   31   20
13   8   51
1   35   56
0   14   54
3   52   40
22   25   44
61   5   34
60   61   58
33   17   60
41   57   49
59   13   4
10   44   26
15   21   11
3   19   48
31   55   6
6   1   9
41   16   21
32   14   35
23   0   36
5   19   0
18   7   24
40   54   32
59   52   2
61   60   6
6   21   0
7   38   6
9   61   48
53   53   0
48   29   1
16   41   63
13   23   46
63   44   48
36   18   7
20   4   56
47   57   48
37   17   14
29   62   50
34   51   3
56   4   51
4   55   8
35   58   38
63   35   20
40   47   9
63   15   35
9   27   20
12   39   49
63   44   42
32   19   26
53   39   23
13   4   46
2   21   5
22   23   36
52   45   38
31   18   23
39   5   41
14   21   47
24   17   53
5   40   22
0   38   59
33   37   30
36   58   23
38   0   43
2   21   3
58   17   19
36   16   40
34   9   47
12   56   55
63   4   60
5   32   6
36   5   9
9   23   4
5   9   9
15   4   1
43   62   54
62   44   63
54   15   32
9   26   23
3   46   51
50   56   51
1   9   21
3   36   25
27   31   20
49   19   32
20   5   8
36   16   12
18   8   35
31   52   48
45   60   60
2   29   10
2   36   53
19   62   1
62   6   52
61   56   39
25   38   59
4   29   16
44   33   28
26   47   26
39   46   46
26   22   20
51   4   14
43   25   6
41   11   31
38   14   52
0   16   58
0   56   63
2   59   40
56   27   33
56   37   46
33   36   41
29   19   16
20   13   9
7   59   12
57   29   21
8   40   30
54   39   51
8   12   48
58   36   5
1   58   12
60   40   60
39   37   46
4   7   59
0   35   4
21   13   25
11   32   39
22   0   40
6   37   61
13   19   8
32   41   24
41   19   11
34   36   12
6   5   24
40   60   43
27   1   14
35   45   62
46   59   43
19   60   6
54   30   43
50   2   13
2   26   34
8   12   47
28   27   0
57   27   34
24   46   13
51   16   40
34   2   57
29   48   9
10   39   44
36   24   25
39   32   37
54   27   8
3   40   34
14   62   41
59   35   15
56   53   6
1   45   10
62   24   40
37   42   5
33   49   3
4   5   20
15   16   39
11   61   34
28   21   5
53   56   26
38   14   30
31   54   52
40   31   35
29   13   61
12   60   11
62   54   63
8   10   49
1   33   2
48   43   5
30   14   47
21   9   45
27   0   0
5   53   1
61   41   58
25   52   19
2   48   56
34   27   12
27   32   41
25   22   54
48   37   7
22   3   3
52   48   59
38   42   30
30   44   25
18   20   57
53   11   38
53   54   10
43   50   59
54   37   46
55   53   7
37   16   41
27   30   24
3   51   36
4   5   17
5   50   2
62   61   7
25   32   34
29   32   49
15   0   22
3   12   52
60   31   38
61   35   4
9   18   54
7   38   12
60   60   0
54   40   38
57   30   42
48   52   7
0   56   56
25   2   34
45   36   38
2   27   40
30   33   13
0   43   17
63   35   40
7   16   38
34   2   34
26   57   31
17   16   6
4   1   18
4   58   11
18   25   22
47   19   51
2   37   57
31   29   21
43   28   33
54   35   0
8   61   60
40   9   10
62   37   42
27   16   8
31   35   22
57   5   14
39   1   33
61   12   35
41   45   1
58   48   44
12   40   0
33   12   4
57   36   58
24   57   52
1   35   37
29   18   17
15   7   15
5   32   0
40   9   7
22   2   1
25   44   1
32   54   37
38   27   52
58   6   10
26   34   16
14   26   50
52   13   22
28   35   62
26   21   45
12   35   31
46   41   26
7   16   41
63   27   61
33   3   6
47   32   48
46   51   30
63   4   14
7   63   4
50   34   47
29   11   6
39   21   31
47   4   30
33   52   23
26   56   26
54   16   58
54   56   59
47   2   57
29   22   49
56   23   21
6   14   62
36   30   16
57   15   22
32   62   60
11   33   6
3   49   44
57   4   55
14   23   42
61   37   5
34   17   46
31   62   62
32   37   12
38   25   35
36   8   41
60   1   57
10   63   21
8   34   27
19   36   55
45   17   52
51   16   21
39   29   54
61   27   27
24   16   54
45   20   34
5   45   36
6   40   12
40   18   59
59   59   44
46   2   2
19   6   27
60   42   53
50   57   47
26   12   3
5   18   1
2   12   46
19   48   25
10   48   18
16   28   17
44   5   10
6   31   39
54   33   7
45   11   23
26   20   3
4   3   56
39   45   25
19   55   10
18   23   6
54   18   14
36   9   28
29   34   43
48   3   19
49   56   41
45   54   45
4   33   1
47   12   37
34   38   57
26   32   57
47   8   54
57   25   30
39   20   40
35   20   34
57   38   52
4   48   54
21   46   38
49   61   44
19   36   60
20   43   49
2   60   7
13   14   31
57   2   60
50   25   55
0   37   44
32   5   61
63   10   48
4   33   46
45   13   1
40   33   55
3   2   2
31   54   38
59   8   35
39   11   33
5   34   1
4   31   32
19   52   19
48   33   56
12   53   34
30   19   8
26   32   59
50   5   2
32   7   5
15   7   31
61   20   58
12   10   4
28   44   47
62   36   35
26   53   32
10   3   57
59   0   40
33   48   19
4   46   59
18   17   56
14   6   28
32   41   10
55   39   22
26   26   44
2   10   50
56   8   15
4   12   16
53   35   0
46   63   62
1   43   5
26   0   46
16   14   46
47   3   17
58   57   8
3   38   16
46   7   14
44   2   6
35   2   46
48   30   41
11   14   52
36   25   15
63   5   10
2   58   61
17   31   14
35   56   39
53   40   17
6   52   15
56   33   13
31   45   46
13   34   61
43   43   28
11   55   28
4   59   23
16   51   21
38   62   27
19   29   46
49   58   53
45   20   54
16   4   56
60   4   28
32   37   60
16   63   49
53   49   33
6   60   17
25   28   55
2   43   11
61   36   44
41   62   5
14   28   56
57   21   47
16   14   60
13   37   34
56   1   13
41   9   42
35   21   53
38   27   38
37   61   27
4   26   9
42   24   32
30   18   5
20   63   47
31   20   28
33   3   4
41   44   16
3   53   50
22   26   40
18   9   9
12   12   9
41   43   49
26   4   54
33   4   44
1   6   35
44   57   11
26   56   40
61   40   46
12   41   45
50   5   14
63   7   1
8   3   32
55   34   21
3   48   12
40   40   11
52   16   53
6   0   8
8   60   49
2   26   21
43   47   29
54   58   21
56   10   63
48   17   3
44   12   12
54   36   41
50   23   10
62   63   49
28   55   63
56   8   24
36   46   52
21   21   53
36   46   53
51   52   34
32   28   12
60   33   37
36   0   10
41   32   50
62   45   32
25   5   56
57   33   36
57   35   43
9   17   0
29   47   6
28   11   47
63   12   27
31   15   7
29   34   54
27   44   0
53   34   61
50   21   60
7   25   44
55   8   48
42   19   47
58   54   28
44   13   14
2   54   60
18   48   60
21   9   28
0   31   0
8   56   40
6   30   41
40   40   33
61   14   24
4   52   12
28   5   25
44   62   5
58   30   36
39   18   58
7   63   27
20   11   6
19   56   48
17   21   61
32   0   42
55   53   6
57   42   50
53   41   41
49   46   2
19   53   32
29   61   45
56   29   34
0   58   42
41   56   22
48   9   51
12   32   44
45   42   8
33   30   63
60   25   54
29   29   10
34   30   59
55   27   33
11   58   54
52   47   41
50   51   5
61   48   4
29   57   10
2   34   21
35   14   29
44   63   9
6   48   10
57   57   38
6   38   57
57   19   56
41   25   54
49   38   38
48   61   5
49   17   60
60   44   21
14   8   27
22   47   47
8   27   45
7   56   15
37   45   36
57   26   16
62   17   54
18   52   22
9   63   22
13   35   51
26   31   10
35   6   34
58   19   31
35   43   37
61   43   40
26   35   48
54   56   61
43   45   47
3   6   3
62   61   35
22   56   48
18   55   54
16   3   25
11   18   22
9   39   6
36   59   53
32   43   26
33   35   59
36   17   46
39   30   56
32   10   58
60   20   63
39   21   32
25   34   21
36   56   29
7   43   53
22   43   60
32   22   62
63   17   44
0   25   63
11   23   9
6   0   18
39   26   44
15   18   25
31   11   58
2   30   37
51   18   17
49   4   35
26   19   25
16   35   4
9   61   9
20   13   46
31   8   24
60   41   48
54   25   13
34   3   31
31   0   4
20   14   38
33   23   22
34   22   48
41   20   31
43   45   18
3   46   18
35   30   6
53   50   31
37   10   18
37   31   19
44   43   11
14   26   60
2   59   57
51   30   44
30   19   53
31   13   53
