51   13   4
21   38   9
10   19   30
25   1   48
3   36   28
10   1   44
4   26   49
61   54   35
55   16   0
48   44   30
13   46   29
5   62   20
48   29   11
63   8   27
18   2   43
63   35   49
47   16   44
1   4   44
6   38   24
33   39   54
7   57   53
20   1   32
40   38   42
43   28   49
10   40   25
25   51   3
0   54   34
48   41   11
42   36   40
37   40   40
25   28   47
46   50   21
35   33   40
58   12   37
41   16   52
53   59   3
36   34   18
18   37   30
36   16   32
4   20   44
49   22   3
27   30   26
28   43   58
42   2   45
16   35   24
40   31   44
44   34   59
53   29   48
3   9   18
55   58   3
33   39   49
29   8   0
44   49   53
41   42   42
62   46   35
50   52   16
60   56   53
14   1   45
62   7   57
44   59   1
32   31   11
52   35   46
61   58   53
7   36   23
48   30   11
52   15   25
40   43   62
43   27   11
39   41   29
6   42   35
24   2   12
33   47   38
59   23   13
6   54   48
25   41   0
30   60   41
0   61   53
22   20   33
27   34   47
24   26   14
9   54   39
7   46   42
21   5   13
44   60   14
46   4   42
63   60   29
39   27   60
26   4   58
37   62   59
30   29   37
29   20   9
23   46   53
11   40   26
29   47   55
62   59   33
1   9   8
12   51   50
62   59   28
4   4   39
57   26   41
15   60   41
13   39   26
29   37   14
56   49   45
35   59   1
39   55   26
3   1   47
11   36   21
7   50   52
37   24   3
16   2   42
18   19   31
41   29   27
16   62   45
6   35   22
57   18   11
16   34   43
18   58   14
22   15   44
50   27   26
3   63   47
47   46   9
50   47   46
59   60   45
44   8   26
7   54   46
46   34   18
35   62   25
40   56   37
54   7   24
23   52   38
2   57   54
36   15   53
46   29   60
52   46   28
26   45   53
45   35   32
25   29   17
58   2   50
47   55   52
48   12   62
35   16   53
11   40   17
21   40   46
32   52   20
5   2   25
62   11   28
15   51   30
58   10   17
19   60   20
62   60   30
32   40   1
39   3   29
20   32   4
37   25   4
57   8   19
58   9   57
28   36   47
7   46   34
36   33   28
6   3   39
7   41   40
57   26   62
24   55   39
36   63   32
51   12   61
5   7   46
9   20   48
59   16   47
54   49   47
27   32   30
38   29   60
59   16   43
19   33   41
12   45   56
27   17   40
57   38   47
45   2   0
49   7   16
63   22   13
61   46   2
11   22   27
9   52   55
18   36   41
59   49   35
36   35   61
22   36   29
57   60   53
9   48   14
22   63   14
57   10   43
54   15   61
61   34   19
22   38   36
56   46   20
30   12   11
13   29   39
15   12   14
6   3   45
20   42   20
31   41   54
21   20   43
7   40   9
0   63   43
51   0   14
9   42   40
47   5   29
4   26   26
17   60   47
37   24   35
48   42   52
44   26   17
24   30   29
38   14   58
56   4   53
36   62   26
39   19   20
56   39   3
18   29   28
1   47   58
24   4   27
5   11   29
33   51   57
30   18   10
33   30   48
21   41   58
48   2   42
60   36   43
52   5   11
57   14   42
3   48   52
27   24   14
47   20   9
11   58   47
40   54   50
47   51   46
61   14   39
17   50   17
21   32   19
8   35   24
29   18   11
18   45   28
58   39   48
6   38   28
23   4   26
12   30   33
47   58   42
54   26   59
0   9   0
35   49   20
21   45   12
42   63   55
14   24   52
38   40   42
35   47   42
49   23   49
24   46   10
39   3   27
23   33   17
5   25   20
43   36   43
22   34   40
56   42   10
7   53   60
60   5   16
38   55   39
19   30   22
59   61   62
24   33   31
5   34   46
53   12   16
2   17   1
6   30   49
3   52   50
21   55   42
24   26   41
42   29   25
32   39   47
1   60   31
37   41   40
44   44   54
8   42   22
58   19   61
25   40   56
54   19   37
59   30   59
9   20   34
49   2   41
36   44   0
2   58   54
24   18   37
17   11   38
32   25   33
31   42   54
27   63   5
12   59   47
46   54   20
34   35   33
10   4   44
56   31   51
49   8   8
30   31   26
46   54   52
54   5   17
16   32   39
53   63   16
5   23   18
24   18   30
6   29   11
5   39   11
1   58   55
11   52   50
11   10   5
10   18   55
20   12   40
31   28   3
43   1   52
57   8   26
14   52   0
24   34   29
58   30   3
48   48   33
24   24   2
28   23   40
2   0   62
17   12   36
50   62   14
33   8   45
3   6   43
34   60   36
6   23   31
23   20   36
4   47   34
62   52   13
39   16   18
12   46   30
18   51   16
28   39   58
55   60   3
2   4   41
40   54   24
45   44   9
41   10   49
62   5   62
25   13   44
21   38   7
18   32   41
15   2   9
12   31   32
22   20   55
62   42   45
45   38   37
29   13   14
4   14   3
45   56   28
29   50   42
20   46   17
32   25   17
47   15   5
13   53   44
31   45   38
55   0   11
62   60   27
15   59   55
29   17   10
11   1   32
21   34   44
61   14   0
11   35   19
53   30   57
3   35   7
49   34   20
34   33   47
25   31   15
58   1   62
46   40   43
36   46   38
31   49   49
3   4   49
57   25   59
28   19   10
56   46   26
55   2   11
25   14   14
13   53   43
25   23   21
39   21   35
30   36   49
49   7   9
45   21   15
52   2   10
51   5   62
45   0   55
2   48   17
31   40   38
41   32   10
45   63   30
63   15   45
56   18   61
17   52   2
25   29   23
27   26   43
31   8   14
52   0   48
16   10   41
28   30   15
16   33   58
52   54   25
21   58   29
2   29   57
1   58   28
23   39   33
13   59   42
59   39   0
27   39   53
51   34   51
26   54   2
20   53   18
18   14   19
34   22   3
32   40   61
1   4   61
8   52   61
19   19   30
59   63   53
23   39   61
46   55   63
21   36   8
47   43   11
6   26   21
58   33   59
45   48   14
41   26   16
29   13   15
53   30   55
60   45   15
57   36   47
38   45   0
1   62   46
32   34   1
22   33   14
30   39   8
29   14   43
61   0   43
45   44   1
41   38   11
48   46   30
13   44   18
41   1   45
22   17   9
13   8   36
0   58   29
29   28   30
39   42   40
50   2   3
32   7   26
15   58   44
17   19   32
48   22   13
52   24   22
49   9   10
58   39   63
17   4   12
15   16   14
48   22   62
58   17   17
14   58   43
46   19   6
8   30   48
14   39   15
34   49   19
9   24   20
16   47   46
45   41   56
54   12   41
36   44   58
12   7   38
53   46   0
24   54   7
8   29   51
22   41   63
27   50   60
16   54   27
53   41   18
54   59   52
40   3   26
28   0   28
33   11   15
11   52   53
30   12   14
1   0   46
1   12   58
6   21   46
42   50   16
19   47   17
49   46   25
50   0   10
22   12   5
22   31   14
28   27   43
41   9   49
12   61   44
55   43   14
30   63   1
41   14   60
35   50   18
34   1   44
15   24   46
5   1   39
8   42   59
11   24   51
3   52   35
36   34   22
43   44   49
11   30   2
33   30   30
0   27   24
32   8   16
27   23   36
59   54   20
47   20   12
32   10   51
46   28   17
3   59   53
20   55   37
2   3   42
26   35   26
51   46   2
14   31   34
29   19   28
28   30   37
50   6   16
58   48   6
50   60   27
34   36   29
56   32   3
54   7   22
40   33   15
39   28   18
62   11   51
16   56   3
32   27   45
14   0   56
13   29   33
4   40   41
26   31   39
56   31   57
7   48   12
25   33   60
34   23   8
53   15   50
0   46   32
56   49   30
55   6   20
7   20   42
12   53   28
6   6   50
6   63   39
38   59   37
55   6   43
32   12   48
16   51   42
24   2   32
13   53   31
60   10   49
28   11   48
41   16   55
43   44   31
24   34   38
63   5   41
38   36   22
42   8   28
53   15   27
57   13   47
18   59   44
17   20   32
31   53   31
23   34   14
42   10   8
62   18   0
19   4   38
54   33   46
2   40   35
33   57   30
50   34   19
4   44   52
15   15   36
0   42   58
53   52   21
35   10   44
40   63   33
56   59   40
52   39   45
22   11   5
63   15   44
25   28   23
4   5   53
52   22   63
15   10   42
23   55   38
61   25   56
33   51   54
32   57   41
41   49   57
31   26   17
61   21   13
38   20   9
49   59   58
63   62   2
8   21   40
34   29   18
62   55   53
24   17   55
47   49   63
59   10   57
20   43   63
33   46   42
50   5   49
41   0   52
7   41   35
21   46   59
44   44   51
40   36   20
8   40   2
19   33   45
44   54   18
17   56   7
6   36   22
48   53   40
53   32   4
27   54   39
27   28   29
45   59   50
17   27   51
41   62   30
48   56   2
60   13   57
52   52   58
27   51   4
42   5   25
55   6   22
63   59   32
60   53   63
31   60   26
29   4   39
4   34   44
63   62   6
50   52   15
7   57   44
25   31   38
18   4   32
41   51   50
48   11   60
51   4   17
37   2   19
31   29   29
52   19   35
58   61   51
9   51   38
27   36   26
31   8   40
63   23   37
10   18   4
57   51   57
53   17   6
5   2   61
25   5   37
33   33   22
0   49   38
21   24   30
1   44   58
8   18   7
22   36   44
30   29   47
47   29   59
7   54   44
39   61   52
15   28   0
8   35   60
12   38   27
32   31   30
37   34   26
28   16   11
0   3   41
58   2   2
35   24   37
11   39   27
47   0   18
62   31   46
20   20   15
22   38   39
34   45   58
31   29   27
13   59   43
12   30   29
6   23   52
60   39   61
5   4   45
61   11   61
3   62   10
29   11   53
54   6   49
62   22   9
6   8   48
14   0   45
31   19   32
21   42   1
53   1   29
9   22   34
28   24   9
50   54   24
17   19   49
50   2   49
3   37   35
45   42   56
41   9   45
54   30   48
60   9   50
15   44   15
30   27   47
59   50   62
51   17   3
55   32   51
53   47   28
60   33   44
0   29   49
40   63   25
0   48   20
61   47   2
54   3   3
61   59   31
45   39   39
20   38   23
51   52   61
48   37   1
13   20   41
38   41   22
19   32   45
45   54   61
39   26   15
6   15   63
63   21   39
43   33   21
18   61   35
16   12   41
3   42   43
13   3   38
61   23   16
9   58   19
44   8   23
39   20   8
33   29   17
17   9   39
11   30   51
43   48   54
41   34   19
19   26   43
4   38   35
2   39   24
39   8   29
45   0   19
19   62   50
49   16   8
13   53   27
51   46   14
31   34   41
5   40   50
26   43   53
44   37   43
62   3   61
59   0   59
52   56   63
5   3   46
9   52   62
61   57   20
14   36   52
54   6   48
3   39   50
4   10   53
51   46   15
30   28   4
53   11   62
23   1   22
5   28   49
54   32   46
57   15   55
32   11   11
9   53   55
5   40   11
10   18   54
1   40   59
62   50   7
26   23   58
22   45   56
31   58   58
0   14   40
19   45   26
56   43   51
26   63   28
50   52   63
55   1   3
10   63   36
36   29   28
10   51   47
42   55   37
23   56   48
39   22   41
24   6   10
18   0   30
23   4   9
48   52   17
2   14   58
43   46   1
45   54   16
56   13   61
2   40   43
33   27   42
40   36   61
17   11   0
16   60   55
44   0   17
20   11   44
63   20   31
52   56   51
38   62   33
37   43   24
46   43   9
2   6   40
58   63   62
21   18   29
54   51   49
35   39   43
28   33   15
57   59   30
35   23   9
20   6   42
46   48   30
37   20   3
9   40   22
35   38   14
52   6   46
63   34   22
58   23   11
55   50   51
14   32   51
26   20   10
39   3   30
10   36   59
42   13   45
6   1   28
46   2   56
20   18   2
3   7   28
59   7   62
25   22   58
57   51   2
7   46   35
18   27   43
46   54   53
5   6   56
25   14   40
26   50   58
24   7   6
35   34   47
11   61   43
48   47   9
22   24   33
21   11   1
14   36   49
36   35   14
61   16   61
7   31   27
15   3   44
48   48   27
16   29   14
20   39   36
2   4   42
27   31   47
23   45   8
23   35   29
11   54   43
19   16   43
47   29   19
24   20   34
24   36   39
38   34   61
55   21   5
47   38   18
39   26   58
25   25   43
30   3   39
39   31   51
40   2   20
34   9   13
13   40   59
24   32   47
45   12   5
52   38   8
36   41   62
23   45   50
63   14   44
4   9   39
32   31   18
20   22   30
7   42   2
33   35   30
31   34   48
33   53   30
21   22   55
57   18   63
0   6   49
28   22   43
39   34   16
3   47   6
48   4   29
56   37   52
27   36   14
28   63   22
13   60   63
33   62   5
18   30   28
30   41   8
14   54   29
24   55   59
38   28   58
21   22   4
30   30   18
13   18   14
10   19   27
6   53   53
51   1   28
50   9   37
3   6   26
50   21   63
27   38   58
22   26   47
13   31   24
45   59   10
6   47   35
21   7   11
1   49   57
27   15   11
54   60   37
40   36   11
56   9   62
58   51   62
5   28   51
33   7   15
24   39   3
57   14   43
46   49   51
19   30   24
37   50   13
13   12   46
0   0   41
48   61   1
17   10   38
13   19   18
29   23   19
43   44   14
45   58   46
51   46   46
31   34   40
46   44   56
29   47   54
2   4   51
24   31   41
30   14   9
10   35   48
28   44   22
13   51   46
23   9   10
46   39   9
33   50   14
16   39   9
14   28   2
58   59   27
16   38   24
33   8   37
63   15   37
49   25   49
27   16   29
17   32   24
51   7   12
29   55   4
1   53   32
26   9   22
32   45   49
26   33   27
6   30   25
32   46   22
60   22   61
30   10   48
0   28   57
6   62   8
3   1   55
3   24   16
29   12   53
63   0   44
13   37   17
28   18   28
20   9   38
39   38   1
7   59   44
62   42   21
37   44   62
23   59   59
5   58   27
5   17   23
53   1   30
29   47   60
54   30   46
20   38   11
7   9   14
18   35   12
11   52   49
20   7   7
52   57   51
9   51   44
24   29   24
14   60   17
27   9   11
33   39   38
6   9   16
31   33   11
58   6   19
0   1   41
16   34   18
49   63   27
28   12   15
3   1   31
35   21   9
25   52   33
41   63   26
27   29   26
23   6   12
37   51   3
57   59   45
13   9   12
58   8   23
56   33   47
21   4   10
21   45   25
0   15   61
57   58   1
3   41   41
21   24   56
33   10   17
16   3   8
53   56   47
24   8   46
9   56   36
57   17   59
6   55   47
52   29   55
28   23   43
56   13   37
57   3   2
6   29   58
52   34   2
23   51   7
5   53   35
29   25   9
12   51   33
59   17   3
62   48   3
9   21   44
55   10   41
62   6   62
54   12   46
12   44   17
57   13   24
19   46   56
8   16   41
28   47   18
1   12   53
35   37   41
26   63   32
18   56   58
2   43   1
54   43   18
25   32   38
38   14   40
43   28   19
2   53   34
10   15   16
27   37   40
6   5   40
23   52   54
3   38   55
42   31   48
6   24   21
59   14   33
62   37   61
35   33   10
61   9   49
51   8   30
20   61   29
16   35   39
12   30   31
5   34   50
41   36   26
17   3   9
49   15   6
52   63   1
52   55   47
58   31   30
23   39   4
51   12   21
54   41   45
22   27   55
38   43   29
28   10   53
38   3   36
25   31   46
6   20   14
38   7   37
44   49   56
19   57   12
52   27   42
52   28   23
45   33   7
43   18   6
32   39   26
33   9   48
6   11   28
20   37   4
3   44   48
51   52   2
51   29   56
34   35   47
37   29   24
8   54   49
9   54   51
50   3   46
59   5   24
29   13   43
63   18   5
3   59   54
7   60   53
8   52   52
44   63   31
51   30   56
21   54   5
14   10   0
40   25   58
62   8   39
31   13   10
9   19   40
29   12   10
1   53   61
15   32   21
42   43   31
34   31   29
41   28   16
30   25   29
26   40   47
40   45   62
31   41   49
51   5   12
52   1   1
14   35   22
11   52   47
46   50   30
14   37   34
22   0   42
14   58   45
49   33   22
58   24   62
35   50   19
6   41   42
61   14   45
14   60   42
55   14   5
57   54   3
28   62   41
26   44   55
53   63   28
23   24   18
39   34   12
23   4   25
61   44   51
28   46   23
12   30   21
57   14   41
17   37   12
59   23   17
1   1   44
10   35   25
34   49   4
57   18   59
22   56   41
52   51   47
13   0   42
1   37   50
7   58   18
39   32   60
48   45   25
28   40   50
53   4   62
51   53   45
43   19   9
34   50   20
23   34   31
51   4   9
20   28   43
7   27   51
61   45   35
22   22   34
23   22   37
25   5   7
15   4   43
18   58   58
51   46   31
12   57   43
6   22   39
9   42   26
19   60   35
37   28   15
55   33   58
20   29   63
13   58   41
58   34   47
48   47   47
2   21   14
34   19   34
34   28   62
53   38   45
55   52   12
13   54   30
50   18   4
39   16   19
28   3   12
55   5   10
8   54   47
60   29   46
60   20   33
19   34   25
48   4   43
30   30   17
34   28   41
29   12   40
59   16   36
1   15   0
18   50   27
33   38   25
33   10   13
62   33   43
18   9   43
8   13   45
34   51   26
52   53   47
39   42   39
18   21   14
21   33   39
51   37   54
25   35   6
13   43   15
25   21   9
37   0   37
1   52   38
53   62   1
57   48   45
43   61   30
22   48   10
33   42   56
51   3   4
0   37   24
39   10   45
16   55   39
0   48   58
8   25   21
17   16   36
12   63   32
52   2   8
7   51   35
53   8   62
39   55   34
30   19   11
32   10   14
46   16   62
60   4   50
36   41   58
58   36   48
35   31   60
61   46   37
49   16   2
39   42   43
49   4   46
57   4   2
7   60   58
22   36   15
44   60   46
26   29   18
45   56   25
28   18   9
2   4   43
4   17   5
19   31   45
54   27   41
56   13   51
15   36   47
30   13   51
27   38   14
35   60   25
3   14   43
52   59   55
16   3   43
3   58   26
38   30   39
62   8   40
45   2   50
50   31   7
54   26   55
13   35   35
40   41   21
16   23   1
48   50   61
20   27   21
34   5   37
53   14   50
58   25   2
10   35   21
37   37   61
52   55   27
8   40   28
63   24   18
53   9   12
60   35   59
38   13   6
30   17   9
57   18   9
62   59   29
39   43   25
33   8   35
41   25   8
58   6   4
26   33   28
11   58   50
23   38   32
1   4   47
32   31   17
3   29   56
45   36   42
5   46   50
41   58   50
52   63   31
7   58   24
46   37   33
1   57   55
60   31   17
45   54   14
22   6   9
63   59   44
30   15   9
54   62   24
6   53   54
14   50   30
42   25   60
11   53   39
63   24   13
12   61   42
55   22   5
44   35   35
23   23   47
26   38   28
25   18   33
6   47   32
49   37   6
21   38   1
42   20   6
24   43   50
23   48   11
18   36   9
3   1   35
28   26   9
8   52   63
17   55   36
21   21   56
29   30   41
29   20   43
1   43   35
60   31   49
25   34   27
49   62   17
44   60   50
23   12   44
3   0   39
53   40   18
16   0   32
30   41   27
57   26   61
9   60   21
61   39   52
59   5   20
59   59   51
1   21   16
30   37   39
53   5   48
1   18   2
25   21   40
42   33   18
52   0   17
39   4   7
58   59   37
2   22   18
20   6   7
51   1   31
4   59   24
34   9   17
39   36   63
40   45   61
12   47   33
50   46   4
13   30   53
22   4   11
14   43   14
5   1   45
22   16   44
40   43   22
20   53   16
26   34   46
6   21   15
37   29   3
62   55   58
10   50   15
55   11   57
17   56   28
31   45   56
63   17   57
58   11   37
55   43   45
55   25   61
24   4   24
41   63   37
8   1   43
25   52   39
63   28   58
11   7   44
40   58   24
50   56   52
12   17   16
51   20   3
44   22   6
36   21   33
48   47   11
56   33   19
48   51   63
40   4   60
17   34   17
39   33   39
49   14   44
55   35   39
62   39   51
32   27   27
61   2   63
29   43   55
7   53   51
49   7   10
34   26   51
45   47   32
48   47   53
52   4   10
43   61   29
54   56   54
1   46   48
24   56   45
58   21   3
21   24   47
57   0   62
13   51   49
59   49   14
20   32   23
35   47   40
59   34   20
62   38   52
52   4   4
8   51   42
54   41   59
19   38   0
49   38   6
49   15   62
18   51   18
28   36   28
59   12   43
7   31   51
41   31   0
30   28   51
60   46   16
42   28   51
33   27   41
44   3   0
20   45   17
11   51   39
37   38   63
57   19   15
58   7   17
15   29   24
39   5   28
45   63   46
37   43   58
59   35   63
53   42   45
4   29   53
4   46   1
24   34   37
45   34   15
39   29   23
46   50   17
28   19   9
45   34   22
19   13   36
16   56   29
17   35   17
45   46   11
50   44   43
17   40   22
30   32   41
58   52   20
24   0   48
30   21   38
17   17   14
19   61   25
12   60   19
57   33   48
15   59   58
20   38   4
36   36   27
15   23   14
22   27   56
55   49   28
44   54   19
56   46   6
21   40   15
51   14   4
63   50   6
54   57   54
23   36   18
53   5   8
31   24   19
5   6   25
13   0   43
53   9   43
38   46   9
32   42   49
27   18   36
40   9   50
33   50   40
40   57   26
63   25   52
41   19   19
36   40   63
61   29   55
40   32   8
38   44   61
24   7   10
32   10   15
18   12   38
2   34   35
53   35   47
1   58   32
57   19   17
45   18   0
8   35   9
9   57   39
54   32   2
35   35   15
45   5   27
31   45   43
41   26   56
40   3   28
12   24   54
14   35   43
31   46   54
58   45   45
54   39   18
55   31   55
3   4   46
21   51   6
56   13   36
46   26   11
60   22   17
31   43   31
38   0   40
45   15   8
32   12   51
17   45   27
30   21   11
15   1   31
0   47   38
19   32   25
29   20   11
53   43   61
11   52   46
62   9   43
3   3   47
48   2   43
12   26   27
55   56   3
22   7   9
33   9   15
40   37   39
21   56   44
63   4   29
15   42   56
25   9   12
61   34   43
40   32   61
56   21   6
39   14   41
15   24   34
2   18   3
45   55   46
40   40   39
7   27   49
34   30   27
14   55   38
19   34   41
41   23   0
48   48   39
14   60   39
20   32   27
16   42   17
18   51   32
10   60   24
63   43   14
3   60   46
32   46   60
27   16   40
9   26   20
16   58   55
28   40   44
47   8   5
36   34   28
53   12   3
7   54   60
53   15   30
35   47   43
22   39   7
19   58   35
41   63   27
30   37   21
46   50   14
57   62   28
52   19   13
32   39   24
25   16   28
19   47   3
55   14   37
18   61   30
8   3   43
28   13   12
22   61   14
14   24   31
6   42   41
5   16   44
25   2   7
1   62   62
23   25   51
17   58   39
41   31   25
48   14   3
16   33   44
19   14   44
17   45   21
3   2   39
46   45   11
39   10   43
16   50   16
21   2   10
22   46   54
48   57   2
7   26   22
58   7   19
53   4   18
8   58   15
40   57   21
55   63   30
18   4   14
30   33   26
13   31   30
44   16   6
35   33   48
24   28   26
62   61   44
48   47   25
8   2   38
50   51   61
13   53   29
59   55   20
54   18   5
37   59   61
1   9   40
28   29   15
34   40   56
4   1   38
51   14   61
42   13   40
36   39   22
37   41   26
17   11   42
43   31   49
47   7   5
48   33   20
59   46   14
46   13   8
31   48   59
30   61   44
7   17   44
56   27   29
13   38   26
59   5   23
4   46   38
38   39   56
55   18   13
46   12   8
52   54   63
40   56   26
37   30   58
27   0   32
16   50   28
63   35   58
51   48   17
22   37   15
49   59   54
21   28   30
45   48   32
59   13   58
48   1   10
58   16   37
50   3   9
15   42   21
7   14   35
28   56   47
37   33   12
54   7   18
6   31   52
35   29   48
27   63   26
13   34   48
25   46   11
11   54   42
54   46   27
20   51   5
29   11   13
50   36   46
54   8   17
31   17   11
30   36   45
31   30   28
54   8   22
54   31   19
52   55   14
56   51   59
52   20   5
25   28   28
30   39   27
25   43   54
47   48   53
25   47   53
29   30   43
61   5   61
9   53   30
2   5   39
22   36   7
3   17   43
12   37   15
63   11   56
53   35   2
9   37   12
18   20   14
0   42   50
53   48   47
25   30   31
3   46   3
9   63   43
17   59   45
46   14   5
54   18   3
51   63   14
59   32   19
38   62   52
45   27   40
29   28   9
2   2   43
5   51   34
2   44   1
12   51   27
40   37   58
29   27   17
49   33   39
11   52   51
23   29   43
6   46   40
22   3   10
18   30   39
27   43   8
23   47   20
27   32   31
49   9   9
50   47   30
7   20   15
44   42   48
46   39   43
17   28   46
24   34   18
17   62   44
22   36   22
24   14   39
32   28   45
3   33   29
18   45   22
20   40   17
46   21   31
4   16   39
6   31   50
18   10   44
21   30   43
54   19   41
31   14   51
62   33   3
7   35   5
55   63   2
49   30   60
63   16   57
7   17   45
22   25   18
19   45   10
10   6   38
41   57   61
17   61   31
15   50   54
32   46   55
31   60   44
57   13   60
38   31   47
5   63   46
35   59   26
35   49   21
60   40   1
25   31   31
36   31   28
20   33   12
48   25   11
52   38   10
62   6   61
14   51   28
55   16   46
13   20   18
15   36   11
51   17   62
6   52   58
54   33   52
19   45   20
30   28   46
42   5   26
26   32   39
0   25   17
3   39   2
52   4   11
49   34   23
36   53   41
13   30   34
39   26   50
29   13   40
14   53   42
37   37   11
50   26   37
21   28   51
0   3   44
52   47   31
19   34   23
25   8   38
14   51   43
29   19   55
58   31   59
56   17   43
5   62   22
60   9   22
39   36   12
60   1   59
61   0   30
32   19   33
5   60   47
11   44   14
0   8   8
63   51   38
39   16   54
19   60   44
45   22   5
31   7   51
61   46   62
41   58   26
7   11   44
43   37   60
61   2   62
33   43   0
57   14   51
12   7   40
41   8   25
63   4   62
59   15   43
63   62   30
56   6   17
6   55   33
1   50   50
6   40   42
28   59   45
54   7   26
52   3   12
32   42   53
27   16   31
6   46   47
43   27   17
34   6   6
11   36   17
59   51   58
13   2   44
47   13   47
53   48   49
11   35   23
53   48   14
24   18   34
58   55   52
15   33   11
41   41   32
7   21   39
40   27   56
41   16   22
54   50   49
38   34   21
6   0   38
44   56   24
33   9   40
21   2   60
26   22   40
55   31   4
45   54   26
29   6   40
24   38   56
45   40   3
22   38   8
5   1   29
24   21   36
44   2   54
54   28   55
45   0   50
0   16   45
31   45   60
58   39   47
56   49   26
60   58   30
61   16   44
1   4   34
31   58   26
27   38   44
49   5   16
27   9   53
43   14   8
22   20   38
16   33   15
46   44   52
2   41   11
34   48   54
9   19   34
31   40   6
8   14   45
25   2   6
38   18   9
13   8   22
0   12   61
18   12   54
30   44   23
51   47   45
28   40   8
12   34   49
32   29   5
62   61   45
15   30   30
1   56   54
6   6   44
22   31   29
60   18   51
21   41   1
24   14   13
46   9   46
6   58   36
8   1   40
61   11   49
55   45   11
2   48   32
51   55   51
49   45   15
55   11   33
42   57   0
58   59   1
31   42   55
32   46   56
13   59   62
26   56   50
15   55   45
29   16   43
20   46   55
24   44   20
37   61   37
60   22   62
12   31   31
62   21   29
17   38   41
23   37   6
17   39   10
6   53   63
9   24   45
46   35   33
49   29   7
5   11   27
54   15   3
50   20   39
10   18   40
46   48   18
29   7   11
23   36   56
33   45   54
61   40   14
19   29   25
1   16   3
20   24   51
47   39   6
6   35   26
36   48   57
28   16   10
57   37   21
22   43   45
3   39   26
17   58   34
58   17   61
53   55   54
40   9   47
18   62   31
7   61   47
2   2   55
14   53   45
35   57   37
53   55   26
62   10   39
17   56   4
14   55   43
11   32   48
22   43   1
3   15   1
37   29   30
19   31   28
44   23   24
36   44   54
48   32   7
11   25   27
10   60   22
3   1   46
17   24   14
50   17   61
50   2   17
46   42   51
63   62   43
52   7   27
9   34   51
41   15   52
38   28   17
5   21   36
49   40   33
6   45   3
17   39   11
42   48   24
2   21   17
55   12   50
30   8   15
53   5   9
52   48   25
57   25   41
41   38   43
58   40   62
59   9   51
30   37   56
41   33   11
49   63   29
28   62   59
54   31   2
50   54   30
13   19   14
60   40   45
59   44   45
29   41   56
44   1   46
4   2   24
55   27   23
51   6   12
13   38   12
48   46   45
34   34   15
3   9   53
7   52   57
35   43   54
57   13   39
53   62   3
18   61   55
34   16   34
61   44   15
58   11   43
2   60   55
33   39   23
58   40   0
4   30   22
56   7   20
59   4   8
33   40   7
63   62   44
18   1   44
28   39   50
38   44   60
22   45   58
59   31   48
40   61   55
1   62   26
32   34   25
55   5   46
7   9   13
55   31   3
35   9   43
1   42   46
52   8   50
3   0   47
9   21   43
52   26   42
6   33   42
62   57   53
17   34   39
24   38   37
14   34   47
12   29   34
62   60   44
21   36   17
0   43   58
1   22   16
43   33   26
29   21   19
23   34   26
28   38   40
51   5   19
14   34   11
5   29   54
4   23   39
8   0   32
61   30   58
2   50   58
5   61   8
8   20   40
11   55   42
31   48   42
22   37   7
8   32   42
10   21   42
55   6   53
39   26   48
6   54   54
11   47   29
45   44   32
16   63   13
52   44   3
6   48   13
40   63   36
14   0   44
29   46   58
44   48   56
24   22   36
20   30   41
4   6   39
12   40   21
41   36   15
24   52   52
54   4   48
10   19   20
24   54   20
46   22   4
48   33   19
18   17   15
50   26   34
4   29   7
44   39   11
25   29   30
24   9   40
56   55   3
35   28   0
6   51   43
28   61   59
26   47   56
8   37   9
4   54   57
3   9   37
54   16   41
21   6   11
41   26   13
31   7   14
2   56   58
5   23   36
62   40   51
13   38   25
6   46   41
0   52   34
12   40   19
13   1   30
13   31   39
45   54   23
59   62   47
33   33   41
4   2   40
36   45   46
28   19   30
52   48   20
44   54   63
47   56   23
36   22   8
8   20   43
54   62   27
57   46   45
38   41   24
27   36   37
31   15   38
60   38   43
2   2   44
15   51   22
31   9   51
46   36   18
24   36   36
1   42   42
22   27   23
56   46   10
8   35   59
60   3   62
3   16   43
50   6   19
41   36   21
62   33   20
51   19   36
40   30   60
53   51   52
49   14   62
34   39   40
7   60   5
43   45   32
10   57   19
21   61   47
50   49   27
21   61   45
44   54   15
8   54   58
61   56   20
12   31   33
29   29   45
20   36   23
12   54   31
35   61   36
9   58   53
0   15   3
45   46   0
51   37   19
36   47   26
24   31   30
55   46   9
31   7   27
10   14   40
9   17   47
59   58   27
16   24   24
27   18   40
7   63   42
15   35   27
14   35   34
2   61   2
51   52   14
11   30   61
40   62   29
3   60   6
25   4   28
60   61   47
4   46   52
53   49   52
19   30   25
26   15   10
23   4   30
57   22   6
50   7   4
51   10   62
42   45   9
9   25   15
55   27   48
15   5   44
17   1   42
33   35   18
28   56   26
54   55   63
20   38   6
28   35   27
7   3   61
22   22   18
18   10   43
10   55   44
44   36   14
