5   12   17
19   45   32
19   47   34
42   1   14
37   20   21
30   20   23
10   21   55
56   27   9
6   0   21
55   42   59
46   1   26
2   13   15
6   62   52
2   54   37
12   46   51
21   54   7
5   9   44
14   6   12
43   20   43
42   60   26
5   54   47
33   3   58
20   44   51
29   12   30
12   3   27
48   27   32
8   63   3
47   26   1
12   41   11
48   31   27
45   29   43
56   50   39
29   3   20
62   18   43
16   52   7
35   52   29
36   40   12
41   62   36
11   12   51
34   20   15
17   55   24
59   38   62
60   58   51
34   18   17
3   35   60
21   19   57
30   27   58
16   49   39
28   10   42
19   37   18
46   9   55
51   38   20
22   42   9
53   3   13
52   55   19
49   39   50
24   8   15
11   51   61
15   9   36
52   29   46
45   55   3
50   19   42
32   14   25
18   60   1
46   40   9
29   57   41
35   44   28
63   7   46
53   37   37
34   35   2
21   38   46
61   53   11
14   14   14
23   5   48
40   6   33
17   15   53
39   51   5
56   50   15
54   50   4
0   29   25
16   26   40
37   45   6
47   1   21
18   37   42
43   21   49
53   51   38
10   7   61
60   48   24
30   27   9
17   58   11
21   49   50
1   25   19
62   15   57
45   35   20
54   33   54
37   34   3
8   53   2
9   43   43
44   25   42
17   61   12
24   35   38
59   62   7
55   27   60
1   58   35
30   53   28
23   2   26
12   47   16
61   17   6
38   4   47
48   26   28
13   6   55
6   50   28
14   6   61
31   29   61
39   2   8
28   38   16
47   53   57
59   51   20
55   13   40
48   59   25
32   51   16
49   63   19
11   43   34
28   9   42
21   23   40
29   9   24
1   61   36
20   9   14
42   19   10
60   63   33
28   45   16
45   25   41
26   22   10
44   7   44
49   61   17
59   60   29
18   14   38
6   18   47
2   52   39
45   53   40
41   39   9
13   3   51
49   27   56
7   28   12
10   51   50
26   50   59
31   45   24
41   25   45
37   19   21
6   7   38
60   54   25
53   62   30
45   25   9
7   34   2
46   23   33
55   27   52
2   51   25
20   59   33
47   28   33
16   46   19
6   49   17
16   6   6
61   25   18
17   0   1
31   52   19
54   4   33
13   20   52
16   39   47
2   1   21
27   59   1
14   47   16
30   8   25
12   11   34
12   2   15
16   31   8
42   48   16
42   63   15
57   41   22
24   62   35
47   43   23
56   22   32
30   35   61
3   54   62
10   27   15
54   52   4
26   62   63
15   57   59
20   50   58
44   0   60
53   7   30
10   48   43
12   61   26
6   10   35
42   9   55
13   1   61
19   36   62
48   49   20
4   39   8
12   33   49
28   1   50
26   5   20
2   11   14
54   58   23
20   13   59
18   35   52
15   27   26
0   9   28
57   54   34
5   2   27
42   18   60
7   28   58
54   34   57
55   8   0
29   29   55
52   39   28
25   16   6
9   63   52
26   0   21
16   47   1
57   1   52
14   42   47
38   48   6
5   51   8
7   29   60
46   17   18
42   0   54
24   40   57
61   27   49
26   58   9
17   5   15
40   8   12
41   61   8
43   63   15
16   5   0
46   11   50
57   37   28
33   12   59
8   36   61
59   12   6
53   47   55
8   22   24
28   59   28
43   8   9
18   37   21
10   36   61
30   46   38
24   2   33
25   9   24
9   21   18
19   11   15
33   60   27
23   44   37
11   19   55
18   20   22
42   7   57
42   35   44
2   14   14
59   11   21
21   3   60
12   29   3
41   15   21
7   13   45
55   58   46
41   10   0
6   18   22
59   55   28
16   25   0
48   27   57
56   23   22
52   45   26
44   17   37
58   7   1
56   18   23
13   58   26
32   61   28
59   55   38
32   32   45
1   61   26
30   32   61
10   30   62
49   40   48
35   11   18
38   54   54
57   29   62
19   46   57
5   22   31
19   54   2
24   17   26
29   19   19
39   6   57
53   47   0
12   0   23
26   59   49
41   14   4
15   58   60
5   10   61
4   47   44
53   9   50
28   61   31
42   14   47
42   11   45
38   62   7
36   2   23
38   0   5
10   63   12
44   53   35
13   23   62
50   13   23
14   39   32
42   21   25
15   26   28
54   43   1
62   47   4
57   43   24
57   57   4
42   22   13
43   7   8
43   1   11
52   27   45
3   44   18
42   31   15
5   52   23
58   35   49
10   5   23
59   1   8
28   27   26
21   35   61
21   0   9
2   48   37
49   25   63
20   57   4
32   55   8
1   32   24
47   46   23
35   40   18
40   48   15
29   14   21
3   29   35
46   28   5
38   60   47
18   0   33
28   62   49
17   49   13
12   15   45
56   20   50
14   23   7
44   32   11
2   34   61
34   51   30
21   23   22
38   51   18
57   47   32
60   63   8
47   45   34
55   20   42
12   2   27
2   25   33
16   40   28
20   26   25
2   12   14
45   48   15
10   60   10
4   43   41
25   60   36
49   32   42
51   21   53
12   39   34
6   9   26
3   26   32
12   10   50
35   7   17
25   18   3
3   27   8
5   5   45
26   6   14
24   2   17
18   5   9
57   36   49
36   40   28
37   47   9
43   16   42
33   29   50
39   16   20
42   0   16
26   50   46
10   10   11
51   39   18
35   38   52
28   48   25
39   0   7
17   60   25
8   57   61
44   24   27
5   8   16
49   38   9
30   50   10
8   17   33
50   5   41
28   57   52
15   59   9
47   51   22
56   54   14
23   25   20
63   48   57
48   3   40
49   26   3
3   15   4
57   43   4
9   18   16
12   14   52
42   18   10
15   15   38
6   11   30
57   22   35
16   35   52
60   48   33
14   48   19
54   14   35
26   3   11
59   27   63
61   15   7
43   24   17
55   6   0
40   45   18
42   37   27
15   55   13
56   62   54
43   19   11
49   0   6
52   61   13
30   45   37
31   26   51
11   11   54
46   20   23
3   1   1
23   58   17
54   32   51
28   55   51
23   40   4
55   32   54
39   53   17
22   23   43
37   63   55
45   3   16
49   34   38
49   43   50
21   20   62
1   52   51
51   17   51
10   48   58
11   21   55
15   60   48
27   5   17
51   45   49
40   13   54
32   29   51
55   61   48
57   62   6
62   36   58
30   41   47
24   15   47
39   54   0
31   58   15
38   63   14
21   26   0
44   47   56
7   37   0
14   31   3
17   57   62
42   10   30
16   35   9
10   58   41
21   43   16
52   31   49
0   27   25
15   13   36
62   19   42
53   50   39
21   31   12
55   43   27
36   36   54
27   60   0
7   13   33
13   46   50
6   10   25
20   37   21
3   4   5
56   2   23
54   9   25
46   63   0
60   54   38
49   13   22
44   35   58
16   28   4
56   34   24
30   61   8
40   18   60
7   19   22
35   53   13
42   20   38
47   24   25
55   58   54
30   5   58
50   1   21
46   43   63
0   62   32
34   56   7
40   17   2
47   27   25
48   55   17
37   54   21
55   24   45
48   54   29
17   44   2
46   14   20
53   12   24
22   36   50
47   23   32
17   37   21
63   38   3
26   54   44
12   51   6
56   40   53
17   42   47
34   4   47
58   57   40
10   12   19
52   34   40
10   49   38
47   60   16
60   57   45
42   11   31
27   5   41
62   26   3
47   57   27
59   38   51
56   34   42
33   61   5
35   53   21
26   63   46
42   56   2
50   26   24
24   1   33
51   4   62
17   47   13
43   9   31
31   12   25
55   21   44
37   11   55
11   30   30
45   57   34
44   60   29
44   41   11
8   56   16
2   22   24
49   2   10
43   10   27
27   50   33
47   30   1
50   50   22
5   18   33
51   33   53
13   46   15
25   36   46
45   35   39
37   44   41
20   54   19
23   48   0
36   48   5
53   4   20
14   10   11
26   44   59
14   43   16
53   36   47
21   17   58
62   34   57
29   59   35
46   20   14
31   15   26
4   21   48
25   29   4
36   34   56
15   19   51
42   9   3
53   52   42
43   5   11
55   17   41
57   26   63
22   52   26
59   50   54
42   47   18
35   24   43
60   1   19
55   2   22
55   63   41
36   0   40
50   6   40
42   53   17
56   45   49
51   8   31
31   59   29
18   60   29
38   16   42
11   54   63
10   0   0
29   8   26
21   46   21
17   39   1
50   18   25
18   58   5
6   32   54
52   61   36
14   41   60
13   61   30
0   3   23
1   36   22
2   51   13
48   23   26
46   43   11
49   63   9
51   37   20
18   41   58
24   41   50
13   29   24
46   31   15
61   6   6
14   36   30
40   29   32
5   11   18
15   16   44
49   33   47
29   60   33
52   44   13
55   58   11
2   9   52
57   58   8
8   21   55
20   41   24
8   27   55
8   11   1
54   5   20
43   8   17
55   4   30
3   27   36
15   49   57
15   6   53
8   48   38
3   19   32
25   12   13
58   43   30
5   26   11
30   22   24
44   46   16
44   46   34
22   59   9
17   39   35
44   11   33
59   6   59
30   7   24
20   43   0
42   8   0
8   52   5
15   38   35
7   30   3
53   24   45
63   32   24
29   6   22
2   61   23
33   11   29
38   27   17
19   25   62
46   44   17
36   3   23
7   10   15
2   14   22
36   45   3
45   47   63
1   33   25
9   6   11
24   44   10
44   50   18
34   5   46
57   6   30
11   14   23
39   1   63
30   51   8
1   23   53
22   39   52
39   1   53
61   30   19
42   20   53
57   34   3
31   40   28
43   17   43
41   40   18
38   11   3
9   45   44
54   62   33
26   53   54
10   14   12
1   1   48
11   32   18
52   45   0
49   23   1
16   26   32
56   44   50
21   52   26
35   55   33
6   32   11
42   39   23
61   29   15
18   49   27
40   61   7
8   24   22
18   63   43
36   0   26
41   42   8
43   32   13
40   1   35
42   46   16
40   12   36
33   10   29
26   49   33
14   1   58
61   57   7
50   56   42
33   32   50
43   7   53
44   48   61
10   41   54
59   50   32
8   2   15
15   55   30
27   1   23
12   60   36
45   40   49
15   56   3
37   40   11
31   36   53
41   37   26
6   51   44
43   21   12
33   49   53
50   13   38
0   24   52
14   53   17
45   11   26
46   27   31
55   36   51
26   0   51
5   58   40
21   20   45
23   29   29
55   22   39
37   36   60
11   0   7
36   2   37
4   24   52
27   46   2
14   49   40
12   11   48
34   11   16
38   54   8
56   16   19
38   36   7
50   51   25
2   41   58
50   3   37
33   53   35
39   56   62
12   53   1
17   27   29
43   7   44
3   26   22
24   29   12
29   54   41
44   58   28
21   22   7
12   49   29
44   11   44
39   47   30
8   5   18
20   59   1
8   11   11
43   58   14
34   26   33
8   37   36
7   56   32
53   28   48
38   59   4
39   56   6
29   13   21
50   49   1
62   56   35
21   44   18
54   11   35
22   56   11
50   63   7
37   57   6
19   35   62
62   23   44
3   45   18
17   54   15
20   48   29
14   63   6
60   27   1
8   44   18
38   55   27
34   25   21
44   4   26
43   14   10
49   49   24
21   21   25
19   28   25
47   52   60
11   50   17
8   43   19
8   33   58
16   3   29
10   49   49
53   51   5
35   19   35
25   4   43
25   16   31
47   45   21
62   36   12
63   7   22
29   5   29
24   3   58
24   34   49
23   22   22
45   55   16
22   10   12
15   7   53
48   59   36
34   20   29
18   44   2
39   22   18
14   36   9
48   55   9
3   26   56
26   42   21
61   44   17
15   49   24
16   32   63
5   55   16
12   38   15
60   2   24
23   53   8
4   4   21
20   0   8
18   16   24
26   37   33
43   0   23
2   32   58
46   49   41
23   49   36
31   44   31
40   12   49
42   7   39
57   47   20
20   53   61
12   49   59
19   10   5
55   21   26
46   58   15
40   44   20
43   63   2
50   61   4
17   49   46
32   58   4
34   48   26
32   54   13
23   4   61
13   52   20
18   19   22
22   43   27
40   35   20
63   20   59
8   38   38
46   0   27
54   51   26
0   41   15
33   33   48
34   25   39
36   47   10
63   23   21
40   30   7
49   1   18
10   38   2
37   14   55
15   12   50
27   55   15
39   38   4
20   17   23
23   23   14
59   10   59
15   40   44
40   6   17
51   9   15
55   62   40
8   48   2
10   37   1
12   29   24
8   19   59
51   1   38
51   26   53
50   22   18
61   58   57
29   40   33
47   46   41
31   8   47
0   32   24
50   4   16
45   39   58
38   21   20
14   53   61
35   60   10
1   2   33
22   33   49
11   2   62
51   32   50
3   56   25
21   27   4
13   19   59
50   20   25
10   4   31
58   32   17
52   30   48
27   18   57
26   49   18
39   30   19
48   21   23
46   37   16
12   17   34
22   53   2
31   37   0
34   1   48
59   61   32
3   23   39
21   62   7
61   9   5
4   55   39
35   9   20
17   48   59
8   31   60
39   15   40
4   23   58
53   6   22
47   48   45
53   11   26
20   5   17
43   31   17
34   53   4
12   30   34
23   45   33
45   31   2
28   48   2
27   0   33
62   51   40
20   7   24
63   47   55
31   58   27
60   53   51
19   27   14
54   6   32
19   53   0
43   24   43
27   31   6
50   60   54
34   40   25
37   17   46
41   44   33
1   42   60
46   15   30
42   5   52
42   6   37
60   49   5
12   9   52
25   21   0
56   49   12
2   20   23
33   6   57
31   11   25
45   29   6
61   48   16
2   27   56
48   50   32
55   59   11
15   49   39
10   61   29
50   42   31
39   54   46
39   18   10
38   54   0
42   20   27
33   27   28
33   50   31
30   28   60
40   13   15
44   39   15
59   56   30
6   21   6
11   45   13
3   0   3
52   58   0
12   31   34
46   35   2
63   30   19
2   0   20
48   3   25
47   59   24
6   63   28
32   60   7
35   10   26
57   41   2
13   7   62
11   13   47
23   21   27
54   51   6
53   4   34
37   63   5
55   36   22
6   46   56
59   53   21
13   10   6
49   48   44
5   22   41
10   51   63
57   30   0
18   43   2
50   52   22
17   21   16
8   15   53
8   57   7
18   17   23
35   45   29
28   7   31
38   24   21
27   57   60
0   0   31
50   1   29
5   17   14
22   34   50
36   41   32
8   1   6
31   44   3
3   29   27
46   17   47
14   21   4
38   1   47
56   26   61
37   25   59
20   43   54
32   57   18
38   56   10
14   28   7
21   0   1
11   50   35
9   41   54
10   32   56
46   9   24
29   45   39
32   58   17
51   13   30
12   13   23
59   3   31
31   4   14
40   10   33
16   38   16
38   10   1
56   61   16
6   6   27
3   63   3
32   13   22
36   4   41
18   23   22
43   60   40
14   20   22
60   61   11
55   6   30
5   17   34
52   60   36
35   4   13
61   28   46
7   16   15
20   63   14
55   19   44
54   53   31
36   30   58
39   62   35
36   60   3
27   32   8
9   24   25
24   54   29
3   22   33
51   45   34
49   15   46
13   17   48
29   36   61
30   3   25
36   1   28
5   7   62
9   7   29
12   7   29
48   51   14
58   13   14
13   5   25
48   0   39
14   0   1
45   61   15
19   26   15
21   29   42
36   17   54
57   38   28
35   17   41
45   1   24
12   7   50
43   26   31
16   58   0
15   31   43
28   60   27
17   51   62
24   62   62
10   26   55
54   4   20
33   25   35
23   55   43
11   31   38
14   46   16
27   48   29
40   28   5
12   47   36
45   37   14
4   56   21
15   40   29
26   48   53
50   62   0
15   58   7
44   20   41
57   40   24
45   27   0
42   14   0
63   63   54
31   28   56
56   12   30
36   38   42
0   28   16
61   56   9
37   54   0
6   13   32
52   53   11
14   18   15
24   5   56
56   33   3
39   49   49
28   6   30
24   11   23
55   0   51
57   21   32
32   15   12
10   18   9
11   3   16
11   53   0
33   7   56
11   29   27
18   57   2
8   47   40
63   38   54
19   23   19
40   16   20
17   32   25
5   29   59
8   50   11
6   16   48
19   45   62
25   20   58
9   15   18
38   45   3
32   25   51
10   56   40
14   62   5
37   59   13
7   17   12
27   60   39
19   47   6
47   62   14
18   54   7
35   63   12
8   50   1
37   2   54
2   36   56
56   63   4
20   37   42
48   51   22
6   39   40
8   23   19
40   28   45
27   10   29
17   40   28
17   8   52
39   2   35
26   19   12
4   6   3
7   26   0
27   14   5
20   47   28
11   12   31
46   62   3
13   25   63
15   26   46
13   63   62
43   3   61
1   38   6
44   52   63
24   41   6
2   30   43
13   9   62
39   4   60
8   4   21
23   9   19
32   62   28
47   22   31
37   27   60
45   4   51
18   42   45
13   8   55
24   62   6
20   0   33
41   57   7
51   35   22
21   11   5
22   3   12
23   31   32
11   44   23
2   23   46
35   5   20
38   40   19
4   18   35
9   7   14
3   12   34
23   55   24
14   12   18
30   31   7
30   6   63
50   15   32
56   11   2
11   27   41
16   27   30
49   60   57
24   58   2
20   43   27
40   0   13
20   4   21
8   20   32
39   60   5
27   18   16
55   19   3
20   51   34
8   12   37
29   10   30
53   22   48
44   9   19
20   18   19
63   62   55
55   52   33
6   28   16
5   26   30
25   58   4
54   50   13
54   25   34
50   18   41
35   32   9
50   2   31
1   43   6
39   11   61
16   32   8
44   6   25
6   3   25
44   28   39
51   57   4
20   40   63
13   4   55
43   12   18
30   47   61
12   10   40
0   19   33
2   2   14
56   47   14
21   7   38
42   18   27
32   24   36
13   48   2
11   54   7
42   9   19
49   14   23
34   17   16
23   10   21
47   13   63
7   33   4
57   1   5
32   52   1
27   55   60
10   3   2
6   13   21
51   11   31
10   34   54
12   29   40
8   48   18
18   21   24
25   41   32
47   53   47
53   50   1
43   8   32
51   15   29
58   31   20
54   1   33
26   62   51
54   60   9
54   11   25
37   38   0
12   39   14
36   37   42
20   5   28
6   61   23
30   49   35
24   7   54
28   21   26
5   61   36
39   2   21
23   47   9
22   58   3
51   59   38
10   59   28
3   25   40
50   25   26
21   53   59
52   41   14
2   19   24
13   16   48
46   28   26
40   5   10
16   50   46
10   26   63
56   20   19
34   32   32
42   61   4
47   61   61
30   57   27
49   25   38
38   43   12
2   15   9
30   21   23
23   18   20
20   58   26
46   29   42
7   23   2
55   10   49
59   56   17
15   8   39
27   11   27
31   22   49
58   1   35
58   15   41
62   50   38
53   26   50
44   31   31
14   20   4
10   23   63
2   20   42
21   13   37
61   45   22
51   4   33
10   37   57
26   13   4
45   0   6
23   3   12
33   28   52
50   55   17
11   34   22
18   52   27
21   32   59
55   0   60
43   9   17
32   61   15
2   43   40
60   61   34
35   54   16
10   61   38
23   11   27
46   39   30
36   49   39
23   26   30
61   52   25
40   31   15
59   26   63
63   21   56
9   10   16
30   49   63
25   2   44
12   48   52
1   19   62
22   60   25
55   37   42
17   9   13
11   43   25
41   31   10
5   8   61
1   16   24
44   46   24
21   37   60
27   30   7
27   19   60
62   41   61
49   2   22
50   29   33
46   41   10
60   42   63
33   25   51
45   57   52
1   12   27
47   14   28
48   15   23
24   52   14
56   11   34
49   62   24
51   23   29
10   23   53
25   54   29
21   8   37
57   36   3
20   62   23
19   41   32
23   13   16
57   39   23
16   57   3
41   5   6
15   15   48
16   41   18
52   58   51
48   56   35
54   11   15
25   56   31
28   13   19
43   14   26
32   0   18
43   22   43
58   44   53
10   24   57
19   38   4
19   12   15
46   45   46
59   5   63
28   57   26
21   49   41
53   33   6
5   28   17
41   55   17
45   45   36
52   36   63
26   53   8
46   49   62
6   57   38
26   63   62
27   16   17
29   28   53
29   1   33
22   5   53
48   1   25
8   8   38
21   46   43
45   48   63
39   5   8
55   10   4
56   17   47
32   10   18
45   19   43
41   0   41
27   63   41
52   34   30
8   39   39
24   41   25
50   0   21
30   34   59
61   54   41
60   47   36
21   29   3
33   63   52
50   7   35
28   2   62
43   13   62
50   12   33
60   0   23
47   12   60
23   28   61
43   7   0
46   15   62
9   11   13
14   32   19
47   56   14
19   52   34
49   55   15
47   15   10
21   55   54
14   60   8
8   34   55
44   42   25
7   29   15
38   52   56
44   62   21
55   56   27
47   50   46
8   28   52
20   42   0
21   9   7
30   6   25
29   21   24
41   25   32
52   34   53
38   12   0
59   23   61
37   9   53
35   57   6
30   60   8
5   55   34
41   24   47
27   58   44
51   53   23
13   61   19
56   44   11
11   16   27
14   17   5
8   49   3
55   19   26
10   62   54
41   4   9
34   62   22
57   50   11
26   47   58
30   13   20
6   16   30
55   60   43
44   44   19
2   21   58
10   20   4
15   11   55
56   55   15
27   10   5
15   9   54
15   8   47
25   34   56
33   37   45
19   26   60
46   11   34
35   34   26
21   5   58
31   30   50
29   20   45
36   35   21
22   18   45
56   0   50
43   11   54
51   10   52
41   8   17
17   10   52
55   50   22
18   44   27
42   22   29
4   38   4
50   23   40
27   8   28
13   8   7
23   49   14
21   8   17
44   53   52
8   10   8
55   6   55
39   6   20
27   42   25
12   45   15
33   56   7
43   2   11
47   36   32
31   39   31
35   1   2
19   21   18
18   40   60
23   28   20
11   22   42
32   4   19
40   4   42
31   57   17
44   2   22
61   26   63
17   0   9
56   28   7
14   45   59
10   58   4
27   54   9
32   23   27
61   1   49
26   43   25
2   49   40
42   8   36
28   13   59
18   49   11
1   43   46
15   38   3
59   39   49
42   16   62
14   41   26
60   52   36
31   61   10
31   32   8
17   62   59
46   7   26
60   1   4
15   61   12
20   29   44
21   53   49
31   3   13
38   38   29
48   22   39
3   3   9
12   15   23
33   59   12
41   32   15
24   60   27
7   21   60
56   42   19
29   49   36
54   35   56
26   46   60
58   30   13
32   59   24
52   32   27
58   6   26
9   3   52
42   63   42
18   34   53
26   18   56
45   58   27
0   3   32
8   18   23
42   1   55
53   2   18
53   61   36
10   23   8
56   17   22
30   30   57
12   4   30
42   3   6
51   0   36
35   44   53
17   55   59
11   46   19
51   47   33
27   57   41
57   50   31
19   27   24
16   4   1
26   56   55
17   41   39
45   26   40
44   45   17
56   36   23
36   4   25
47   21   3
59   3   17
28   5   57
8   25   25
12   50   44
29   11   17
36   44   4
41   33   20
59   37   44
46   3   48
16   23   3
49   5   55
26   35   18
55   61   18
5   27   48
25   35   37
60   13   25
2   8   15
49   24   6
36   3   48
42   37   44
13   13   12
24   63   23
40   3   8
19   1   20
56   42   53
23   6   15
10   4   2
50   24   30
43   18   59
24   53   32
58   3   41
8   55   59
31   59   12
47   15   60
0   17   23
8   59   0
61   62   9
56   30   25
3   41   59
41   30   8
47   20   31
53   18   26
27   21   62
53   26   20
41   1   36
61   50   15
50   44   33
8   52   41
48   16   33
36   63   39
47   24   15
48   50   22
57   56   33
42   5   14
12   51   51
10   55   59
26   57   0
43   15   15
37   61   12
28   50   17
59   36   49
55   39   52
53   25   23
32   7   15
10   38   57
5   53   24
57   58   18
43   5   61
31   2   13
28   50   29
32   54   22
62   28   50
42   24   14
51   49   3
30   54   26
45   41   39
3   10   10
60   11   18
24   6   23
3   25   25
21   44   0
19   20   45
29   61   35
15   50   59
21   5   5
39   53   50
15   32   28
16   11   35
41   18   35
10   22   51
8   41   12
61   29   0
8   18   37
60   62   34
35   53   53
46   10   28
45   44   16
56   31   25
14   57   21
46   18   7
38   52   0
24   46   25
48   30   28
38   13   41
50   48   57
42   50   20
46   37   3
14   55   24
20   39   42
36   38   54
5   41   53
55   24   56
45   11   34
20   25   27
2   63   20
1   48   49
0   42   11
10   55   24
36   38   17
36   33   57
61   62   48
53   10   18
15   60   9
14   23   21
23   17   24
53   43   52
2   8   54
27   49   26
49   4   56
39   2   62
47   26   40
58   29   16
6   14   15
55   7   30
37   26   2
14   62   61
45   40   10
23   7   62
61   53   20
55   53   17
53   32   44
34   54   4
27   34   6
44   29   34
9   5   43
12   25   6
16   45   6
37   33   63
42   15   12
31   49   56
48   24   28
63   45   3
23   16   61
11   23   53
27   52   4
23   25   60
35   20   35
58   58   52
25   13   3
25   26   2
61   50   41
53   49   40
2   58   43
12   44   18
8   29   62
52   42   63
42   19   24
59   40   50
25   48   44
25   31   6
13   2   45
13   51   0
43   47   62
48   46   48
10   45   45
37   15   40
17   5   36
25   59   35
46   20   43
33   24   51
7   37   9
20   52   13
13   49   16
41   22   46
15   58   27
39   44   33
39   49   35
11   10   40
19   39   1
61   59   5
12   43   18
5   18   8
56   38   22
2   28   49
39   7   16
20   28   18
55   14   51
24   0   31
45   12   53
6   14   47
63   27   12
25   23   57
34   58   11
21   54   53
34   17   28
47   25   29
53   28   27
45   12   33
59   9   21
44   38   19
25   15   4
34   13   19
62   38   62
32   8   24
2   10   26
55   34   3
46   18   45
43   2   26
54   53   8
63   27   52
52   59   13
38   41   10
15   40   4
11   13   22
18   48   45
29   52   22
3   24   38
8   58   61
55   24   3
23   49   22
46   25   31
24   48   49
27   23   62
41   9   5
34   16   20
26   55   43
50   3   50
17   1   1
6   25   9
23   14   55
38   58   50
55   3   56
28   63   37
14   42   30
19   44   39
28   59   48
2   17   33
35   51   14
55   38   62
49   12   22
57   59   17
53   19   39
13   56   46
15   52   2
23   34   0
14   61   12
62   63   36
60   8   45
35   14   21
37   51   6
43   22   16
53   20   41
39   5   62
26   16   55
31   60   14
55   61   38
37   7   55
34   24   38
42   17   52
28   51   27
47   15   18
30   13   29
39   5   19
17   25   34
28   60   52
29   5   20
15   18   59
2   26   41
20   1   4
45   16   41
22   63   40
22   33   2
32   4   47
50   45   17
37   5   56
15   55   62
37   52   2
12   17   55
55   23   41
19   43   16
9   42   11
23   33   29
53   61   45
49   45   44
4   54   37
49   1   0
11   9   63
2   6   53
51   43   36
45   32   16
23   46   8
50   11   35
9   30   6
1   45   57
47   50   22
39   1   10
50   61   57
38   55   9
27   56   58
49   58   15
45   8   51
19   16   27
37   13   43
53   16   21
52   32   50
20   54   9
63   36   22
35   6   16
27   53   34
12   30   12
45   54   34
5   54   23
20   58   3
34   42   25
28   20   23
33   8   24
22   2   13
46   12   60
21   40   4
17   63   60
61   18   39
35   48   10
14   5   11
24   30   30
17   57   11
50   53   44
42   54   4
11   17   33
15   42   43
52   56   10
31   47   28
59   58   40
12   34   9
6   15   53
3   33   56
32   14   17
54   17   24
10   20   57
21   27   59
40   43   37
42   28   20
33   46   11
12   45   27
38   11   59
27   19   23
15   48   29
46   31   36
61   60   54
12   27   31
31   37   44
40   20   12
45   7   14
3   52   61
43   55   13
20   53   34
44   51   29
58   63   36
40   3   17
2   12   31
21   44   46
2   3   14
30   50   62
9   2   30
57   49   56
35   57   15
52   6   51
55   61   10
14   58   61
2   41   35
47   28   23
49   3   54
21   20   16
38   7   53
31   36   61
63   40   25
47   19   24
56   45   61
3   7   7
5   31   60
61   12   63
44   33   40
42   12   44
16   21   5
55   53   29
13   52   28
4   7   38
23   1   23
38   53   56
52   5   51
27   13   30
8   20   23
55   57   31
50   8   38
55   20   25
44   15   43
34   7   17
26   18   11
44   20   51
15   28   29
17   14   54
18   63   35
38   63   47
40   2   46
53   0   24
57   62   29
25   62   38
40   14   60
49   0   60
34   38   49
49   26   59
28   60   13
23   8   21
45   46   15
14   33   27
19   46   32
50   39   30
63   61   28
41   18   54
0   6   33
3   14   8
51   22   54
16   62   22
30   49   55
50   0   63
39   9   18
30   42   46
58   43   6
23   63   26
11   33   49
42   6   2
10   63   63
41   63   40
54   42   2
30   0   5
60   52   26
48   51   54
8   25   59
42   25   23
2   46   40
40   8   59
62   54   40
59   54   27
28   49   49
4   13   39
0   43   0
33   9   59
47   49   30
55   47   55
2   7   18
16   23   47
38   53   12
20   3   14
3   4   14
14   55   4
35   44   2
4   58   40
2   56   23
56   28   61
24   10   26
51   44   21
11   1   62
17   63   16
38   6   59
11   52   2
25   57   33
25   22   43
22   6   15
53   38   46
23   50   7
15   2   46
15   48   40
56   35   23
46   4   44
47   47   61
24   12   9
35   15   43
8   14   5
35   7   2
45   5   51
55   39   24
43   58   52
15   1   47
18   29   55
43   4   11
55   10   25
56   37   23
4   42   8
31   1   20
10   63   28
62   20   45
34   33   2
30   31   48
59   27   50
8   26   27
24   43   19
38   4   3
44   51   57
25   20   3
39   61   13
38   32   21
44   49   30
59   2   31
41   7   7
8   39   16
14   58   5
27   53   44
26   35   36
50   4   33
53   40   50
28   1   26
18   62   1
22   55   3
55   1   55
11   31   28
51   13   55
29   19   45
32   3   1
8   3   19
31   31   51
46   52   19
50   27   31
52   43   22
11   22   56
49   58   57
23   3   20
59   20   29
11   48   15
14   61   57
2   56   35
32   28   53
19   36   23
53   41   45
6   16   11
9   28   52
39   63   21
4   6   31
49   36   49
43   17   54
39   59   15
0   2   20
31   37   31
56   22   45
46   12   20
43   57   36
1   3   48
2   23   38
19   27   60
49   11   24
51   6   39
57   50   54
11   31   54
10   19   44
14   28   20
55   48   3
43   37   25
56   51   38
34   47   20
59   56   38
27   54   42
21   55   11
51   7   30
8   52   16
24   0   16
62   32   11
15   9   45
39   43   3
23   19   19
14   46   2
22   42   45
12   27   41
45   31   16
39   52   35
51   62   0
23   43   4
60   54   49
29   58   39
44   41   50
36   42   6
15   54   21
13   49   7
48   20   38
24   13   11
56   21   33
46   24   5
17   62   5
2   15   18
50   62   24
62   35   13
4   7   63
53   53   48
10   56   52
32   37   24
7   17   24
6   33   49
14   13   6
13   18   59
43   19   41
35   0   12
60   36   62
47   22   19
27   54   31
16   27   1
35   13   26
63   43   58
45   60   15
1   18   28
48   57   9
2   31   56
19   52   5
15   10   46
48   7   42
14   2   55
15   47   21
21   13   46
45   39   47
50   51   52
47   34   3
52   35   19
16   22   46
59   24   29
41   3   41
16   36   33
14   21   17
32   11   26
48   14   42
17   33   29
11   30   40
36   32   59
34   34   27
23   50   41
50   6   3
5   0   5
49   13   58
50   50   2
38   23   36
25   14   2
13   27   63
2   27   48
10   29   63
40   7   20
40   19   11
56   4   23
51   1   63
13   26   62
54   57   3
8   60   14
35   15   16
11   45   31
12   28   30
31   25   50
10   45   4
10   26   10
19   39   35
42   50   63
40   52   16
20   41   44
29   18   44
41   5   44
21   21   16
55   34   11
23   52   8
46   30   33
59   12   59
23   58   6
10   46   7
43   30   18
42   52   6
16   25   45
35   33   27
37   0   7
0   14   25
19   53   8
37   12   61
45   8   42
1   24   0
62   55   36
58   12   23
21   36   58
39   8   20
6   12   38
57   0   52
61   19   7
18   34   30
60   53   28
29   51   36
38   43   3
5   6   27
48   23   39
31   11   5
49   29   49
20   7   15
21   9   57
9   33   5
34   5   16
38   49   59
14   7   2
58   40   19
55   63   17
23   47   52
52   35   4
42   3   42
23   18   55
42   55   4
19   31   15
61   51   11
52   60   13
25   32   10
39   55   15
20   46   33
49   9   27
63   6   45
49   37   45
9   8   15
47   29   62
47   37   19
22   60   10
11   8   36
44   47   2
50   48   43
30   30   46
29   46   38
20   54   31
17   13   53
49   33   9
23   42   9
26   49   54
54   62   6
6   38   41
60   56   37
33   31   48
26   57   52
27   40   26
19   48   34
36   38   33
53   45   51
30   55   26
46   5   52
56   22   55
50   31   26
9   36   44
53   16   46
28   17   21
9   3   23
19   26   29
50   7   23
41   27   14
49   29   63
54   2   27
21   28   55
37   39   61
29   18   19
26   63   17
56   16   32
10   25   54
34   43   21
40   11   33
32   40   19
6   52   39
5   28   29
44   48   14
34   60   49
58   38   17
45   34   40
40   2   9
22   61   15
12   12   23
41   22   32
46   15   43
15   28   48
0   60   32
31   47   4
38   1   8
20   0   17
45   23   7
45   20   40
21   22   60
14   33   5
13   50   43
15   46   20
0   30   11
20   48   57
27   40   3
32   49   8
54   53   18
39   63   37
42   27   16
52   39   20
19   54   36
24   60   6
18   41   21
26   21   12
26   17   59
60   2   13
9   56   50
47   24   0
27   32   58
40   11   21
53   23   22
23   62   1
48   25   34
15   59   18
49   12   39
10   12   10
13   21   57
58   31   38
18   5   63
5   52   54
1   43   59
20   45   51
52   36   29
13   17   2
63   42   29
56   18   52
11   10   9
34   45   22
13   2   8
16   1   21
11   16   7
1   38   57
58   45   25
10   3   11
15   55   47
20   12   16
45   5   16
55   53   50
39   46   13
22   29   52
38   25   36
32   59   12
40   19   62
1   4   36
1   49   61
19   2   10
18   63   5
14   12   9
63   43   28
60   33   1
38   47   53
18   47   47
36   55   50
8   15   2
7   12   17
39   2   54
35   41   34
11   14   54
55   63   51
26   12   7
42   35   21
52   36   48
46   19   28
55   23   29
11   10   58
43   2   60
28   42   8
7   30   50
25   61   36
26   44   36
18   55   13
14   50   42
48   53   53
45   61   31
23   54   41
24   14   24
15   45   4
26   50   30
56   23   63
25   43   28
62   33   50
58   55   55
30   25   17
48   17   43
12   43   34
20   14   58
46   18   19
20   11   12
14   21   30
13   59   12
30   56   10
45   24   16
28   11   55
42   32   13
23   59   2
35   21   41
46   38   2
39   60   16
48   6   21
57   41   31
17   19   34
61   0   19
15   29   53
14   32   1
18   15   20
60   43   2
57   43   34
28   50   8
26   42   56
48   58   17
25   40   63
14   3   9
5   44   7
18   37   61
32   31   53
46   36   3
40   27   7
55   32   8
38   57   62
44   30   40
1   50   42
0   31   22
5   13   22
44   1   19
53   32   55
47   50   33
59   57   40
50   4   47
43   23   20
44   56   28
19   4   16
44   1   27
54   13   15
43   23   41
5   5   24
4   55   23
15   12   59
17   7   53
24   14   47
39   45   37
0   10   27
56   1   51
55   45   59
10   14   51
43   57   12
28   56   13
15   0   11
30   34   4
61   4   58
6   17   10
41   60   5
10   13   37
24   57   24
22   1   63
56   41   51
12   21   6
47   22   11
5   20   51
13   59   1
61   11   3
50   14   31
41   39   23
17   46   41
23   56   15
26   50   7
56   39   30
13   63   24
16   32   40
18   1   2
6   50   41
16   30   41
50   49   14
39   17   8
19   3   16
35   47   21
1   39   6
23   39   37
18   38   46
22   40   49
21   60   25
59   61   7
23   1   0
23   9   59
19   33   19
20   60   5
61   56   31
46   26   40
13   5   59
33   51   36
18   31   44
26   0   62
59   48   33
19   43   29
42   13   49
55   58   31
60   12   26
18   62   12
9   22   23
29   47   36
8   28   61
60   34   54
34   46   29
39   43   36
38   48   15
45   56   55
42   33   19
32   57   10
55   55   32
33   1   10
50   58   53
12   53   40
2   55   40
32   56   12
45   0   21
55   63   32
52   1   12
14   57   5
56   3   30
35   12   18
38   44   7
8   16   28
58   48   51
36   61   60
50   9   23
49   0   21
19   26   7
7   37   39
47   35   63
17   3   10
46   6   45
56   58   9
4   27   46
27   55   43
45   56   3
47   35   21
26   16   8
37   55   0
39   19   35
43   60   53
51   43   21
13   37   22
22   0   8
23   35   0
38   45   14
43   20   24
16   55   49
41   12   20
58   16   19
24   15   12
57   42   23
20   2   19
14   38   52
41   53   33
7   24   3
40   63   11
3   5   45
55   44   55
21   53   26
43   6   32
25   53   1
30   35   45
43   1   2
0   34   8
43   61   14
25   42   30
46   47   46
52   62   42
37   28   17
14   33   42
46   48   4
48   5   50
32   48   50
33   38   49
44   56   60
6   17   45
33   27   50
24   2   62
49   59   23
39   11   22
21   12   57
59   58   29
21   13   57
50   16   22
52   33   42
46   14   28
27   39   9
63   27   21
13   22   53
31   0   13
48   55   28
3   8   42
28   54   44
20   38   31
30   9   25
14   33   18
6   18   31
37   11   47
39   3   52
42   61   38
49   60   18
24   22   21
3   28   34
54   45   4
59   34   21
11   7   57
23   61   15
23   28   31
5   32   52
58   36   19
43   4   31
10   8   32
58   3   27
53   0   35
20   63   5
16   28   40
54   36   54
53   10   2
51   42   26
17   44   39
11   27   52
55   37   8
43   3   13
45   39   16
30   19   36
14   16   14
47   39   30
57   15   11
2   3   52
22   41   23
27   25   19
57   54   14
13   52   1
51   63   63
26   24   7
1   20   23
15   61   1
10   33   63
55   40   3
40   38   26
42   56   18
48   33   30
1   24   52
21   50   42
61   55   30
15   15   58
55   20   54
17   39   44
44   43   48
8   4   2
56   7   31
25   26   18
11   63   0
5   38   43
39   61   1
16   47   47
26   51   9
30   52   13
11   16   56
47   38   25
19   50   61
63   30   48
31   33   51
29   7   19
10   28   62
26   60   55
43   19   51
13   34   19
46   55   18
36   57   1
10   16   8
59   48   56
54   60   29
24   48   29
36   41   16
42   45   22
3   61   8
43   53   14
13   6   9
35   8   2
47   16   11
5   4   19
23   10   57
28   1   37
41   56   6
10   5   7
6   50   19
8   35   30
43   25   21
3   17   14
38   17   63
27   56   12
59   41   47
13   63   7
49   16   51
56   43   52
25   5   44
32   3   28
5   61   28
37   56   0
58   50   54
56   43   27
31   34   62
6   19   25
35   45   3
30   46   63
63   24   22
0   13   27
23   17   54
57   60   4
47   34   28
62   42   1
52   37   39
38   26   21
41   49   35
49   17   19
30   14   28
8   36   8
50   17   62
13   14   11
40   12   13
47   3   18
18   57   11
19   21   26
58   42   31
51   5   30
44   37   17
48   56   11
13   5   51
53   46   52
44   30   31
10   17   25
10   7   8
6   35   50
8   37   56
46   60   18
5   5   16
30   0   58
38   17   34
21   31   57
26   40   35
49   55   27
24   12   26
21   22   16
50   54   40
34   58   49
33   28   31
35   18   34
27   26   33
26   49   45
0   8   61
4   41   18
16   44   24
41   54   12
58   50   20
7   59   62
47   15   28
11   62   38
27   59   28
22   27   1
43   17   0
13   28   0
37   10   60
48   34   28
54   59   7
23   5   24
11   51   23
28   23   28
54   7   35
38   35   5
42   3   59
8   38   58
46   10   55
58   62   36
3   31   55
51   18   25
24   4   15
57   57   14
24   6   34
35   19   43
7   51   63
61   28   0
2   4   15
14   44   19
55   33   3
15   52   28
10   44   7
35   46   24
23   59   14
39   40   25
13   3   6
18   59   1
14   52   37
46   2   26
54   55   28
0   12   21
44   40   55
37   38   27
1   2   25
50   45   1
45   48   35
15   57   31
45   18   40
1   35   20
18   6   10
50   16   35
16   30   8
61   21   37
17   58   26
55   11   9
27   23   22
27   56   3
18   43   46
24   42   22
31   24   46
3   55   25
39   42   19
46   30   24
26   59   4
47   58   0
45   55   50
7   6   5
12   8   51
27   15   18
41   13   15
39   9   4
45   38   47
52   3   52
18   8   37
43   32   36
59   28   25
30   43   62
15   11   34
44   52   13
4   57   38
0   23   50
38   33   59
30   11   23
27   29   7
17   37   36
27   47   29
60   37   0
38   9   0
26   51   59
9   43   20
19   31   47
7   7   57
16   9   37
38   40   8
16   56   53
44   44   34
9   61   53
7   31   54
42   61   17
50   21   32
45   1   10
25   0   1
11   29   36
28   0   50
34   8   47
1   27   2
53   33   44
11   33   23
10   1   12
1   40   4
49   32   52
55   4   20
54   35   8
28   52   13
10   59   16
57   2   50
57   47   56
57   55   30
7   44   39
16   32   31
8   36   35
49   52   47
57   53   49
47   39   22
24   1   23
14   45   42
33   22   27
42   2   52
40   40   20
60   60   10
7   54   62
22   27   57
37   37   3
45   57   8
61   63   54
24   37   18
34   37   47
31   1   6
24   42   4
22   47   23
55   40   57
1   60   36
15   11   47
32   53   13
21   58   5
51   46   49
20   32   11
23   43   15
35   32   62
24   2   49
13   53   0
26   18   43
15   37   35
30   31   56
49   63   0
18   50   43
42   61   25
18   61   7
26   58   45
19   42   7
0   8   31
16   51   1
62   39   13
63   37   44
40   17   48
56   50   23
43   25   41
55   24   37
40   14   21
45   9   17
53   19   48
22   52   5
9   52   40
27   5   26
57   53   62
59   21   32
2   57   25
31   5   11
14   55   57
27   44   7
38   59   52
51   6   49
11   13   36
10   62   31
55   0   31
49   53   17
23   59   23
41   7   17
41   6   41
45   60   24
50   34   27
10   25   62
8   19   24
56   24   31
12   8   36
45   35   10
44   53   17
12   34   35
27   56   31
61   26   20
28   39   24
22   23   54
15   50   18
3   18   13
22   39   13
49   48   57
58   44   31
27   53   3
28   10   33
20   36   28
1   62   48
11   36   51
21   26   14
27   15   29
39   24   18
63   28   11
13   45   7
35   62   9
4   19   48
39   13   15
14   60   27
1   7   40
32   62   20
27   3   22
42   12   12
37   52   10
13   45   40
11   9   27
35   51   27
15   6   42
38   3   51
45   6   11
23   30   61
8   0   23
10   25   6
25   31   18
61   7   9
29   17   14
17   53   59
27   33   45
46   39   58
5   31   29
15   42   10
14   50   20
42   16   39
41   11   13
63   42   62
46   56   16
45   41   60
7   18   14
48   53   29
49   62   54
28   37   32
31   45   2
7   18   23
24   16   27
6   30   56
32   33   45
15   35   50
5   45   41
17   61   0
10   43   3
39   59   52
10   58   54
59   22   33
21   1   2
11   49   6
19   32   2
44   29   45
24   3   24
13   41   10
16   34   52
20   41   32
51   51   35
10   56   60
46   17   0
56   25   29
2   53   14
15   44   41
44   31   17
55   18   28
43   9   61
17   2   32
45   7   3
54   5   33
14   8   4
63   34   6
13   57   2
2   53   46
13   62   56
20   15   25
43   10   14
42   28   6
56   22   20
3   17   5
3   23   55
10   10   21
44   14   31
62   16   49
58   8   1
6   55   35
23   7   54
59   23   26
22   31   58
51   20   26
5   59   35
21   11   17
43   10   57
55   60   53
26   8   7
42   12   30
47   0   32
23   44   22
7   15   44
40   58   8
22   20   45
16   25   32
10   28   8
38   55   56
15   4   51
24   37   48
23   0   58
28   53   48
15   22   60
41   12   10
14   27   12
20   6   15
42   37   19
44   0   26
12   36   33
30   30   3
43   3   39
57   5   32
19   61   16
21   30   14
22   40   6
54   59   31
13   3   62
45   51   20
38   35   22
49   37   12
16   40   9
46   6   24
12   44   29
6   13   51
11   15   55
61   49   16
17   43   52
30   29   5
30   12   23
19   41   20
56   50   56
6   15   25
53   22   26
21   8   59
21   30   59
35   1   22
44   50   34
35   11   54
7   31   5
42   6   48
34   57   10
55   7   53
45   52   4
16   44   46
32   50   18
56   32   5
27   29   33
8   55   24
10   55   48
18   7   60
6   57   25
17   56   18
17   12   54
14   44   39
62   57   39
61   60   23
7   13   56
19   29   2
18   36   56
12   42   11
38   48   62
27   13   4
13   25   54
25   46   44
7   33   52
38   36   59
44   28   21
7   15   18
16   48   3
40   23   10
39   47   5
50   11   4
17   33   18
38   1   61
38   22   27
22   50   1
10   27   56
45   44   36
47   51   53
5   58   10
12   10   31
14   40   45
49   47   56
22   30   12
2   33   57
43   34   40
2   56   45
50   20   1
62   20   9
28   14   26
6   58   41
40   22   13
38   51   59
8   28   25
61   51   35
46   46   14
8   42   8
33   5   59
16   4   11
16   29   48
32   62   12
14   44   60
24   39   49
11   11   31
8   32   49
21   53   7
23   37   58
14   56   27
54   49   6
17   2   12
49   14   49
30   59   23
43   29   43
6   14   23
3   8   10
8   51   16
1   46   52
30   59   8
21   34   63
28   62   21
35   45   17
47   57   51
50   46   50
60   13   13
45   62   19
23   15   27
28   13   36
46   21   40
50   10   38
11   27   23
42   16   7
4   38   21
40   15   21
27   58   33
56   3   49
55   37   57
46   31   28
39   55   1
59   45   63
22   49   9
25   49   37
37   39   14
60   57   9
23   41   12
48   51   32
5   57   11
44   53   60
12   15   36
53   49   2
59   13   6
49   27   1
43   16   56
53   59   44
38   61   51
42   4   50
24   17   18
35   16   56
59   57   23
17   38   31
21   29   15
7   36   63
36   58   63
29   17   22
37   36   4
16   2   27
25   63   1
7   57   63
25   15   58
52   0   40
53   19   26
24   3   33
41   43   32
17   50   43
37   30   60
22   57   26
51   24   56
58   2   33
2   25   43
10   50   35
7   18   52
13   39   3
13   48   40
49   28   5
8   20   60
63   8   47
35   31   62
14   43   58
61   59   53
55   9   25
6   12   26
23   60   21
32   25   34
50   32   28
37   26   18
53   5   21
43   55   50
11   32   53
43   16   24
46   52   54
19   17   31
4   2   27
43   0   57
37   61   55
28   25   27
48   58   33
51   42   36
22   32   59
60   61   24
41   46   56
27   35   58
15   61   29
32   30   3
1   36   58
46   51   41
0   16   25
53   36   7
48   16   24
38   30   60
37   62   60
41   42   22
4   3   22
11   62   59
53   11   17
39   55   50
30   17   24
50   21   23
38   14   1
38   28   6
63   57   30
6   10   13
34   57   19
14   37   19
22   53   24
14   26   8
40   14   50
14   56   57
23   46   62
59   54   37
51   2   19
28   5   38
10   13   23
17   62   30
8   44   39
61   8   5
47   63   12
48   28   25
13   55   8
13   49   39
56   60   11
25   11   36
29   44   42
9   43   11
62   60   36
30   27   31
17   6   11
32   27   54
37   9   63
55   31   58
43   11   17
21   29   50
14   22   19
23   32   5
47   36   63
1   60   62
35   15   51
56   32   25
44   17   46
20   3   29
58   28   14
47   41   36
29   43   16
17   52   14
51   63   36
23   57   46
6   23   5
5   17   49
33   0   62
15   14   60
19   10   15
17   38   52
34   48   17
30   51   29
59   47   0
41   21   40
18   44   45
44   27   35
63   57   45
48   0   21
57   48   3
23   15   57
55   17   26
8   8   17
25   28   7
41   4   21
46   38   29
31   35   53
19   13   28
20   40   31
57   52   48
25   1   49
24   31   31
46   32   14
7   20   1
40   10   50
35   6   7
45   25   17
35   14   55
50   60   62
14   48   41
50   58   21
49   17   62
59   41   1
26   30   6
10   31   59
38   29   6
53   24   23
46   13   19
48   62   20
38   19   40
17   42   28
4   18   46
2   13   34
51   6   57
21   34   51
61   13   3
24   41   14
34   6   16
39   41   2
45   17   38
43   11   44
15   20   60
31   6   20
0   27   14
10   19   7
14   55   13
28   9   57
3   11   20
11   1   18
32   30   45
45   2   23
49   46   46
12   52   29
51   59   18
41   0   6
34   6   46
51   8   43
8   26   13
50   47   14
39   15   12
11   63   21
43   3   5
51   55   1
18   55   27
51   50   4
32   20   27
2   19   37
42   17   24
1   25   57
46   51   56
63   31   21
37   55   20
61   0   47
3   1   10
20   45   34
37   35   1
47   53   19
15   53   17
37   60   58
58   14   16
55   11   49
34   55   9
46   59   16
63   5   45
33   17   28
5   59   12
12   1   19
14   39   40
30   24   19
5   0   14
49   22   49
55   39   8
50   23   2
13   5   11
49   35   10
44   21   15
10   49   30
55   13   57
55   7   45
25   17   26
0   7   32
42   15   21
61   24   6
48   45   48
20   49   34
14   16   22
42   8   10
31   43   22
46   16   36
24   21   21
54   52   32
17   59   24
18   62   35
36   44   12
22   5   14
14   59   9
48   13   29
51   3   18
41   26   20
58   4   22
2   29   61
6   44   33
8   38   3
39   35   0
47   61   14
19   48   5
6   45   40
23   44   54
26   1   11
11   59   5
4   2   6
50   7   44
58   9   1
32   6   13
60   59   8
15   39   6
19   49   37
21   24   57
50   22   30
54   54   5
42   18   52
41   14   12
51   55   13
16   58   56
54   32   34
38   50   53
63   41   58
5   20   34
25   55   9
18   5   29
46   29   4
34   22   30
53   45   28
3   58   15
38   9   54
62   53   40
46   56   59
18   47   0
22   26   7
54   56   29
21   16   17
5   63   32
13   33   45
12   63   17
19   48   45
62   15   46
19   63   14
9   38   43
16   50   6
7   30   58
8   31   32
38   3   1
60   34   63
21   10   56
19   38   42
31   62   19
18   7   8
13   1   51
42   14   23
39   3   16
20   52   36
58   63   44
46   36   28
0   17   33
23   21   15
62   58   37
38   60   11
49   41   47
40   13   26
12   58   39
32   21   27
35   49   25
59   51   32
40   12   60
26   2   20
44   48   30
5   51   22
43   60   14
57   37   3
16   41   49
10   15   41
8   7   20
56   47   51
6   54   38
47   26   32
3   12   18
17   31   42
47   60   52
10   47   43
53   63   43
8   57   26
44   29   13
21   21   1
5   7   6
23   35   30
40   0   22
40   60   8
55   27   4
61   5   53
26   13   57
45   7   52
42   59   13
13   47   40
37   56   14
13   4   6
27   1   39
57   63   53
8   5   44
16   27   48
0   2   30
59   34   54
49   1   55
6   52   25
19   21   54
39   14   43
56   40   22
32   63   6
46   16   44
24   63   58
47   52   25
38   37   22
31   32   51
9   42   46
35   14   33
42   51   17
25   14   58
49   37   24
59   1   32
42   0   42
14   39   16
27   26   17
7   12   40
23   3   55
14   38   14
58   51   15
16   20   4
37   29   9
55   46   49
17   45   35
14   37   41
15   63   50
35   55   51
8   24   53
12   28   14
44   30   14
34   32   45
51   49   15
62   47   38
31   30   59
44   19   39
43   13   14
11   15   25
59   37   63
26   61   1
51   41   20
0   5   32
41   45   33
3   11   34
57   3   29
51   20   51
48   22   28
44   13   56
54   44   6
5   49   11
44   22   21
13   62   11
15   43   4
32   19   14
23   8   49
14   54   3
36   53   3
37   5   7
61   25   3
28   9   27
47   12   28
46   48   46
39   20   32
6   16   22
31   31   60
25   44   31
62   21   38
57   27   50
20   33   17
35   3   3
51   8   51
8   2   7
17   36   38
43   20   16
50   58   12
25   42   38
26   39   22
0   33   21
61   57   41
14   48   63
58   45   55
53   31   44
36   39   12
28   15   17
49   19   48
55   5   23
10   57   3
40   15   63
28   53   24
23   52   57
42   0   24
45   52   13
15   43   36
35   11   26
27   9   30
61   28   19
20   59   21
1   54   41
57   61   11
55   5   63
48   32   24
13   56   63
59   47   49
9   55   50
9   9   28
18   57   33
1   7   26
38   8   59
26   55   11
5   8   47
25   11   27
15   36   39
27   45   27
18   39   43
38   46   13
21   50   57
39   30   62
23   32   56
5   55   43
11   44   34
16   46   2
17   58   61
40   16   56
38   19   0
23   16   22
8   55   4
60   40   48
6   36   50
24   44   51
58   11   18
42   24   5
47   42   60
24   1   47
46   61   21
12   33   21
49   52   19
25   7   46
50   17   42
23   9   48
12   50   1
20   31   13
1   28   18
52   37   22
24   50   18
11   60   13
44   26   29
30   44   40
51   32   58
63   56   55
12   49   11
47   54   28
4   10   40
27   61   55
35   3   18
57   53   17
19   30   2
15   47   38
16   1   1
6   22   49
18   51   3
31   53   18
8   32   34
32   30   54
13   11   3
5   2   13
17   34   26
11   42   13
34   9   19
15   56   46
40   17   33
44   46   54
22   34   62
40   53   32
22   55   28
53   8   15
40   10   58
5   10   22
42   59   45
5   53   15
35   37   27
27   6   24
24   39   38
16   33   26
44   22   42
55   36   2
59   0   28
27   19   52
61   14   6
40   14   29
28   60   43
13   55   63
24   44   26
26   26   4
19   28   12
29   29   63
22   25   60
39   39   3
15   12   35
1   51   47
57   45   26
48   62   35
15   33   15
3   63   23
33   61   27
41   62   8
16   16   0
12   16   56
52   40   16
19   48   60
63   24   1
26   46   20
38   15   61
39   14   21
12   16   31
39   63   59
0   6   24
24   62   22
4   35   18
45   35   60
43   0   4
58   32   38
17   41   29
54   24   33
21   41   2
15   41   14
33   63   8
45   14   31
1   44   60
41   0   28
28   46   27
23   42   37
42   42   18
45   5   8
42   8   47
8   55   16
36   52   27
39   49   7
15   13   59
30   57   6
21   30   4
23   12   55
16   54   53
21   25   39
37   46   7
5   56   10
46   25   50
42   13   10
55   12   51
32   56   1
55   3   24
33   3   21
13   53   18
63   40   54
56   32   17
21   51   53
4   37   3
8   47   19
33   4   13
16   31   43
23   45   62
44   12   45
20   62   5
27   47   3
53   15   54
53   60   30
26   51   44
46   38   16
1   5   42
35   31   41
13   1   7
53   35   5
49   15   22
32   16   15
5   24   49
11   52   36
41   10   11
16   48   48
5   61   9
43   18   42
59   31   20
22   17   45
8   43   10
0   37   6
49   53   28
1   1   30
2   3   24
9   35   46
44   35   36
46   16   24
37   30   4
53   2   32
59   14   58
53   31   54
26   28   4
1   23   1
14   43   41
23   52   41
24   57   3
24   27   29
38   56   26
23   0   19
58   30   23
59   30   19
38   23   26
55   28   56
15   36   28
3   20   8
1   62   34
9   8   30
45   63   5
43   30   10
9   34   5
37   32   22
58   5   32
40   37   22
38   4   55
7   50   1
21   21   57
15   57   45
57   3   18
14   9   48
4   28   47
6   43   39
28   46   13
14   46   44
41   59   7
51   58   24
40   9   59
26   4   16
10   14   23
51   3   38
13   57   25
32   17   13
56   60   52
15   51   10
6   56   40
0   18   25
41   3   12
46   13   60
10   15   17
3   21   31
50   15   41
5   57   32
27   20   61
34   21   30
32   5   13
22   0   62
24   18   21
3   56   61
3   59   10
38   11   41
57   45   0
32   3   14
46   52   62
5   37   51
28   44   8
14   1   5
32   12   16
42   9   34
43   50   32
5   25   53
56   42   28
61   61   9
13   0   63
19   14   28
29   15   30
61   53   39
42   11   9
18   42   59
46   54   41
5   7   17
55   23   57
25   47   44
24   57   33
42   30   12
53   9   16
53   54   39
25   51   33
19   57   35
42   63   2
23   41   34
17   40   4
35   48   20
55   39   63
11   23   43
52   4   51
46   24   45
7   8   57
44   54   36
46   40   55
7   10   25
29   34   2
5   48   7
52   31   28
3   60   58
21   28   17
47   38   2
3   17   33
7   11   57
7   5   43
20   54   60
32   6   22
13   0   12
40   62   10
26   63   54
29   31   58
44   26   38
11   8   58
58   35   24
26   60   1
24   26   27
5   46   7
5   15   14
63   28   24
58   58   36
15   52   16
30   24   27
52   33   24
13   63   50
55   35   11
55   43   6
14   57   60
28   63   53
25   47   32
48   12   42
39   44   2
12   47   50
37   61   3
41   15   6
44   17   28
23   33   59
22   41   9
19   7   16
9   45   15
25   10   34
43   51   33
25   43   36
40   32   17
21   33   63
20   49   23
30   39   37
16   43   51
28   50   0
24   8   33
19   50   40
38   56   56
59   7   7
21   12   5
47   32   35
2   44   37
52   57   56
21   10   20
23   30   8
29   37   21
14   4   52
25   61   5
42   15   43
60   14   55
54   10   36
42   26   5
35   18   43
48   32   11
53   49   53
13   56   55
33   26   34
57   51   22
41   20   56
44   47   26
7   32   63
4   56   40
53   14   21
48   2   25
26   57   44
45   8   8
14   56   19
7   23   55
12   10   23
26   54   58
23   54   18
63   43   2
7   15   27
46   40   18
61   20   36
37   54   8
9   22   41
35   61   7
60   58   42
12   3   18
34   0   49
14   34   21
43   14   46
14   61   3
61   58   8
43   19   23
6   59   6
48   4   21
12   56   46
44   21   43
49   57   20
25   44   41
12   14   25
1   55   62
22   42   22
25   3   51
42   4   38
27   51   26
4   33   50
17   60   7
22   26   59
20   6   26
30   53   5
36   46   10
1   63   25
40   26   32
27   31   58
6   29   15
1   18   13
25   25   10
9   10   59
50   38   26
40   5   46
45   59   25
49   7   57
18   59   11
21   45   49
42   17   34
57   49   32
29   8   13
19   25   28
12   41   19
46   41   61
8   2   28
19   37   35
60   3   5
23   62   21
53   45   59
1   26   20
20   44   28
3   10   20
42   62   37
16   62   4
21   57   26
61   16   8
33   61   14
34   30   62
22   31   49
46   19   11
44   51   38
11   56   13
10   32   1
58   5   21
36   35   63
50   52   47
61   55   53
29   52   43
47   24   39
55   17   51
10   60   35
3   32   58
38   47   8
26   14   58
5   18   16
56   0   24
5   28   2
44   49   61
26   52   42
10   53   40
37   7   4
45   32   39
63   26   11
7   27   56
7   38   60
59   4   32
4   40   18
26   23   5
2   18   9
15   33   51
29   50   50
7   55   62
14   34   30
43   17   15
60   29   5
61   56   41
12   12   46
11   32   30
44   50   59
44   36   53
63   33   24
8   54   26
40   29   8
16   57   52
13   48   57
15   10   55
45   47   19
42   40   18
54   0   29
17   38   43
39   3   40
16   23   31
11   41   20
29   11   32
9   19   14
17   61   20
54   57   30
54   62   42
11   56   39
14   19   5
35   23   44
20   49   54
44   39   36
16   43   26
34   52   31
21   33   21
11   42   4
45   9   54
0   36   21
62   43   3
20   16   16
51   40   35
20   57   13
40   2   24
61   2   53
39   0   56
2   57   42
14   4   9
17   44   48
41   2   25
27   51   54
45   49   63
54   17   36
28   4   1
25   17   62
8   28   13
55   25   39
15   50   7
20   16   60
39   51   35
24   23   21
48   12   23
13   50   21
25   40   47
12   54   6
27   35   7
53   13   26
13   33   20
52   38   38
38   2   3
1   26   1
3   57   9
49   56   13
11   60   60
6   15   13
46   51   20
15   62   30
49   45   58
37   43   41
14   32   33
62   29   10
21   18   4
15   13   49
52   57   14
49   26   50
46   42   16
2   16   27
32   15   20
48   18   22
24   8   7
29   35   35
25   16   62
39   9   55
27   17   22
57   55   5
44   42   54
2   23   57
8   56   63
39   4   9
19   18   15
24   55   63
23   48   22
59   32   55
15   44   19
27   2   40
56   2   50
10   12   35
39   41   32
29   32   54
11   25   50
44   45   37
24   37   60
14   5   3
13   44   4
45   49   18
33   62   25
37   30   39
21   47   51
10   57   58
49   34   47
5   29   29
51   31   52
30   2   58
41   30   18
59   29   26
19   44   60
47   30   32
5   11   39
10   31   19
61   23   20
45   22   20
20   42   27
51   57   38
34   31   35
56   51   14
11   28   54
5   33   51
11   7   36
63   30   8
43   21   58
4   36   20
25   57   60
20   21   22
37   40   27
8   27   28
49   17   51
39   15   25
40   32   50
53   30   25
22   37   57
5   41   44
21   24   4
34   4   17
44   24   16
11   14   8
15   53   3
19   21   63
42   2   23
52   35   48
55   47   13
14   31   13
41   15   33
39   32   14
28   18   19
23   54   7
23   41   3
45   60   32
23   10   29
44   57   27
17   5   53
12   6   27
53   27   17
20   42   37
28   41   20
40   23   33
46   23   4
18   49   62
26   56   10
51   18   52
6   53   23
45   50   2
21   38   56
2   10   13
26   48   35
1   17   43
4   38   13
50   61   14
5   3   28
15   50   44
2   48   48
5   54   9
60   55   38
38   22   35
36   14   55
21   51   45
46   23   44
10   47   51
30   58   25
19   24   15
39   16   10
45   6   24
17   0   22
25   10   26
16   49   2
9   62   55
12   26   28
23   8   29
49   29   38
23   42   55
32   24   49
14   25   5
1   0   47
42   10   59
38   16   62
59   42   1
48   52   22
7   10   56
6   60   35
7   19   58
16   37   41
13   61   0
7   21   19
59   49   60
17   48   47
16   33   48
30   37   61
27   59   39
9   9   19
44   40   11
54   57   19
15   46   8
51   2   30
24   54   10
51   12   31
11   17   24
54   31   34
38   38   15
14   15   19
26   47   8
19   33   60
61   10   59
20   16   24
58   44   10
38   20   32
50   3   16
63   44   6
21   59   5
37   1   59
42   61   60
44   25   24
12   59   25
47   29   32
11   38   14
37   25   20
30   26   63
19   62   14
19   22   27
8   39   58
43   4   41
5   9   22
23   3   0
62   3   19
43   28   20
47   40   23
29   19   35
0   4   30
61   2   42
25   41   40
27   41   30
27   28   6
63   44   20
58   45   13
57   23   34
31   25   31
37   27   7
19   50   6
51   25   58
25   53   29
3   20   60
8   8   6
46   47   3
36   42   39
48   11   23
47   35   40
14   9   4
35   50   52
15   34   22
12   32   49
46   7   38
40   27   32
46   30   7
63   10   21
43   0   15
20   10   19
34   23   20
14   56   44
11   3   0
54   21   34
4   53   38
15   56   59
55   52   25
24   25   30
38   42   14
42   11   19
5   19   33
7   26   9
33   14   28
21   17   45
12   36   6
47   42   25
51   32   16
7   15   35
45   33   61
50   11   22
54   56   10
11   39   15
30   38   59
57   50   63
39   42   61
13   26   30
9   33   49
41   6   9
8   45   15
35   55   14
57   2   20
50   47   60
10   41   6
25   46   32
20   20   19
32   2   33
8   7   37
32   2   11
56   59   14
46   32   32
20   11   30
58   47   18
50   46   15
39   0   18
22   39   21
44   11   53
36   48   14
19   41   7
50   43   30
36   23   49
46   32   41
33   2   61
41   38   22
1   20   62
40   15   35
57   44   21
36   43   40
59   44   4
30   33   62
20   30   12
14   9   16
1   54   61
47   7   20
57   50   21
45   27   45
46   30   42
7   20   55
55   55   16
52   26   48
25   27   7
15   47   12
46   22   12
15   21   29
48   34   7
59   25   29
50   15   23
10   16   50
44   40   19
17   35   61
4   52   40
7   36   55
47   14   12
20   56   10
19   18   43
52   62   55
53   62   39
0   26   14
47   10   22
51   14   31
37   0   58
50   22   38
36   39   57
37   37   26
8   56   42
35   56   15
45   28   0
57   56   19
21   50   1
11   48   37
5   25   32
63   34   48
25   52   41
18   6   38
8   34   36
31   10   8
19   1   9
35   40   27
61   3   13
38   42   63
42   62   0
24   29   52
23   12   28
16   29   2
15   38   14
46   19   45
24   15   21
35   42   21
18   32   57
11   43   14
47   35   7
47   61   32
57   2   33
0   55   26
27   14   24
13   60   26
39   54   19
1   34   52
15   51   0
29   16   32
53   53   8
39   14   5
0   20   10
61   2   15
44   18   37
10   30   14
27   25   62
37   19   53
46   5   38
31   21   48
45   54   6
15   45   38
46   26   21
44   54   28
37   18   53
55   19   52
8   12   18
51   58   1
6   17   24
1   15   28
5   62   32
29   40   20
32   26   29
14   49   61
42   17   12
43   33   44
13   48   48
24   19   22
55   16   55
19   19   63
37   51   16
28   47   29
43   27   19
26   58   0
36   52   10
9   4   30
27   13   22
36   45   13
21   41   47
28   51   9
23   53   27
11   41   9
27   58   1
37   6   49
34   49   27
43   23   12
30   45   59
47   12   15
44   28   30
8   46   17
42   23   24
2   17   19
38   15   41
22   37   21
19   22   39
59   63   45
40   20   32
11   9   40
15   56   26
27   37   58
26   46   37
17   42   3
14   47   40
47   9   20
14   8   50
27   17   14
8   32   5
50   5   31
18   43   54
49   19   62
39   53   4
18   28   24
29   38   18
39   13   43
7   37   55
4   19   36
5   63   10
43   52   33
27   36   57
5   27   13
7   39   40
46   22   26
12   50   30
53   35   49
20   63   22
13   7   10
17   33   3
11   43   6
7   38   45
51   52   3
35   5   12
13   58   0
50   53   19
25   56   60
43   6   0
43   1   33
36   54   2
39   44   12
25   8   24
34   52   12
63   4   41
25   35   56
55   13   29
39   45   15
24   59   3
2   5   51
30   48   61
38   7   5
53   10   49
45   9   32
22   39   43
30   42   58
58   47   10
43   40   22
5   14   19
38   46   61
41   14   21
57   7   46
7   9   25
8   60   22
3   30   18
60   50   35
57   0   27
35   43   21
61   12   8
45   42   14
3   16   5
21   37   48
60   53   41
36   54   10
57   14   12
8   61   9
36   55   25
32   34   49
54   58   2
22   30   0
37   55   12
8   54   63
47   3   45
41   8   4
26   15   31
10   12   45
42   31   5
42   17   1
9   31   55
13   46   3
33   35   50
63   34   23
5   30   60
57   19   5
47   33   63
53   39   46
1   57   0
8   61   23
21   25   1
11   61   62
30   43   38
56   58   20
14   5   58
57   59   4
5   51   46
5   1   13
24   36   63
51   1   15
56   63   52
3   61   23
50   45   50
58   15   14
8   22   57
55   59   37
47   28   0
5   4   11
44   21   26
55   18   40
6   27   52
36   20   54
3   10   40
47   6   21
15   0   48
59   6   32
1   14   24
42   58   61
16   36   25
43   40   55
53   34   41
44   9   51
37   4   58
54   49   14
28   6   40
53   27   45
20   31   46
24   35   20
18   7   29
44   51   17
17   43   43
62   49   2
38   59   28
24   5   35
56   38   51
37   11   2
27   22   19
25   15   36
5   3   19
34   61   19
0   38   7
32   63   33
55   5   52
33   58   7
13   47   21
48   29   34
30   49   8
55   60   16
23   26   18
61   63   11
37   58   63
11   55   62
24   35   48
47   17   21
16   26   0
0   46   19
50   51   16
55   41   2
1   19   30
51   22   25
60   10   29
8   40   18
33   62   15
17   47   47
56   27   61
55   30   3
23   31   17
43   22   24
29   17   31
23   60   5
26   25   8
49   31   18
7   32   47
37   23   58
16   17   8
55   12   31
26   55   3
11   26   50
8   7   10
11   35   50
15   37   43
44   23   15
30   61   24
13   6   63
33   13   27
61   7   0
19   22   62
12   46   11
4   12   39
60   4   19
0   26   24
38   39   13
18   44   55
16   45   28
8   19   34
61   58   45
8   4   10
1   25   3
11   58   3
7   45   40
15   39   39
10   0   13
55   49   34
20   50   32
16   54   3
11   53   14
53   17   25
60   15   17
30   8   2
15   17   28
35   13   57
56   1   33
57   47   1
23   5   0
55   52   49
45   7   22
28   1   63
39   7   54
26   41   31
24   37   33
42   1   63
31   60   28
41   9   20
13   55   20
27   25   31
54   13   24
12   49   46
55   0   40
56   52   40
10   27   4
8   15   36
30   0   19
17   22   32
0   12   29
21   35   51
17   40   40
8   41   3
30   41   36
7   11   36
11   45   40
19   40   4
14   0   9
22   44   7
23   29   2
13   50   33
61   3   53
48   10   20
10   22   2
3   28   17
13   50   3
20   40   39
51   16   31
52   38   19
10   11   12
29   35   60
28   57   14
58   9   21
16   42   29
1   57   42
39   3   63
24   32   30
39   37   22
21   30   48
57   28   61
25   14   22
19   16   16
41   52   16
28   0   34
49   38   28
20   48   15
8   54   15
10   2   41
34   26   62
17   59   5
20   13   27
50   43   63
53   15   15
42   19   37
47   27   63
56   0   32
42   60   61
54   53   0
25   59   5
48   60   31
16   5   10
39   50   3
28   12   30
8   36   52
2   9   11
44   52   51
14   44   27
18   56   30
0   29   11
43   12   58
41   26   36
23   3   47
17   37   63
34   22   21
37   42   39
63   29   23
59   11   9
3   30   30
42   22   0
25   17   37
46   25   0
8   10   20
10   30   52
43   6   22
13   57   54
61   62   57
45   53   14
45   7   39
42   60   17
49   2   2
9   23   21
58   34   17
50   24   22
6   11   46
39   26   18
6   24   51
32   52   12
27   42   6
8   34   1
46   53   16
60   17   30
47   11   60
12   33   5
10   33   7
59   42   49
6   33   10
57   62   52
4   31   48
38   52   28
39   57   14
36   43   16
40   1   26
30   1   8
47   47   50
55   22   24
15   20   51
45   12   41
46   39   15
49   38   46
9   56   41
12   22   6
15   0   61
63   29   10
54   3   20
41   7   43
45   58   14
20   60   21
59   53   31
24   56   31
50   50   50
21   60   5
62   49   37
12   8   23
0   17   43
5   19   11
61   50   24
20   13   13
11   0   22
17   7   12
3   7   46
29   49   45
11   52   13
18   48   13
37   32   5
19   46   42
10   39   55
12   27   16
20   63   58
26   53   41
33   7   18
8   35   39
35   47   29
23   11   18
10   17   7
60   50   53
53   3   28
45   54   51
22   35   43
39   58   4
60   62   10
44   10   50
56   19   62
22   7   13
6   30   14
24   42   49
51   9   29
2   21   47
16   63   3
1   3   31
32   37   46
4   40   5
35   26   40
10   4   11
15   25   50
28   4   37
36   59   2
43   56   51
41   21   56
55   54   52
8   43   38
28   59   14
33   45   12
22   38   51
63   59   53
24   31   20
55   34   58
63   35   3
45   3   8
39   20   12
62   38   13
58   46   51
35   52   50
51   17   29
13   33   32
30   47   5
25   37   50
33   11   59
30   38   47
39   48   30
27   43   28
29   22   21
20   55   7
54   61   29
25   19   36
32   1   32
41   53   17
23   63   56
3   32   35
38   58   60
11   5   41
7   43   42
7   59   30
7   35   39
37   3   58
57   33   6
2   22   48
23   27   27
18   50   63
16   4   26
6   12   9
21   43   44
40   44   41
16   60   3
29   34   55
38   56   0
28   4   50
20   1   14
55   40   23
19   22   9
7   7   5
11   57   9
27   40   59
21   49   16
17   37   54
53   30   44
7   25   5
10   2   2
33   34   50
56   53   15
43   6   13
35   25   40
38   63   1
33   35   39
62   45   2
43   8   55
50   42   61
43   27   44
63   58   54
33   60   8
12   31   12
34   2   19
32   9   26
42   29   8
39   40   12
7   39   54
47   17   1
56   17   34
2   19   10
18   33   17
1   32   53
8   9   21
5   27   28
16   42   48
55   51   22
46   24   21
9   5   14
43   60   31
27   24   19
19   42   40
30   54   8
44   52   39
45   63   17
28   54   25
49   21   50
41   4   43
17   1   14
37   62   13
47   62   54
43   25   13
46   62   15
58   54   54
47   52   45
10   54   29
25   39   46
19   8   6
14   29   16
49   26   42
5   31   51
55   25   52
47   32   0
21   39   53
45   24   4
38   53   4
8   10   63
23   61   61
29   55   45
36   42   28
63   35   23
23   53   36
53   11   4
45   58   62
57   52   29
1   28   48
42   23   37
42   6   23
0   39   20
18   42   25
29   20   24
32   2   21
28   2   49
12   22   48
30   4   63
37   49   6
22   51   7
5   14   48
24   10   13
53   10   33
46   24   30
52   42   23
52   33   50
28   15   31
21   41   13
22   1   14
26   43   7
31   42   0
12   19   49
22   62   8
28   15   55
15   19   43
37   13   54
7   27   3
63   33   49
26   61   51
0   35   12
61   22   36
61   63   22
15   62   62
55   42   4
23   19   57
8   9   42
21   48   17
40   7   7
27   12   24
7   26   54
61   5   63
39   19   12
60   50   25
45   4   16
11   12   60
23   7   19
34   47   29
14   30   12
38   2   53
30   3   59
43   12   43
49   8   57
32   0   8
43   25   33
5   20   14
23   0   10
2   33   46
37   58   13
57   61   26
56   56   19
17   21   34
50   47   37
40   4   11
28   22   24
42   57   44
56   26   26
16   49   48
6   9   44
26   43   37
50   57   15
19   25   9
62   30   46
13   54   15
42   32   22
55   18   50
47   47   36
39   1   36
45   47   34
15   54   0
15   5   50
21   19   9
20   51   56
63   12   54
26   45   33
26   47   39
29   27   57
39   14   13
17   2   22
45   51   33
48   59   15
37   50   5
31   10   25
11   54   16
44   49   20
17   57   23
56   13   5
6   58   6
5   23   28
14   2   12
63   60   54
35   42   57
52   57   38
62   22   40
29   2   33
16   48   23
23   25   30
39   4   21
55   23   2
28   56   51
61   52   47
47   41   60
14   17   21
20   52   44
47   44   22
45   30   42
39   10   2
47   46   50
2   54   45
22   30   48
57   7   30
13   49   27
18   37   52
34   55   18
37   37   43
36   56   62
28   48   51
55   14   28
38   5   7
17   28   31
40   46   16
28   62   0
49   38   54
7   57   32
60   9   14
29   30   53
46   11   1
38   61   59
27   27   5
36   29   61
14   50   1
0   38   17
34   8   19
40   59   49
13   22   62
44   16   44
20   52   21
37   43   8
48   25   61
45   10   28
15   23   28
43   15   40
6   20   46
8   24   30
51   56   38
21   17   16
10   31   5
24   18   44
38   28   24
11   62   10
28   41   9
49   6   56
49   59   15
59   43   1
61   55   39
3   55   60
32   48   11
20   47   56
15   57   5
51   53   5
26   30   14
41   23   41
19   23   29
26   24   34
8   58   7
51   6   31
23   31   62
28   42   30
7   14   18
59   9   2
41   23   33
30   63   7
46   19   36
16   24   2
15   24   61
9   25   46
23   37   37
22   35   51
6   21   50
4   45   43
28   53   12
47   20   20
50   19   21
60   18   30
1   26   55
47   29   40
56   21   46
55   22   49
28   49   8
0   10   63
4   34   52
17   11   52
9   50   38
61   23   35
8   31   6
15   45   25
47   33   40
3   36   58
45   23   43
3   60   8
29   41   16
38   60   62
12   4   22
21   48   48
37   57   61
32   54   3
40   4   32
55   49   2
17   2   53
17   5   23
29   10   22
8   30   1
23   2   1
8   33   50
4   17   44
13   59   52
24   5   16
61   1   19
5   54   35
3   23   6
31   13   26
19   34   60
20   15   60
62   26   42
0   24   25
11   15   37
54   14   21
15   21   48
12   13   31
41   18   44
10   56   15
54   10   24
1   55   44
5   56   39
45   51   8
10   34   62
25   40   31
23   15   18
24   0   57
15   25   30
33   2   5
52   56   37
59   30   33
48   17   23
7   7   36
55   1   45
7   14   49
52   59   36
35   48   28
24   49   31
62   27   3
2   16   15
46   12   32
44   4   46
19   44   7
50   2   19
2   18   33
10   9   23
25   37   42
42   5   39
22   43   47
27   57   31
2   17   9
42   2   37
11   49   21
7   34   10
31   63   9
42   21   17
29   56   33
5   6   14
34   59   14
20   8   28
41   17   54
44   55   59
51   19   28
31   48   19
31   14   28
16   20   51
42   5   0
50   63   59
34   27   32
33   2   16
17   7   20
39   6   10
54   48   3
45   24   42
4   44   37
19   49   0
27   54   58
49   24   50
23   2   12
8   57   16
54   3   29
2   19   1
55   28   1
60   52   3
46   12   51
9   47   40
35   59   12
8   17   25
8   49   19
36   37   29
49   30   52
57   51   5
43   11   1
37   53   12
19   31   7
50   63   18
41   28   21
20   61   16
51   54   1
48   53   18
34   15   20
8   3   10
44   13   46
55   44   6
14   15   8
54   9   17
43   61   59
41   27   37
50   1   1
25   12   27
61   57   55
8   45   38
63   36   54
43   42   54
55   15   40
48   4   52
18   39   56
46   50   42
3   23   26
18   48   4
53   12   48
39   52   8
24   28   31
27   20   22
12   24   10
9   18   39
41   55   8
44   10   33
38   51   6
29   10   12
49   51   23
37   18   32
21   63   41
24   49   53
52   58   11
21   47   20
42   2   0
44   23   45
7   13   14
14   49   5
5   26   55
44   18   24
37   31   2
39   58   60
26   51   34
35   8   18
44   32   36
59   17   46
1   41   59
9   47   20
19   38   33
27   62   26
23   55   8
58   61   52
35   54   29
19   42   31
2   12   22
13   44   25
26   23   32
32   17   48
58   34   52
41   8   43
44   59   24
21   2   63
19   30   13
14   38   30
3   19   13
40   10   21
22   46   26
47   53   28
44   34   32
43   59   52
60   38   0
31   32   61
8   23   60
23   49   1
19   0   16
20   57   38
28   12   58
41   19   39
39   39   13
48   49   28
20   58   15
24   52   26
30   55   9
10   54   62
41   37   18
41   35   21
37   57   16
15   22   44
10   10   43
41   51   34
45   51   63
22   8   11
9   44   18
46   13   48
42   23   10
6   14   32
30   25   30
25   45   34
24   43   7
19   19   34
57   23   61
9   32   48
25   30   14
39   12   56
6   63   51
38   58   6
45   45   13
15   49   9
31   41   29
44   47   13
33   6   16
24   8   23
6   63   20
32   55   26
54   61   6
45   41   13
3   61   54
27   23   10
2   18   20
15   3   46
29   42   17
46   30   15
42   52   18
51   3   49
