0
8.3947495331501400528
16.096125809099390835
23.405183083055078441
30.393225992159319304
37.10173067705747485
43.667330173305686003
50.026391287191799506
56.241003393621994633
62.40138431493467408
68.427099937689959575
74.299570780680724624
80.109058193279935267
85.833669157694117757
91.514243211919307441
97.153192163313590868
102.65495454887999927
108.09768565873235957
113.46694223266000279
118.80778046436137174
124.13855577655873219
129.39573053799648505
134.5963353337396029
139.72800601342927962
144.83129896588073393
149.91218828176320699
154.95706775834082691
159.96292862317244499
164.93897388216188915
169.86234903340275082
174.73871184967583758
179.5992198410199876
184.43870901931816775
189.19809914272909168
193.93925768550806765
198.64108405864368478
203.30677162209184416
207.94532852495075304
212.58272663486530973
217.16959709062021489
221.722956723759836
226.28909795743192035
230.82429433942306218
235.29409398676352794
239.7960231189732383
244.23571217067964767
248.66624567537675716
253.08421629126200969
257.45796682746430406
261.80680289664712745
266.13278943736048632
270.4351330006922467
274.71443963253318543
279.00141785254930937
283.26518540307114336
287.51155891974951828
291.71741733277877984
295.90573801421953704
300.07008947058614012
304.21348429323506934
308.33793450793638158
312.45354748572464132
316.54340204449175644
320.63436866404492775
324.69578155988403978
328.72496134802889856
332.74561610851691285
336.7442135328244035
340.75773123302701606
344.72805167527286585
348.68021004625074966
352.64921083822144965
356.58341283096774532
360.50604159643199864
364.41691263957420688
368.31754562588446333
372.199363078407373
376.05744957297650899
379.9029667819610836
383.75342489795269785
387.59767396716972598
391.39810722800461917
395.1865960219853946
398.96909440956324033
402.7271149827940917
406.47592942681114891
410.22835411510675385
413.94388664507533804
417.63084495557973241
421.35590363506634048
425.05217363447229673
428.73306696995371112
432.40016274772602856
436.05930292290247507
439.68506880463638709
443.31635072100510797
446.92808029698721839
450.51988468021573908
454.12030939864280299
457.70299308381606807
461.2757302907687631
464.85609865063810275
468.40479427999264317
471.92384548670952427
475.44633733977264001
478.95648053349560769
482.44850544228393119
485.93809135271834521
489.40819116635492492
492.87199008241702813
496.32450323817755589
499.74738355310307725
503.18438093678145151
506.61507001923547477
510.02495367065978371
513.40374196730851963
516.81507987266149939
520.19672658773879448
523.58288058338939663
526.93821240709280573
530.31164994684377234
533.66022063507261919
536.99989265589533716
540.32729495198179848
543.6433942303170852
546.94798600187448301
550.24209033627130339
553.53898134767518968
556.82206789352824217
560.06231305829101075
563.32372425502410351
566.59315255128262834
569.82261305125371109
573.08360246050517617
576.29709822484096549
579.52743285692338304
582.72596495302582298
585.91619613969305647
589.0937813210848617
592.27180911007803843
595.43694518528513981
598.60661992904181261
601.76202068530631095
604.90741851497955395
608.05653766947034455
611.18197747827559851
614.2992592702814818
617.41558094608740248
620.5102665891002971
623.60044792479175157
626.68907073452737677
629.76754392459247356
632.8480395338164044
635.90439224095950976
638.95772050793050312
642.00025217663517196
645.04391171479517197
648.0598276853814923
651.0642386025488122
654.07782153723042029
657.08276595675818044
660.07304435596392977
663.06012392762738727
666.045913442274923
669.0091206732157616
671.96615714389906771
674.92321490762560643
677.87519521745946349
680.8153896813242909
683.769449151117783
686.69495550415990692
689.61814616912977272
692.5504411997196712
695.45777939000686274
698.36493433174609891
701.26464232301589163
704.13875901278288438
707.02645813512037876
709.89509324716266292
712.75120989070683208
715.60989705382269221
718.47110202003318591
721.31326191490154542
724.15235223344348015
726.97759971980428872
729.79789989184394017
732.60997756345818743
735.40818720882043635
738.22528887365103856
741.01960676112094006
743.7928916346289725
746.57942939747943001
749.35177483333325199
752.10890902629762422
754.8813808795633804
757.62764474760172106
760.37981853785470321
763.1118239165060686
765.83335064412005977
768.55870028422930318
771.27691611652346637
773.98824782493500152
776.67506065394434245
779.38220667946404774
782.06292095070318737
784.74859514852960274
787.43226275195365815
790.10447660132854253
792.79234534905185683
795.44748395095416527
798.1175329613863596
800.77193842066958496
803.41498298997748861
806.07201362660907762
808.69909047602891405
811.31680513890216844
813.93502478674383838
816.55040675556290353
819.16361787083371837
821.78612296929486547
824.37690553234483559
826.96744147887011422
829.54058478656929765
832.11628167746903273
834.68336745160911505
837.23696754299169243
839.79001531439564587
842.35035379321175242
844.89853156047138327
847.43995180032595727
849.97292091634687949
852.49764505053110497
855.00829418347586852
857.54123395934948348
860.0483330997185476
862.53826517212269209
865.02836697719453696
867.51379590904184624
869.9996747095540286
872.47688984850594807
874.94612847639018582
877.41517254687141758
879.88624714547029271
882.36487632430430494
884.82319974854669908
887.28138547295236549
889.73246009033891823
892.17415513036200991
894.59037743416638477
897.02331876845448733
899.44894936426987897
901.85707725901386311
904.26967614491775294
906.66671208909542656
909.07211005081217081
911.47348381598555989
913.86296387966103794
916.24937244797752101
918.62428312116583129
920.9902114939642388
923.35443287060911643
925.71696237257901885
928.07372173251667391
930.42861013136598558
932.75743088866545349
935.09530830078108465
937.42897272284142218
939.76313375093400282
942.08119673632461399
944.39016417150355664
946.70547302078284702
949.01780217791235827
951.32596709311656014
953.63539572538161337
955.93412809551080045
958.22930735975637617
960.52022448050433923
962.79266842878791977
965.05806696120419019
967.3248334673410227
969.58393817166677309
971.83508021619297779
974.0853638736296034
976.33060207564153643
978.58476481377272194
980.82477104334748219
983.05467569244603965
985.27458295382677989
987.49888824206323079
989.70838402174786097
991.91968767315518107
994.12843188066551647
996.33429738588836244
998.54010695106308049
1000.7324964438364532
1002.9213380647958047
1005.1204195764787528
1007.3042384458545939
1009.4775592914334084
1011.6361519201952888
1013.8067939228790237
1015.9640942822550187
1018.1231287400476049
1020.2637594410991824
1022.3992275747650638
1024.5348226651346977
1026.6690959127754468
1028.7912409458956517
1030.9133755102570831
1033.0283070794282594
1035.1452597247041467
1037.2522837011983938
1039.3517469656012508
1041.4426412892603366
1043.5356929454712827
1045.628611580425968
1047.7178418211642565
1049.7876613031833131
1051.8645044716542998
1053.9392476051114045
1056.0043824438305364
1058.0583906544773072
1060.1177109456923517
1062.1691009936855608
1064.2126484537739088
1066.2494972220374621
1068.2739436781655513
1070.2993997394410144
1072.3314276059227268
1074.3450313387381811
1076.3642072102879865
1078.3531760211872097
1080.3498554668594807
1082.3499975977306349
1084.342673997581187
1086.3329468405092939
1088.3195282738929563
1090.2989171418357728
1092.2804643614433644
1094.2577826529070535
1096.2316229397288225
1098.1923443096243318
1100.1525388072745955
1102.1041296184669136
1104.0585790767215713
1106.000107857807734
1107.9438255243696858
1109.8770509852370196
1111.8242783562425302
1113.7629567032272462
1115.6947429627616657
1117.6181330882511702
1119.5334986635964469
1121.4496742854073545
1123.3637222128927533
1125.2750210933461403
1127.1840321104368741
1129.0840981515082149
1130.9821863994920932
1132.8759934591325873
1134.755826952565485
1136.633651068845893
1138.500929024850393
1140.3759484568549851
1142.247191133162687
1144.0965260866246354
1145.9583637592659215
1147.8052236800208448
1149.6526955650695072
1151.509285655315125
1153.3434830743367456
1155.1800231991007877
1157.0154083278523558
1158.8405002810750375
1160.6623923044869571
1162.4937383409442191
1164.3097178475056808
1166.1263955505019112
1167.9393370049835994
1169.7496276692352239
1171.5469362951107541
1173.3373500778532161
1175.1325858612074171
1176.9189831063297333
1178.7153163759578547
1180.4939332998449117
1182.256805354651533
1184.0107210082185247
1185.7754008331585283
1187.5277511463584688
1189.2877458750240294
1191.048171829804005
1192.7907693790675694
1194.5347016713244557
1196.2597348017045533
1197.9983965275926039
1199.7351089467833845
1201.4606797482999809
1203.1866948651074836
1204.9032454797477385
1206.6060295438819594
1208.3227428123707341
1210.0279069645278014
1211.7383442996135727
1213.4361352494897801
1215.1229438607456359
1216.8188630062484208
1218.5173421656763821
1220.19561733503906
1221.8733570493020579
1223.5354368945297665
1225.2071659201576495
1226.8707758634525362
1228.5367250874792262
1230.1863917957030026
1231.8261938418067984
1233.4807509067165938
1235.1259663354021541
1236.7653692453918666
1238.3964234276204479
1240.036475332491591
1241.6672118463495735
1243.3033810053541401
1244.9207647491916759
1246.5409160863823672
1248.1532704333228594
1249.7620868745057123
1251.3652427484664713
1252.976284718452689
1254.5718024951725056
1256.1694118911477744
1257.7638742516560342
1259.3363200733062968
1260.9102139297958729
1262.4809393635948709
1264.0656809896624964
1265.643567584538232
1267.214538669196827
1268.7813400151426322
1270.3343358335562243
1271.88420008367234
1273.4395007869577512
1274.9936347307047981
1276.5336091052292886
1278.0848230914048145
1279.6210804741469929
1281.1516046879323767
1282.6761920502829071
1284.1950415425574192
1285.7173693068900775
1287.2283926667873857
1288.7345363663612261
1290.2435060021584832
1291.7512255633071163
1293.2597134256554909
1294.7640340634793574
1296.2590370077286934
1297.7451653488024021
1299.2259429232108232
1300.7209993371470773
1302.193115461016987
1303.664442462936222
1305.1272388346449134
1306.5925522309241842
1308.0559316235328424
1309.5004346338992036
1310.9600052967139163
1312.4095022335420708
1313.8604158459456812
1315.3119732222310176
1316.7495685632829918
1318.1773922855911678
1319.6153036121895639
1321.0376819883074404
1322.4607440352535832
1323.8794087470919294
1325.2910710496526008
1326.7039586846358361
1328.1196750552521735
1329.5304046856754212
1330.9375987711146081
1332.3388805551692258
1333.7279021474896581
1335.1127471388315371
1336.494435365534855
1337.8759740124053224
1339.2527890860847037
1340.6286473779707649
1341.9955977906117823
1343.3690665142653415
1344.7495273357374117
1346.1174974684745393
1347.4750952691956627
1348.8266886231999706
1350.1704084496764153
1351.5165859888345494
1352.8598536468416569
1354.2056040336187834
1355.5431373284354777
1356.8690877615533736
1358.2032603968782496
1359.5326098116531739
1360.8581200151422763
1362.1777311366547565
1363.4952463156625981
1364.7969466057134014
1366.0968991724869284
1367.4062589274863058
1368.7001140864097124
1369.996374831699768
1371.2973972257352671
1372.5835077880194603
1373.870920842781743
1375.1439450338434654
1376.4309274861275298
1377.7148019034812023
1378.9816698513857318
1380.251905006895413
1381.5197055226849443
1382.7836128556116364
1384.0455709578313872
1385.2911809223460295
1386.5437542579732053
1387.7990718250553073
1389.0430746772487964
1390.2904719991802267
1391.5136708626400832
1392.7537627029514624
1393.9813499094545932
1395.1947478624294945
1396.406461403737012
1397.6274074889795429
1398.8416287489044407
1400.0517420739868157
1401.2668302231925281
1402.4729913502453655
1403.6716707249279352
1404.8702559090165778
1406.0658888660821049
1407.2773200478768558
1408.4598596474074839
1409.6492052201322167
1410.8288948844815422
1412.0031206879791625
1413.1729562380669449
1414.3473594801171203
1415.5204046314045172
1416.6821667948227059
1417.8379024617029245
1418.9902201635707115
1420.1344096328225532
1421.2956333526517483
1422.4406581339706008
1423.5856992975648154
1424.7203437632663281
1425.8478911822262489
1426.9795613992228027
1428.1156526803154065
1429.232400649501642
1430.3570427067547826
1431.46746590363
1432.5768217404095139
1433.685877318068151
1434.7869604666700525
1435.8943667961302708
1436.9967159101797733
1438.0908691677302613
1439.1907458561170188
1440.2734427176619647
1441.3692835927349734
1442.4498914635034907
1443.532651821795298
1444.603204469857701
1445.6753657018150534
1446.7390801623248535
1447.8224411014007273
1448.8839091954050673
1449.9502688154700536
1451.0184979482380641
1452.0693162259397013
1453.1241915724519913
1454.1684456562484229
1455.2189722145037649
1456.257164211164536
1457.3065451253823994
1458.3346741114478391
1459.3613657581161078
1460.3963031918615343
1461.4180617309909849
1462.4391935220096457
1463.4646495283500371
1464.4789248367453638
1465.4903041689706242
1466.5098339685193878
1467.5147810645062236
1468.5123991085813486
1469.5134848765189872
1470.5016178906466848
1471.4888102287893616
1472.477938619969791
1473.4636246960048993
1474.4400080218892981
1475.4266037967288412
1476.413447277264595
1477.3849303152130688
1478.3606495818496569
1479.3171620495882053
1480.2811672704117427
1481.2413860975707394
1482.1874107440239641
1483.1323882844462787
1484.0761109261072761
1485.0245577812474949
1485.9751630439398014
1486.9107975245663056
1487.8411052746296264
1488.7759599453706869
1489.7032836111734468
1490.6294217877630217
1491.5413569816887502
1492.4519817858886199
1493.3641468624916797
1494.2708595197391332
1495.17375768195825
1496.0809535106359363
1496.9717814469338464
1497.8707816464821008
1498.7719668431616356
1499.6608033011855241
1500.5490634601180773
1501.4294050407895611
1502.3066163368571324
1503.1950847223317851
1504.0657333165788714
1504.9322602910533533
1505.8025308857202162
1506.6630160064376014
1507.5232126142711877
1508.3850912227208028
1509.2471901797507599
1510.1044699153128477
1510.9549412198032314
1511.8003255265098232
1512.6453862920918709
1513.4884639017932386
1514.317741999848522
1515.1473214527070468
1515.9926733917498041
1516.8219407769654481
1517.6500736926861919
1518.4747023911813812
1519.2855073048615395
1520.1011705840346622
1520.9280703364338478
1521.7369704234599794
1522.54789919522932
1523.3516869953175501
1524.1612247787124943
1524.959544623624879
1525.75225031719242
1526.541880881165298
1527.3275056461436634
1528.1148414968199631
1528.8849621829890566
1529.6625685403266743
1530.4336694755431836
1531.2066995736081481
1531.9698905979009851
1532.7301589817909644
1533.4772338783243413
1534.233999022823582
1534.9787505070919451
1535.7374209362901638
1536.4797548136816658
1537.2169581480643501
1537.9635517064314172
1538.682629914896097
1539.4129811763850739
1540.151034385185767
1540.8886978352377355
1541.6156404855250912
1542.3387953747994743
1543.0702436221372409
1543.7952841114988587
1544.5037405523653433
1545.2138303432116118
1545.9177715116866239
1546.6197396985965042
1547.3270836284591496
1548.025321635752789
1548.7173890094932176
1549.404389461856681
1550.0912267641836024
1550.7749671462947845
1551.4561858274209953
1552.1471438061648769
1552.826482120396804
1553.5087873212546583
1554.185067648486438
1554.8530088205106949
1555.5126910406438583
1556.1623428747650451
1556.8185252530493017
1557.4701591974287567
1558.1201260813409135
1558.765512274658704
1559.4018450072953783
1560.0526862067349612
1560.6989688689984632
1561.3355844151262772
1561.9713318812007401
1562.607571821026113
1563.2413382619283766
1563.861256272810806
1564.4796142321315529
1565.0994447432831294
1565.715465536419515
1566.3266484474888784
1566.9284702708037003
1567.5296536585412923
1568.1354574631670857
1568.7305903514152305
1569.3181020048982646
1569.9052173563839006
1570.4802039170772332
1571.0594981796491538
1571.6355344404589687
1572.2134816463706102
1572.7831862015332263
1573.3663496913782183
1573.9297805390617668
1574.5133211903425945
1575.092472068433608
1575.6561908608362046
1576.2111235203312845
1576.7772331120577292
1577.3262953685675711
1577.8795723437701781
1578.4271094832258768
1578.9787667326356768
1579.5287899411671333
1580.0675717931997042
1580.6023548867874524
1581.138095411110271
1581.6697042064777179
1582.2017236850895188
1582.7326022501572425
1583.2539548715542423
1583.7816398144964296
1584.2941527801076518
1584.7976836520713277
1585.2975811599496865
1585.7980531539897129
1586.2919669997481833
1586.7926081838054415
1587.2878778726776545
1587.7951589199562932
1588.2836037259214663
1588.7653832698017595
1589.2568234777886573
1589.7412899033679423
1590.2217435877287244
1590.6963565502796882
1591.1727674347887387
1591.6372161374629286
1592.1106492265914767
1592.5685169747991949
1593.0251950865495019
1593.4876029270772051
1593.9451472073365039
1594.4086838987318515
1594.8495299462560979
1595.2931110311635621
1595.7260164675351461
1596.1637254838201443
1596.5915329908195872
1597.0266839634643929
1597.4583398104239222
1597.8792749546680625
1598.3000429090848229
1598.7234869582148349
1599.1482516594887784
1599.5715155257553306
1599.9830259713214673
1600.394865995691589
1600.8013562089627158
1601.2114134375121921
1601.6176077654915844
1602.0268609905924677
1602.4172735058436956
1602.8144288104144835
1603.2129129057134378
1603.5913703357214217
1603.9689946960727411
1604.3470293581133319
1604.7232166083149423
1605.1037469146333478
1605.483336035242246
1605.8544370682102453
1606.2262034731484164
1606.5908417745017687
1606.951154682838478
1607.2981334955391048
1607.6434731379135883
1607.9851134652337805
1608.3315863410948623
1608.675379002973159
1609.0224247606254266
1609.3579411875966798
1609.6887606277107352
1610.0250127518816043
1610.350767152661092
1610.6857241517736838
1611.0063181202754095
1611.3377288197057169
1611.6614423484227245
1611.9836205309163688
1612.3055483317307335
1612.6174234360380524
1612.9340463063188054
1613.2500354201174559
1613.5557340509672031
1613.8536664625064532
1614.1528871649338726
1614.4450273305931205
1614.7363952940406762
1615.0332296117328497
1615.3227797672946053
1615.6063120641979367
1615.8793517880355921
1616.1527541971352093
1616.4247978131238597
1616.7026150114886605
1616.9691478713928063
1617.2340319559930322
1617.4963010364358524
1617.7608695493918276
1618.0213372480093312
1618.2778430525104341
1618.5318804854991868
1618.7827845116030403
1619.0291876760961713
1619.2721663293125403
1619.5087760506000905
1619.7377512571631542
1619.9777323910300311
1620.2036200123307026
1620.4286204557167821
1620.6590750078487417
1620.8867615632880188
1621.1118430238245764
1621.3309563561290361
1621.5505019728782372
1621.7619300700921485
1621.9770846602182246
1622.1711772415733321
1622.3842153333316674
1622.5824408597816273
1622.7800277766800718
1622.9777938414995333
1623.165999421888273
1623.3493271581164663
1623.5395397325123668
1623.7213076210568943
1623.8934756454716535
1624.0802325702243252
1624.249991073134197
1624.4132277197456915
1624.588527256357338
1624.7611466176192607
1624.9243057732194302
1625.0872775257435023
1625.2496372474449799
1625.409706148503119
1625.5714740008359058
1625.7265251238727615
1625.8692308141105514
1626.0122862834657553
1626.1576859014458023
1626.2935826602283669
1626.4309663379365247
1626.5603906978349187
1626.6895820865904625
1626.8191726945456139
1626.9490429227953427
1627.0707809390407874
1627.1902508365619724
1627.3088938106873229
1627.4177010312428138
1627.5256970601894864
1627.6363259733295763
1627.7412207803154161
1627.8392872972885925
1627.9453907275046731
1628.0470763574408011
1628.1431225076639748
1628.2327551852772558
1628.3254855766656419
1628.4102122252356821
1628.4861406823404195
1628.5645356694067232
1628.6425481459975799
1628.714847623283049
1628.7857332904366103
1628.8535132954491473
1628.9063455810314736
1628.9761419017866046
1629.0373473073693731
1629.0947335671398832
1629.1489348325128503
1629.1982688360167231
1629.2530827754458187
1629.296811873635761
1629.3445329278329154
1629.3864110471661206
1629.4155896423653758
1629.4591285188755592
1629.4966774556351083
1629.5240853630693891
1629.5567082560128256
1629.587394847936821
1629.6072495200044159
1629.6293373235237141
1629.636793387889611
1629.6495135594000203
1629.6571095959238846
1629.6685657670425371
1629.6700657673238766
1629.679713977241363
1629.689242049323866
1629.6886540434268227
1629.6778899394953442
1629.6774859394897703
1629.6682938012293107
1629.6578615397020258
1629.6491214840657449
1629.6337131175891955
1629.6111269830471429
1629.581092725534063
1629.5465412886471768
1629.5130661630230406
1629.4840721320317698
1629.4295725920073892
1629.3888109491167597
1629.3402213916001529
1629.3018206734391242
1629.25532429849045
1629.2195664531550392
1629.1661497554287052
1629.104330075066855
1629.0583451458335276
1629.00451214896907
1628.9456767710594249
1628.8778868223873815
1628.8213437626345694
1628.7439932193167351
1628.6740126737879564
1628.5860793542135525
1628.5111603313723663
1628.4188388138359187
1628.3408920482888789
1628.2459768556841482
1628.1545108675363736
1628.0626503259786659
1627.9647522125508203
1627.8649013340962028
1627.7551954369778286
1627.6477775170292261
1627.5505843008206739
1627.4446212644802472
1627.3376148483591805
1627.2205011973082946
1627.1077017469435759
1626.9898696001050666
1626.8715371222533577
1626.7483557853108778
1626.6249324819436879
1626.496878377359053
1626.3688437591013098
1626.2346346725707917
1626.1027357807545286
1625.9642428432409815
1625.8274338574919966
1625.6879360822492799
1625.5457490139785932
1625.3952536099782265
1625.2415142840823137
1625.0848818988552011
1624.9263155871112758
1624.7727183240897375
1624.6082485779363651
1624.4457277984383836
1624.2700977307345056
1624.1094692480819504
1623.9330703766718216
1623.751339870682159
1623.5734038798432266
1623.3955041746494317
1623.2136798096123584
1623.0282987250047881
1622.8449830898798609
1622.6507870879665916
1622.4655329019344663
1622.2694389446762671
1622.0669078587391141
1621.8642850490425644
1621.6534717519714377
1621.440608138982725
1621.2221838588006904
1621.0077863615888418
1620.786511916712243
1620.5679878016637758
1620.3538266766099696
1620.1345694103761161
1619.9046124774476993
1619.6649521704243853
1619.4357581175383984
1619.2065113786104575
1618.9645700645421584
1618.7174638136459635
1618.4670247809774537
1618.2162548421165411
1617.9686922032290113
1617.7233732597496783
1617.4698977163584459
1617.2136354428898812
1616.9516878209531114
1616.69363325919403
1616.4261497750110266
1616.1488055721067667
1615.8843419810095838
1615.6038411706183524
1615.326753840259471
1615.0473951145372666
1614.7627510078841624
1614.4833276489887339
1614.2053432638103914
1613.9254195159767278
1613.6330727099928026
1613.3438656378143605
1613.045990477944315
1612.7464875455909805
1612.4490090446952308
1612.1408848161095193
1611.8351370548964496
1611.5226754375614746
1611.209111248473846
1610.9007345236136644
1610.5744831489125772
1610.2474924002447096
1609.9246630138509317
1609.5873157419428026
1609.2590993871635874
1608.93263442462694
1608.5945769481295429
1608.2566412184989986
1607.9188577527145299
1607.5826971729359229
1607.2337350729189893
1606.8895194101057768
1606.5273966317790837
1606.1778378254659856
1605.8145836506409978
1605.4548376569866832
1605.0941825819422775
1604.7271852718320133
1604.365162507178411
1603.9939365340615041
1603.6256780806038478
1603.2547163647539037
1602.8807251919417922
1602.5070383252555075
1602.1193904712602034
1601.7278079678349059
1601.3486955959497209
1600.9725598966927009
1600.5871177877270384
1600.1975568480329457
1599.8044143162881028
1599.4077565367299485
1599.0094363504199464
1598.6118102268690109
1598.2073241896384843
1597.8017465802645347
1597.3958731221430298
1596.98781567406877
1596.5730000963342263
1596.156156866110905
1595.728996357002643
1595.3005363535708057
1594.8700338053040468
1594.4464855652834103
1594.0048108896535268
1593.5674464061953586
1593.1331505973794265
1592.6919503016401904
1592.2434044516890026
1591.8042553653228879
1591.3596634103275846
1590.9126938956408139
1590.4485548429547634
1589.9931605808872064
1589.5501676216197211
1589.0884312956786744
1588.6185823636719761
1588.160884093544837
1587.7012786134152975
1587.2384965311105134
1586.7635181547284446
1586.2903049345379713
1585.8126314828659815
1585.3386444433269844
1584.8571887235532358
1584.3838106027121739
1583.8857349329466615
1583.3985574618516239
1582.9084404370851189
1582.4164621982499739
1581.9204289687063465
1581.4165392209451966
1580.922965690442652
1580.4342111077405661
1579.9237182701338043
1579.4167393339334922
1578.9029600136880163
1578.3751088605677069
1577.8467468327680763
1577.336910953285269
1576.8166699319679083
1576.3079856023912271
1575.7827910225230426
1575.2524399085648383
1574.7159135107729071
1574.1643199589466349
1573.6307935604147588
1573.1006578059366348
1572.5592879159951281
1572.0060082018355843
1571.4467094400326914
1570.9009274320030727
1570.3436126728479394
1569.7928530736362518
1569.2301488777366103
1568.6774120171191953
1568.1176477261763011
1567.5517317468925285
1566.9761757555988879
1566.3998175486792661
1565.8296207588764446
1565.2551480092042766
1564.6659417673477037
1564.0756220337314062
1563.4838636938977743
1562.9018906247495124
1562.3133323176582508
1561.7261709415058704
1561.133267728322835
1560.5367858656936733
1559.9463163774889836
1559.3488785570452819
1558.740617603878718
1558.1396575638930244
1557.5398949244226969
1556.9338021357318667
1556.3216481439912968
1555.7073133145597694
1555.0796124574990245
1554.4503641441312993
1553.8303724909553694
1553.1976931076096662
1552.5672260563774216
1551.9414944633033429
1551.3050468406561322
1550.6662401815010526
1550.016761389642852
1549.366106612646945
1548.7133414485601861
1548.0605465944308889
1547.4059879777589686
1546.7555094682652452
1546.0979446334802105
1545.4397169321925958
1544.775646136804653
1544.1087009894442872
1543.4422367131155625
1542.7833912058913484
1542.1155192458061265
1541.4367231636940687
1540.7668266592020245
1540.0888140421286607
1539.4093637787329953
1538.7209768275467923
1538.0317331146925426
1537.3478940389736636
1536.6506295291426341
1535.9596850603520579
1535.2631053830014025
1534.5638106574822359
1533.8575183292978181
1533.1524523789630621
1532.4516950139100118
1531.7342052801566297
1531.0241938673605091
1530.3180914903862231
1529.6127195696749368
1528.8927287295391579
1528.1802755320534288
1527.4580888138921182
1526.7367716480321178
1525.997630593344411
1525.2652262132073702
1524.5388933835358785
1523.8037858504842461
1523.0704266167263086
1522.3351370576608588
1521.6001269982359645
1520.8609293270792477
1520.1133867656662915
1519.3577025399026752
1518.6117563744585368
1517.8579983588126652
1517.1056278575322267
1516.3633534783616597
1515.5942589014632631
1514.8489897424319679
1514.0706337464225726
1513.2955480675909712
1512.5144825209124519
1511.7364450033360299
1510.9685808645788256
1510.1780939111649786
1509.4039852904836607
1508.6173603355246087
1507.8308943774302406
1507.0371934285929001
1506.2503068136638831
1505.4524868200417131
1504.653499435133881
1503.8530809127730663
1503.0532324270291156
1502.2370937216799121
1501.4447786972029917
1500.6379983114468359
1499.8386365657743227
1499.0166305291741082
1498.2098032732485535
1497.3941370477634791
1496.5813459908576988
1495.7577753363718784
1494.9420819585343452
1494.1261140302322019
1493.3086020989865119
1492.4811828931990476
1491.6587695316745794
1490.8171746982582135
1489.9821042810128802
1489.1365106018984079
1488.2906171090864973
1487.4406320894090641
1486.5816210056539148
1485.7300838121198012
1484.8760573397719327
1484.0176465702713813
1483.1558206509521369
1482.2990285350313115
1481.4453348502122481
1480.5916765066142489
1479.7182214408117034
1478.8476675694976166
1477.9753534012997989
1477.0945725815283822
1476.2121644320868654
1475.3312685859011708
1474.4482244739715497
1473.5510751372391951
1472.6627520280035242
1471.7850711449477785
1470.8931377316537237
1469.992985355690962
1469.0944049643865128
1468.1876727869830574
1467.2907150443679711
1466.3824326291121452
1465.4731412331514093
1464.5643934556044314
1463.6524806286322473
1462.7344210048372588
1461.8203237511338557
1460.9030661188910472
1459.9812451270468046
1459.0559728553278092
1458.1494214372953593
1457.223747900273338
1456.288138125348496
1455.364659142705932
1454.4338831586758261
1453.504147185907641
1452.5564596624558362
1451.6222799592089814
1450.6896186579847381
1449.7426137553716217
1448.7937878341997475
1447.8505836182109761
1446.891875871009006
1445.9280834025425975
1444.9750853404991631
1444.0078056990698769
1443.032292232581085
1442.0709728308806916
1441.1014546527896982
1440.1237174361663165
1439.1558310967418493
1438.1965433246996326
1437.2136032977298328
1436.2395984508664242
1435.251535073838113
1434.270130076514306
1433.2835963328886919
1432.3016539504289995
1431.3089251896603855
1430.319117924407692
1429.3174482422728033
1428.3301758694099135
1427.3248827266231729
1426.3098528482748861
1425.3061498961189955
1424.3062977724589473
1423.2973100406591129
1422.2860711485629963
1421.2642920571852301
1420.2613481095086172
1419.2573339185203167
1418.2396878332706365
1417.2112998220313784
1416.1961490299017896
1415.1572137699415634
1414.1266071869210919
1413.087631133825198
1412.0551228019644441
1411.0195896070126764
1409.9763842926195139
1408.9431098297127392
1407.8992954469497363
1406.8570968708663713
1405.8039537903723613
1404.7414014429614326
1403.6889613497151004
1402.640869980828711
1401.597812703593263
1400.5374492271275813
1399.475158829035081
1398.4084439667367405
1397.3395404892135048
1396.2685038813031042
1395.1959041414545482
1394.1338575437246163
1393.0560928145271191
1391.9817232377713481
1390.9081966321220989
1389.8231094660111467
1388.7336126396585314
1387.6421555594386064
1386.5598978292082393
1385.4697423405737027
1384.3685150085880196
1383.2659546403788227
1382.1721513306190445
1381.0639826114381776
1379.9568774417227814
1378.8439525470571425
1377.7453295916939169
1376.6308126001199525
1375.5117569478672976
1374.3904116531793989
1373.2832757448200027
1372.1597344462031742
1371.0394711251931312
1369.92206338075448
1368.801897025415883
1367.6609798157448949
1366.5424598121039708
1365.3951292253889278
1364.2649361145940929
1363.1180209946835475
1361.9660326003850059
1360.8169417255805911
1359.6577438165872991
1358.4961841437725525
1357.3372554413201669
1356.1863404728080695
1355.0311316576064655
1353.8766569611893829
1352.7188280109098741
1351.5576195394967272
1350.3753033789739675
1349.2149178445290545
1348.049843200856003
1346.8744970376674246
1345.6964693025634006
1344.5355788977176417
1343.3543672517409959
1342.1772030931686004
1340.9809091571194131
1339.8027961344971573
1338.5957049079324861
1337.4045751045184716
1336.2139699979520628
1335.0245100335482675
1333.818381390628474
1332.5983881892261707
1331.393857157621369
1330.1883674868092839
1328.9866959900989514
1327.7751321183916389
1326.5769942759986861
1325.3804708884688353
1324.1665522929561121
1322.9452549773520786
1321.7259662694127655
1320.5018056609837913
1319.2748517090094538
1318.0466379316369512
1316.8237045318919627
1315.5913163372244981
1314.3569952469958935
1313.1196167295279338
1311.886077504444529
1310.6518712855113336
1309.4142113338334639
1308.1652411599873176
1306.9234479165063476
1305.6665793977640533
1304.417403241750435
1303.1588992591866827
1301.8997231035912137
1300.6333106536555988
1299.3583485196475067
1298.097339290703303
1296.8298505385801036
1295.5663099396269899
1294.2953384824854766
1293.0317124476523531
1291.7505820682661124
1290.4826322751216594
1289.2020809679784179
1287.9208938485787712
1286.63851730190936
1285.3525955575389617
1284.066024731701873
1282.7828382497432358
1281.4928685690354087
1280.2110441117993105
1278.914422961453738
1277.6072958627423759
1276.2958264447631791
1274.9868191079424378
1273.6864870569270352
1272.3663671179856465
1271.0576164504441294
1269.7453689560074963
1268.4375139464568747
1267.1179066266693098
1265.7948373742017338
1264.4825817176244982
1263.1639919195406492
1261.8202500277113813
1260.4930548929494307
1259.1676327618199593
1257.8326556957597404
1256.5045195631962542
1255.1715671290860428
1253.8178866548544192
1252.4708609836147843
1251.1290722987598656
1249.785716196118301
1248.4328427772652503
1247.0775793932998567
1245.7314408523693601
1244.3866901584908646
1243.022763783538494
1241.6661057727876596
1240.2914706203835067
1238.9482117893642226
1237.5706654391856318
1236.2021278980071202
1234.8360051675915656
1233.4839073756265861
1232.1096135496109127
1230.7235366751708625
1229.3337386316038646
1227.9489997945624964
1226.5754752497116442
1225.1889458715518231
1223.8097277574199779
1222.4178114155072308
1221.0300476272682317
1219.6223023682284747
1218.2272537707194715
1216.820338151307169
1215.4269661942735183
1214.023525245950168
1212.6254460149000352
1211.208660448405908
1209.8059313052244761
1208.4011666658550439
1206.9866205206167251
1205.5815831496290684
1204.1535031811997669
1202.7323746265242335
1201.3082897343711011
1199.8883737317783016
1198.4649214247797318
1197.0323884407680453
1195.5959907235094306
1194.1547784904605578
1192.7165460854678258
1191.284120299208098
1189.8423541550066602
1188.4043267366305372
1186.9602039174119454
1185.5070531218930228
1184.0519165348821389
1182.5811026177484564
1181.1311217505003697
1179.672042966908748
1178.2035070276190254
1176.7386789907482125
1175.2765111359653929
1173.8113633829921127
1172.3641942131091582
1170.9056429124013903
1169.4308259195859137
1167.9582607138577259
1166.4699805117552387
1164.9775022891640219
1163.4884899716153086
1161.9921162946056938
1160.5044349500949465
1159.017178832350055
1157.5294828206308466
1156.0229167154836887
1154.5220220116616474
1153.0287073346430589
1151.5211800858769493
1150.0195202592076384
1148.4990775138289791
1146.9838678215487562
1145.4742003346045749
1143.9821444075762429
1142.4789272584919217
1140.9740875969025637
1139.4496608484782882
1137.9150423603284707
1136.3816195342744777
1134.8682299492782022
1133.342431236305174
1131.8107778918963504
1130.2772943040770315
1128.7405795057729847
1127.2052608513463383
1125.6648769311721026
1124.1027942574862664
1122.5871283669875993
1121.0411784779735171
1119.5035221780858592
1117.9508939883139647
1116.3832166718079861
1114.8383988750199478
1113.2848727617722489
1111.7235393031073727
1110.1646082371100874
1108.6028455266132369
1107.0318838087116546
1105.4639935079030693
1103.9095232379854679
1102.3289856875837813
1100.7531918337763273
1099.178192116442915
1097.6091747245509396
1096.0389938141668154
1094.4574561613733295
1092.874187090492569
1091.3049740919707347
1089.7295783294307512
1088.1608712984595968
1086.5678519565278748
1084.9752102305740209
1083.3792263680068118
1081.7617078101607149
1080.1633064404959441
1078.565305298401654
1076.9738055681020796
1075.3832423169042158
1073.7775772883189802
1072.1631077403164909
1070.5521581862149105
1068.9408567163454791
1067.3188840860223081
1065.7091317406329836
1064.0752697949760659
1062.4670949519681926
1060.8481766409602187
1059.2277977583300981
1057.6162594475613332
1056.0021510668748306
1054.3771070723710181
1052.7557369482767626
1051.1300320011444001
1049.4943366789907486
1047.8414445009073006
1046.1981976285328528
1044.5562565197842559
1042.9263987618483043
1041.2861300125769048
1039.6405410099469009
1037.974670646872255
1036.3345599455776664
1034.6676905638462358
1033.0205068190794009
1031.3390601419168888
1029.6554347210910692
1027.9819878573571259
1026.3183367943465782
1024.6460104945031162
1022.9723052087293809
1021.2977851519571004
1019.6366336258557794
1017.9575931313401043
1016.2752157389560352
1014.6174756814925786
1012.9281748188845995
1011.2467498436531059
1009.5643041732100755
1007.8828148109234917
1006.2071626242225193
1004.5024830762921511
1002.7940187052930696
1001.076218405177201
999.37894814999276605
997.66318960976150265
995.96146853869311144
994.26635979481625327
992.54314857104282055
990.82021743529605828
989.10204206665741822
987.36701308564499868
985.66674248646222622
983.94939309449659959
982.21830477834566864
980.48282776026940155
978.76636403101190353
977.04584680857522017
975.30519606519260378
973.57264770577523905
971.82293945568176241
970.07371523899587373
968.34432292938004139
966.6053232322913118
964.85254310860523219
963.1238826345245343
961.37971230885716523
959.61561463617795198
957.85608410215638742
956.09394792086823145
954.34567468783802724
952.59158555071633145
950.82714083290090912
949.06244831185392741
947.32011546798526069
945.5753987580779949
943.80152960033456111
942.02929198326182814
940.2541996051879778
938.46876726321670503
936.69158849602820283
934.90344113290109362
933.14240474176608586
931.3791880518480184
929.59623318669196124
927.80660955367659426
926.03838782461559731
924.23851244206946376
922.43775224375701782
920.64128201095729764
918.84787177335033448
917.07139370167624293
915.27261544503403456
913.47620418489657368
911.65889545961420026
909.86350479742714015
908.05877731288262567
906.25669736087581896
904.43174108637560948
902.64327590639879872
900.83307961180935308
899.00903285310346291
897.17750194969255517
895.35410812499083022
893.52153507164587154
891.69158812481873611
889.86224669017849465
888.02979369353795391
886.20667620388041996
884.35288995032431103
882.54006457368916472
880.67812664468499406
878.83402922854816097
876.99064044628210013
875.16830810318697331
873.3368397947192534
871.48573400827046953
869.62531310678048158
867.76052503743596844
865.88519329491134613
864.01633601374442151
862.15077929316544214
860.28623416576181171
858.42725187848600399
856.59130834674783728
854.70269315844916491
852.80560844079309391
850.94787087524332492
849.08422548979717703
847.19898962945296716
845.31319340679408469
843.43961309447968233
841.58467286313759814
839.7254582682395494
837.88326219234875225
836.00851687368299281
834.11092523679849364
832.19665260552051222
830.29773794440882284
828.43119293392282998
826.55859413557743665
824.6833396155589071
822.79832777977173919
820.89669510661826735
818.98161161820951293
817.09397607080529724
815.18139886107894654
813.2878613828906964
811.39077168151402475
809.4904582127452386
807.57168113405850818
805.66727864941549342
803.74738042819012662
801.83472521586907078
799.9055098619526234
797.97483602036754746
796.04152633554099339
794.10770301552838646
792.1597358763884813
790.21356970275337517
788.29126234652790117
786.37352919155455311
784.42126414838480741
782.49274880292284706
780.54640993421787698
778.6017209657696867
776.6580204999045236
774.73139250516703669
772.76634371555871894
770.79953869018925161
768.842956806328516
766.88093653565522345
764.92424330881931382
762.98763146277951819
761.03274538235007185
759.07404438460537222
757.11340113738810942
755.15422663751576238
753.18338361658948088
751.20920645860326204
749.22805960667983527
747.24097439382671837
745.26604847178737145
743.28428858620236497
741.29375541976321529
739.3157025112628844
737.34406530736589502
735.35162756644172077
733.35726634768457188
731.36743891335561329
729.363182207806517
727.38725640256404859
725.39145069828077794
723.37349793048940683
721.39496143567566833
719.3791018481321089
717.35129462911243081
715.34139323397221233
713.32741469491952557
711.32624639541836586
709.33667368853764401
707.35033156841268465
705.35499421820088628
703.34372614842277471
701.35768732499570888
699.33577115373316246
697.33616598042726764
695.3528155015185348
693.34630448305756545
691.3224678305522275
689.31687538107360069
687.27564397795549667
685.24876584392791301
683.24735100348357264
681.22841539328817362
679.21471323388493602
677.1760389802627742
675.11709742436164561
673.06982147082646861
671.02933009138291709
668.98492412690245601
666.97994096739364522
664.93389469739452124
662.89405878228376423
660.85753553089477919
658.84577144832405793
656.80550889605046905
654.75975717267351683
652.70419732972186466
650.63967878381492937
648.57654560889830009
646.51682645840867281
644.43973519445432885
642.37987864701506169
640.309872797786511
638.23869147493792298
636.17753302381186131
634.11712391060405025
632.05111763255411006
629.99453992265205216
627.93941225655942162
625.86600163310151856
623.78951006375223187
621.69571204875046533
619.61661824606733262
617.53606684010253502
615.46297670669184754
613.38629870137538092
611.29477618213354617
609.22365581673216184
607.13175636192454476
605.01126503146281266
602.90345215522427225
600.75643948018614537
598.67295057255432766
596.58180083031493268
594.48982743927433603
592.39192031160291663
590.30432592523004587
588.21945571197613845
586.12692121729946848
584.05892455359446558
581.98258316592182382
579.90102247601726049
577.81804215251997903
575.72208635874949323
573.67294330922766221
571.60168421777746062
569.5085871698606752
567.42862237107920009
565.35668382252674746
563.26841685574186158
561.20771087977425395
559.15901561271891751
557.08894207569460377
555.00987402010673577
552.90520607109556295
550.7725491034626657
548.61062784145735804
546.4374556248500312
544.28302582480910132
542.11517636937401221
539.95802170717047375
537.79451179692671303
535.66624875735760725
533.5313064099048006
531.37195638786613472
529.25708048435126329
527.13844610344426656
524.98788546598143512
522.82734962473853102
520.70322421973003202
518.56545831965661364
516.4171622756632587
514.26334598964319866
512.11984228420294585
509.95092482131923362
507.79776541095043285
505.64831592881620281
503.50633470737244579
501.38708637505612842
499.28930068520122632
497.16308825407247696
495.06277615097292255
492.96294634788239364
490.8123034093735555
488.66011582408725644
486.50296963770432512
484.37361830582489119
482.23524317442570464
480.12544504738360729
477.99813080358558182
475.81170874407985139
473.60254267645751725
471.45445543942486211
469.31270570322539015
467.19813713565741864
465.03754241432869776
462.84784074299517442
460.65262499117193329
458.49842749271613229
456.36502884373408051
454.20564943617563358
452.05608417356620521
449.91680525484622422
447.74664657028398551
445.54971977039690501
443.38122186123973734
441.21264056427583
439.03313442793233889
436.8888976093819565
434.70917896163251726
432.50093806664216345
430.30419117580163402
428.08515443173200765
425.87348828655564148
423.6458262248632991
421.40396108816906917
419.14656079568976565
416.92731384939747841
414.69238011084462414
412.39912364917256582
410.16016144707123203
407.93582903954956009
405.71251770080357346
403.52963649181356232
401.32636665143286336
399.05453008383511815
396.79977189883663868
394.53893141993916061
392.32194003330982923
390.0579675012025973
387.8302061742343767
385.61348568470134524
383.42932389811591065
381.23875933360636736
379.03398654085862063
376.77368711661347334
374.49265888276852365
372.22758608295504246
369.9728309216718003
367.72840239247341287
365.49254802240943718
363.25897868807487612
361.02414420561154884
358.74412713536906949
356.4385878109531518
354.18652474801274366
351.9428469924359888
349.69948255893734768
347.41410594330420736
345.13506150250856308
342.89809323072682901
340.63447309359571591
338.38713755293252916
336.13938605379161118
333.85724876448085752
331.59642806367941148
329.33344987862432163
327.05699167476740286
324.79602861660322333
322.560760758626202
320.30053932144573992
318.03533481359238522
315.77605143082496397
313.46945350594933188
311.15441676454742037
308.86799705484901324
306.57964679744611658
304.32064987924070465
302.05707424169179376
299.77485501117178046
297.53118641803098399
295.2882367964340915
293.01857594763021098
290.79077588345836602
288.52833880926789334
286.2098836184517836
283.91181801552431807
281.65844836651228889
279.3655292919406179
277.06036284754645749
274.71859409516844153
272.36418223298056773
270.05675418443945546
267.72884517644627067
265.39170843912484088
263.12555571999473614
260.84295202456917195
258.56368240992082974
256.2738130621005439
253.96190705131596133
251.69436110045833743
249.40748476789701726
247.14811039654907177
244.89623703158892454
242.61266555549912027
240.30879895023349491
238.00047600463088315
235.69450923663461595
233.37985445880113389
231.06811061469664992
228.77872766567770668
226.50126353890246378
224.20117734006956312
221.92557011373867226
219.60852460173046552
217.29640170805598132
215.00092414955523168
212.74519271523868724
210.47165141210635397
208.21360693532946584
205.93169882475592658
203.64632228739819197
201.3363935658641708
199.01242992582407965
196.69688291722448525
194.34613750820079758
192.03211179602286052
189.71022624090502973
187.39346153504146741
185.03326357958920312
182.6659270285167338
180.34517126365594208
178.02754989189267576
175.74565210020298878
173.47928854985588032
171.18499965645190741
168.89206087004728829
166.56721882792930955
164.19203841996716164
161.85262633123306841
159.48912396811132908
157.15747685708851122
154.82898541702181205
152.50700795188618031
150.15555711874333156
147.79302761677340072
145.41972032504423851
143.09464106816270146
140.742941499582912
138.40385257607050562
136.08609153265126679
133.73823276310869801
131.38647517154257116
129.01624247626907049
126.61649120845785887
124.24148895684948002
121.87961075465064198
119.52243382602119937
117.1765473591716642
114.83063750123056934
112.502666655387074
110.16867694535750388
107.78256233141307519
105.39576207690299725
103.03004678361006086
100.66437702813585986
98.291952176694891818
95.888339954768539997
93.489132673853163169
91.100346951831326692
88.722733004803046697
86.329549925117689213
83.958132203982017927
81.554648418227955631
79.152552142771313015
76.717976690011639107
74.283484133321934451
71.88917776712213481
69.503391840029820514
67.089018363652840549
64.683773488119399531
62.260103390764420794
59.872934061318233034
57.440717947099990681
55.055410851305488507
52.675744264206421974
50.274423486164479868
47.854784756119158828
45.430364614156694358
43.038983398512229428
40.60837914634821999
38.210182703896307999
35.783821994576840098
33.372177595611049128
30.974293232137643628
28.570424194562935583
26.198276116400084135
23.81787284476563471
21.415856929553530819
19.047154682346182142
16.639067931416906987
14.238665222914725916
11.855913796524861326
9.4986800203657715258
7.0815137179431300041
4.6132440126094147459
2.1610612421394645999
-0.25915958963302454521
-2.6848260074483079052
-5.0778292126784911886
-7.4975691270861215543
-9.8988383114541100838
-12.286437436857362115
-14.743726330062692398
-17.195038444010684486
-19.623483398442992609
-22.060468461565061915
-24.486857533452489832
-26.946950291201829941
-29.39272653193566498
-31.826717489544840589
-34.235342830751527288
-36.674849306783926295
-39.130211681814628832
-41.597538497303148119
-44.103933197654086484
-46.533694179976500038
-48.999504939514636703
-51.425119545383218167
-53.838126608671359463
-56.265038550419980368
-58.771967376552780138
-61.222682341946359941
-63.691873447084240922
-66.148771739752604049
-68.587646892444425362
-71.079078866826833405
-73.562659034591234786
-76.080371289967388293
-78.524306277905495222
-80.996000065788777533
-83.461222957066127037
-85.931897348622982236
-88.419517951544577272
-90.889191640504492398
-93.370527605457013465
-95.866334218900533415
-98.387127519961737221
-100.85023247745762376
-103.31212612609675716
-105.79462659854692674
-108.30220936164658951
-110.80229356078673675
-113.29647628817481575
-115.74594462097708458
-118.2273923344356632
-120.7354710796209929
-123.23174223027100993
-125.77374191389672831
-128.32144059849434825
-130.81396651080726201
-133.29950944635564269
-135.81958398271382293
-138.33322015508289837
-140.82313808419931433
-143.33956181783275952
-145.86745085930078858
-148.38949771597424387
-150.92899106046220936
-153.44108279392600025
-155.95747618498975839
-158.47682612688774384
-160.96676275861267413
-163.46490151734565188
-165.95465871080523357
-168.4718935559724855
-170.9993939595147765
-173.5336740112358882
-176.05705132783933209
-178.56609380244702834
-181.05798770590118352
-183.56575117384798546
-186.08173093937003273
-188.60943417731343175
-191.13199862219730107
-193.70111500770360635
-196.25503331447757205
-198.78825242758946956
-201.30383440006099249
-203.83895190398851582
-206.36869092913852342
-208.88592302012449409
-211.42266507229510353
-213.95396312116770332
-216.52694655188426509
-219.09875819310616407
-221.64922493744057874
-224.17734422661499138
-226.72831951734596601
-229.28807238889376663
-231.8800752300749366
-234.43936295858483732
-236.98865523385728693
-239.53729728577414448
-242.05354811008766092
-244.61358107590561417
-247.16892564372659535
-249.70524072555895145
-252.24250090491941023
-254.79109822748682745
-257.32289454434618392
-259.83150492291014189
-262.37203740148140696
-264.89679488654928718
-267.46042358465172128
-270.04229668001016762
-272.65698605059861848
-275.2515048212873694
-277.81345127684426188
-280.42385801501063725
-283.0081142934633931
-285.6045138005280819
-288.19806493742959219
-290.78244500378508519
-293.34509562227918877
-295.92954184911206994
-298.5031836410362871
-301.06927293987871508
-303.69958797535355188
-306.30994590024386071
-308.92204171041566951
-311.55592618315313302
-314.16179992691388634
-316.76619813299060979
-319.37118273397720714
-321.97249730775564558
-324.57645309505494424
-327.14269797237676585
-329.72555339696810961
-332.34574863040216997
-334.91238367458726088
-337.5100982480556695
-340.11499376843778464
-342.70737249666274238
-345.30084039971836773
-347.93547476036428634
-350.53109541650644587
-353.15701796043987315
-355.80081553160226804
-358.43912723051442981
-361.05490841586612305
-363.69123644494072778
-366.31048062582817693
-368.92884234040064939
-371.58258832091996737
-374.22206576187090832
-376.85154391809248864
-379.50414260140786382
-382.15970072868549323
-384.80611673113645566
-387.49023551220676609
-390.14747039880450075
-392.78354508922552668
-395.4551688818465891
-398.1390581939372737
-400.8113977473540217
-403.47656344752761015
-406.11446693271528829
-408.74482280312673765
-411.39260154716794204
-414.04052332768907263
-416.70177329750958961
-419.33866215477979722
-422.00905914764837235
-424.62587723684021057
-427.28810530334317264
-429.96542359880641015
-432.59292794674036031
-435.24073984665210446
-437.89231487180302338
-440.5565834614551477
-443.22838598636997176
-445.8950081921566948
-448.60216303056921561
-451.27040212775216332
-453.93201493259834933
-456.5968454912767811
-459.26818359514658141
-461.94261684065190821
-464.60237424039229381
-467.31846934757982126
-469.98833532378108657
-472.68466620536588607
-475.37920945305302212
-478.06101140036469133
-480.74433188916026438
-483.44212530671461536
-486.12205663583836213
-488.84495745761171293
-491.57943762034551582
-494.30490855781317805
-496.99510045154988802
-499.68895029149763332
-502.38237235016140403
-505.12727870820680209
-507.8722074387372345
-510.56892956204279699
-513.27297283033681197
-515.95272064869755013
-518.65484482297938484
-521.34974479201139275
-524.06542465527024888
-526.77565849066729697
-529.47552489856366265
-532.18468072308962746
-534.89088316589834449
-537.64435274847130586
-540.38630512548934348
-543.11270274856838114
-545.83292446424718491
-548.53459855456139849
-551.24376430486665868
-553.97937346835260541
-556.6987326015898816
-559.45933419473601589
-562.21335568077131484
-564.98572552813334369
-567.74651246691530559
-570.54239948959934736
-573.3542736865263123
-576.13809161120059343
-578.91498508169684101
-581.73094821784457054
-584.46087646766216039
-587.19298722107555477
-589.95329658706202736
-592.71914642516708227
-595.46552784705681916
-598.21805650195244652
-600.97976006953808792
-603.72535473322443522
-606.49937507666311376
-609.23785362830926715
-611.9380984256715692
-614.64962912944395157
-617.38046037017136314
-620.0980022711617039
-622.86795735724024325
-625.63472341532497012
-628.39784793890930814
-631.17462455815473277
-633.93559612059527808
-636.7187859263477776
-639.48687812369132644
-642.2706091952808265
-645.07576711903914202
-647.82175801194853193
-650.56698235211729298
-653.32757506700750127
-656.11257760175681142
-658.9350571337134852
-661.6955091811149714
-664.45929259702074887
-667.21831045133228599
-670.01082204308443124
-672.80615233374203399
-675.59420618978822404
-678.4103256932895647
-681.23196440489675751
-684.06251678620049006
-686.84716561669301882
-689.61059918182479578
-692.41655875255924002
-695.20470580114624681
-697.98359585028356378
-700.7959915439806764
-703.59834262161302831
-706.40274629168118281
-709.22854082317849134
-712.06412645143120699
-714.91358640187581841
-717.74812992589318128
-720.55963027667110055
-723.38049145838442655
-726.21660788834344658
-729.03992231704614824
-731.85940427361231286
-734.70212720789038485
-737.55805265872129439
-740.39051104082591337
-743.23935824231830338
-746.0573843041862574
-748.89759560121706272
-751.72416857629298192
-754.60398915729285818
-757.47146152499817617
-760.33991140091200123
-763.16925205031122914
-766.04096654864952143
-768.9118265489728401
-771.74192254894296639
-774.55607943798179349
-777.42970410717907725
-780.30634951346200978
-783.18408587386647923
-786.04616974956843478
-788.88196968761269545
-791.73371545482382317
-794.62097352699151998
-797.48025998528396485
-800.35898193387083666
-803.18031971080745279
-806.0364418340817565
-808.90902166551541086
-811.80226160947461267
-814.66361144226846136
-817.53867731377442851
-820.42325316901894894
-823.33898515582336586
-826.24268176307111844
-829.14830517248162778
-832.04414843063204898
-834.9614862359107974
-837.88680149112212803
-840.79706611115341275
-843.70909512801551955
-846.6207232264708864
-849.53365246012060652
-852.41804589724631569
-855.32114214876378355
-858.22218903528550982
-861.1240837011740723
-864.05111977593946904
-866.98298697408483804
-869.91428079786805938
-872.87191055897767455
-875.81412773112901959
-878.75860881635639998
-881.72495386169987341
-884.68240299352203238
-887.60687192361558573
-890.51851154224516449
-893.43840734020034233
-896.33684139539059288
-899.27932434866943368
-902.2220663352735528
-905.13495710092456648
-908.04714762694652563
-910.98070162469764455
-913.91465351432714215
-916.82956827451607751
-919.75420568007109523
-922.68822266991310244
-925.59865683239115697
-928.52514853920854421
-931.45066095178219712
-934.37961134420459075
-937.30386581404275148
-940.23212349791344877
-943.13923139402163542
-946.1003488484823265
-949.02608060959710201
-952.00914497488827237
-954.96555286310683641
-957.92362087002209137
-960.87482575484852987
-963.8126329380675088
-966.78925048242274443
-969.73033724117055954
-972.70933225046758253
-975.68598386742974071
-978.66494935359844476
-981.60405216772301173
-984.55565571187594287
-987.52640738480897653
-990.49135664402137991
-993.470502295122742
-996.45988695017672399
-999.47043605083945295
-1002.4767852997446198
-1005.4799080289075164
-1008.4669727390023581
-1011.4663671811812264
-1014.4573914132461141
-1017.4537594297606802
-1020.4646547675549755
-1023.4565510293797388
-1026.4887238569328929
-1029.5266875981055819
-1032.5913733708191558
-1035.6121278147293197
-1038.6355473620326393
-1041.6741722233614382
-1044.7313615255793593
-1047.7715935169721888
-1050.8514225054016151
-1053.9176231238375294
-1056.951871673759797
-1060.004997899226737
-1063.0231582036101372
-1066.016180482511345
-1069.0348268693187492
-1072.0354452575090818
-1075.059471463526279
-1078.1201727180059606
-1081.1687253878847059
-1084.2472005664499193
-1087.3236548198044602
-1090.3774385996596266
-1093.4616734249050296
-1096.5289713968529668
-1099.6233637335631101
-1102.6788252441144778
-1105.7095964067930254
-1108.759197285341088
-1111.8042241017121796
-1114.8581325795396424
-1117.89457220082204
-1120.9566709637897475
-1124.0237664458011295
-1127.0864574826587159
-1130.1209272349074126
-1133.1816560958441187
-1136.2367070475163473
-1139.3041926067483018
-1142.3687571179402767
-1145.4811977001199921
-1148.5386524308191838
-1151.6293509092927252
-1154.7370393879380117
-1157.8051980352447572
-1160.8688583235898477
-1163.9699806218582125
-1167.0829962486463955
-1170.2067898691468599
-1173.3087372214165498
-1176.4038239453836923
-1179.5128702619915657
-1182.6496408982682169
-1185.776268574344158
-1188.877319521676327
-1191.9543870501527181
-1195.0549908267976207
-1198.1917326891721132
-1201.2942387662649253
-1204.3862595975508611
-1207.49155066403614
-1210.5908122123319117
-1213.6964172328014229
-1216.8145633165065647
-1219.947607872837807
-1223.1132782246509123
-1226.239621698115343
-1229.3856585189882935
-1232.5112203630344538
-1235.6223165305877956
-1238.7911322040527011
-1241.9153853593868462
-1245.0260909336996065
-1248.1521992836208028
-1251.3404045504369151
-1254.5221598593775525
-1257.6882793390443567
-1260.8681617477679993
-1264.0349715495865439
-1267.2078277933526351
-1270.3703270089633861
-1273.5274212700435328
-1276.7103838713196637
-1279.8922339828229724
-1283.0628069899303227
-1286.2343342038686842
-1289.3902116485542138
-1292.5545367835934485
-1295.716153114466124
-1298.8745761270222374
-1302.0285200325986352
-1305.1868088607711798
-1308.3572304293056732
-1311.5238227626562093
-1314.6998179661861741
-1317.8935567508965505
-1321.0452779487277439
-1324.2160414745781054
-1327.4169351885173
-1330.6153928465894296
-1333.7797131287861703
-1337.0016541931101983
-1340.2073676600321051
-1343.4269358632998319
-1346.6286202289891207
-1349.845262108300858
-1353.0700633913165802
-1356.2827730109290769
-1359.5093983718968502
-1362.7469835520475954
-1365.9312598456583601
-1369.1488991763085323
-1372.3757541916711489
-1375.6032224822245098
-1378.8624421810065996
-1382.1007544197175321
-1385.3546397356681155
-1388.6192565182871022
-1391.8719719015859937
-1395.1225039433520578
-1398.4118274657494112
-1401.6598559751041648
-1404.9255350422336051
-1408.1958365450891506
-1411.4707271055349338
-1414.7831871122725715
-1418.0914204856537708
-1421.3653278946565024
-1424.6342458411002099
-1427.8897460055220563
-1431.1718991248810653
-1434.4350893733126213
-1437.7106475440577924
-1440.9647026422890121
-1444.21753585206352
-1447.4669574051536074
-1450.7427367915256582
-1454.0041143770015424
-1457.2557613241906438
-1460.5635122030337243
-1463.8307682067022597
-1467.1236070014908819
-1470.397421249511126
-1473.7175241451407146
-1476.9999795761195855
-1480.2704480821864763
-1483.5640463709905816
-1486.8692823662843239
-1490.1633312792466768
-1493.4229956600684091
-1496.7088665596800183
-1500.0171750357731071
-1503.3017160446884191
-1506.6349101968994546
-1509.9344416336102768
-1513.2519514674881975
-1516.5969597796995458
-1519.9371400254772198
-1523.2745747513783954
-1526.5877361955474498
-1529.9043291651221352
-1533.2407034370503425
-1536.565536799945221
-1539.9329393082537081
-1543.2901302037546429
-1546.6847337767960653
-1550.0450568816283976
-1553.4193994457275494
-1556.7618692219477907
-1560.1235159054660926
-1563.4995922548416729
-1566.857081134191958
-1570.2221914041574564
-1573.5808226764645497
-1576.9528137284605691
-1580.3561079214091478
-1583.7024460795103096
-1587.0798531410562191
-1590.4690857902339758
-1593.8953217680127636
-1597.3027529942703495
-1600.7247710767690023
-1604.1387314311677983
-1607.5694790379548067
-1610.9809018951787039
-1614.3720592248739649
-1617.7286451323996062
-1621.1309332719363283
-1624.5082020609777373
-1627.9320288098604124
-1631.3834090478619601
-1634.8002574218794507
-1638.2251108475718411
-1641.6559512002788779
-1645.0873032045731179
-1648.508909362052691
-1651.9439037030072086
-1655.3635747982173143
-1658.8100852336626758
-1662.1995731558381522
-1665.6072399229208258
-1669.0712144666679251
-1672.5396279302019593
-1675.969847695785802
-1679.4400689417909689
-1682.9112399777789051
-1686.3369917257243742
-1689.7859342787178321
-1693.2269557148340482
-1696.6849243724939242
-1700.1394443575675268
-1703.6147004874151207
-1707.0951532812966889
-1710.596760546075302
-1714.0973087894587934
-1717.6270055877739651
-1721.1392647065342771
-1724.6448404382135777
-1728.1425933452594563
-1731.6003527789398504
-1735.0791777718281992
-1738.6051574824653017
-1742.0804305648955506
-1745.5500215732818106
-1749.0016790591878362
-1752.4847375711835866
-1755.9960845900041022
-1759.5348286432392797
-1763.1064768310423005
-1766.6019727836705897
-1770.0905998695720882
-1773.5618217616336096
-1777.0523614334822469
-1780.5301773241787942
-1783.9968286759917646
-1787.4753349056750267
-1790.9993064792838595
-1794.5176513770632027
-1798.0503984387692071
-1801.6009103444691846
-1805.1872387693124438
-1808.7190826300031858
-1812.2589445781827635
-1815.8100480317159509
-1819.3515292622880679
-1822.8916867440536862
-1826.4248802194056225
-1829.9810839951592243
-1833.5804922596378219
-1837.1528224492255958
-1840.672813971349342
-1844.2051200744056132
-1847.7664408127882325
-1851.3225349759313758
-1854.8772892305921687
-1858.4282393709429471
-1862.013429001553277
-1865.6066063975863472
-1869.1888824177754032
-1872.7997284037189729
-1876.3991196130682511
-1879.9834590857205967
-1883.5795941315864184
-1887.1648698617941591
-1890.7615140743735083
-1894.3537668013541406
-1897.9310379009693861
-1901.5394045906584779
-1905.1393126425409719
-1908.7425115266655666
-1912.3408357936493758
-1915.941984580469807
-1919.5622789320771062
-1923.1897492456087093
-1926.8214094635845868
-1930.5056993509140284
-1934.1330527133957276
-1937.7625781000972438
-1941.4093781016397315
-1945.0241057627190457
-1948.6747152122884472
-1952.309754185625934
-1955.9111066394559657
-1959.5714719994921325
-1963.2167810025912331
-1966.8946016990823864
-1970.5592393173610617
-1974.2284734029226456
-1977.915356244345503
-1981.6109994475923486
-1985.2877204832818734
-1988.9693992046127278
-1992.6822224703162192
-1996.402629364895347
-2000.1126120475159951
-2003.885613894010703
-2007.5945371209186305
-2011.2936180384178897
-2015.0208005424894964
-2018.7553313314206207
-2022.4786163394692267
-2026.2335637135811339
-2029.9636983531461283
-2033.7159472679377359
-2037.4908787967533499
-2041.250151356571223
-2044.9828865073106954
-2048.7392789313053072
-2052.4643935867370601
-2056.2118599711020579
-2059.9387274361192794
-2063.7033501795422126
-2067.4475229244981165
-2071.2010048364995782
-2074.9696432492173699
-2078.7457700127129101
-2082.5023257867137545
-2086.2080421976556863
-2089.9473095244793512
-2093.6791485704693514
-2097.4640230081276968
-2101.2650247805136132
-2105.0928228379457323
-2108.8577785271995708
-2112.6420101605144737
-2116.4675582191898684
-2120.2797317434110482
-2124.0870814737518231
-2127.8796246599804363
-2131.7160982407694974
-2135.5076215197036618
-2139.3263029793706664
-2143.1069367560762657
-2146.8957098450796366
-2150.7178953149677909
-2154.5662039578273834
-2158.372631258718684
-2162.1797862481189441
-2165.9756655698179202
-2169.7922207035744577
-2173.6214754088837253
-2177.4800943616405675
-2181.3351803766504418
-2185.1837915657051781
-2189.0465932543834242
-2192.9048095543898853
-2196.7877553177795562
-2200.6402200435927625
-2204.5297493547791419
-2208.3696913306721399
-2212.2550975959652533
-2216.1778408207069333
-2220.0592096021155157
-2223.9695033109851465
-2227.8570412487460999
-2231.7687630473401441
-2235.7148862251874561
-2239.6093258093292206
-2243.5078312184909919
-2247.4183407571485986
-2251.3439334022173171
-2255.2604887788324959
-2259.2048397194653262
-2263.1355353859530624
-2267.0934453063564433
-2271.0185192047520104
-2274.9559891181811508
-2278.9022428644502725
-2282.8316654418140388
-2286.7876777812871296
-2290.7313399902250239
-2294.6775136759652014
-2298.6364062003854087
-2302.6022757553996598
-2306.5388453989694426
-2310.4780356185819983
-2314.4858039423952505
-2318.5029546629880315
-2322.5075419758563839
-2326.4903937273725205
-2330.4841765931887494
-2334.5046630402866867
-2338.5360391839044496
-2342.5456701642656299
-2346.5391188389598938
-2350.5325371937469754
-2354.5203879163009333
-2358.4803723848131085
-2362.5230571637671346
-2366.5657569361187598
-2370.5761238180803048
-2374.5983978487247441
-2378.6841950905713929
-2382.7315925531052017
-2386.7934916789554336
-2390.8281478148692258
-2394.9408290817377747
-2399.0251416234600583
-2403.1016991788246742
-2407.1653668593335169
-2411.2553991934573787
-2415.3540403883944236
-2419.4648163947367721
-2423.5538513719970979
-2427.6901614547286954
-2431.77192417645756
-2435.8427513644683131
-2439.91763449283917
-2444.0394374387360585
-2448.1933953507905244
-2452.3165494836421203
-2456.4457528215875755
-2460.5693801650013484
-2464.7199075263092709
-2468.8034552700346467
-2472.921583792072397
-2477.0732615965257537
-2481.1611506457329597
-2485.3015062203576235
-2489.4293530608078981
-2493.5763203164869992
-2497.6999920354096503
-2501.8441908364443407
-2505.9685920709762286
-2510.1389660932345578
-2514.2883530913049981
-2518.4276917570687147
-2522.6129344629625848
-2526.7986480781664795
-2530.9370559898884494
-2535.0984516282801451
-2539.2693382171983103
-2543.4222061487789688
-2547.5778086759532925
-2551.7795486937297937
-2556.0139994549572293
-2560.1902567785655265
-2564.3915229867898233
-2568.6538335079812896
-2572.9088382797422128
-2577.155049566116304
-2581.4062288507138874
-2585.7041086208387242
-2589.9530019668595742
-2594.190572661049373
-2598.4363340016484472
-2602.7291376042412594
-2606.986055201549334
-2611.2271526271315452
-2615.4991688771438021
-2619.7731570487048884
-2624.1011808968746664
-2628.3848671492555695
-2632.6270145146067989
-2636.9326536017865692
-2641.2552171815950715
-2645.5421206442706534
-2649.8369621293777527
-2654.1741028235810518
-2658.5175531124623376
-2662.8014306343202406
-2667.1267296159476246
-2671.4140545113459666
-2675.7375763657155403
-2680.0564319273826186
-2684.3618915476749862
-2688.6816902378641316
-2692.9709606966393949
-2697.3147505948095386
-2701.6662528495949118
-2706.0026748076311378
-2710.3765188504635262
-2714.7631159494903841
-2719.1471173630238809
-2723.5106068000277446
-2727.8763376177398641
-2732.2418812887012791
-2736.6210433163146263
-2740.9669855391794044
-2745.3744379673676121
-2749.7844412293379719
-2754.1927548963681147
-2758.5807219295943469
-2763.0354246539527594
-2767.4767755168527401
-2771.9418508646926966
-2776.4083729450585452
-2780.8681769827762764
-2785.3490951199673873
-2789.7899690522431229
-2794.2413739537655601
-2798.7782459617292261
-2803.2515105857023627
-2807.6940741029375204
-2812.1947596729755787
-2816.6995262614564126
-2821.2437234277886091
-2825.7309363008225773
-2830.2128629441740486
-2834.7140206348626634
-2839.2318149657394315
-2843.6917534608805909
-2848.244009924821512
-2852.7367954640712924
-2857.2285507804076587
-2861.7348694623824485
-2866.2820956582609142
-2870.7994413587048257
-2875.2991904677965067
-2879.9151877620411142
-2884.423933486036276
-2888.9709535815231902
-2893.5341060180812747
-2898.0491193895059041
-2902.5884409446907739
-2907.1611700044627469
-2911.7137104084886232
-2916.2639723970901287
-2920.8610768436328726
-2925.5219035449858893
-2930.1711581193439997
-2934.8475424274952275
-2939.4910071743079243
-2944.1069842283213802
-2948.7365639989752708
-2953.3697221147804157
-2958.012139176040364
-2962.6286713490503644
-2967.2584899347289138
-2971.8633972781190096
-2976.4631334250871078
-2981.0637981199070055
-2985.6641465093830448
-2990.3238434695604155
-2995.0329596221640713
-2999.7149582249426203
-3004.4054692290483217
-3009.0827551071138259
-3013.8015162476954174
-3018.4571037511827853
-3023.1697207304691801
-3027.8764190358219821
-3032.6053316549832743
-3037.3161937283680345
-3042.1237616626685849
-3046.9534549607597
-3051.6775116800017713
-3056.4827103678203457
-3061.21319448865097
-3065.9731584009023209
-3070.7261944173810662
-3075.6026237410937938
-3080.4222288255300555
-3085.1862797794251492
-3089.905876060366154
-3094.6481881007757693
-3099.4370980157818849
-3104.2676934004166469
-3109.0039333012855423
-3113.7566656014487307
-3118.5160848325349434
-3123.3051226177944955
-3128.1903609389555641
-3133.0160619249832052
-3137.8174198799897567
-3142.6692236070375657
-3147.5026337837221035
-3152.399233348294274
-3157.3637832949134463
-3162.2717082729832327
-3167.2819061639538631
-3172.1644136256982165
-3177.0573764162409134
-3181.9466457572593754
-3186.8423689461133108
-3191.7247337940843863
-3196.6347215346886514
-3201.4925594767951225
-3206.392967284637507
-3211.3561499188958805
-3216.233909007631155
-3221.1276068289134855
-3226.1587960242686677
-3231.1549091164592937
-3236.1235944025083882
-3241.095589990982262
-3246.0911534127671985
-3251.0643122935007341
-3255.9287147672689571
-3260.847456960108957
-3265.8275175343196679
-3270.7306518028053688
-3275.6685698181595399
-3280.6386951218155446
-3285.5717328188125066
-3290.6094336426976952
-3295.6397211417070139
-3300.7123529175623844
-3305.7249406754481242
-3310.7907975422076561
-3315.7611728531378503
-3320.8107891199560981
-3325.8862724775931383
-3330.9347399151210993
-3335.9920977359911376
-3341.0552037506377019
-3346.1473462719213785
-3351.2628125187975456
-3356.4169950223799788
-3361.4754566924011669
-3366.6015118671316486
-3371.7559475058683347
-3376.8840018385722033
-3381.9178592411685713
-3386.9706983706505525
-3392.0741501604879886
-3397.1263298371259225
-3402.2109986546884102
-3407.3915565575007349
-3412.5288714070798051
-3417.5481342159787346
-3422.6690697847898264
-3427.8157613465809845
-3433.0174371045882253
-3438.2050832491904657
-3443.3184307558271939
-3448.5149237582513706
-3453.6942648870663106
-3458.9744014856505601
-3464.2072454212343473
-3469.4574228163487533
-3474.7112131441317615
-3480.0074703506302285
-3485.2750329904624778
-3490.5055660606849415
-3495.6771838696990926
-3500.8227330632098528
-3505.9861448560372992
-3511.1045837247852432
-3516.2549736992923499
-3521.5439121718577553
-3526.8073713431967917
-3532.0731376537910364
-3537.335567409151281
-3542.5929206081282246
-3547.8548980309528815
-3553.221855204597432
-3558.5663404052456826
-3563.7542235586615789
-3568.9704760335948777
-3574.3041044883461836
-3579.5245996026860666
-3584.8346033629645717
-3590.1613458568103852
-3595.4897497380306959
-3600.7672253715454644
-3606.0226786343578169
-3611.346268324259654
-3616.5656334487948698
-3621.7729263273040488
-3627.0393097470378052
-3632.3538551011424715
-3637.8478085553538222
-3643.2145239302294613
-3648.6213186796053378
-3654.0203433260089696
-3659.4014600801219785
-3664.6685395726690331
-3669.9360185909818028
-3675.1878886320469064
-3680.5461910867247752
-3685.9029515941588215
-3691.3142367786326759
-3696.7388533561747863
-3702.1965654571959021
-3707.6484747615754713
-3713.1960216610168573
-3718.7046327611242305
-3724.2168640802069604
-3729.6514765606407309
-3735.010332842176922
-3740.3482388178522342
-3745.6848800435627709
-3750.9710245343744646
-3756.378970567777742
-3761.878153797907089
-3767.4463075463277164
-3773.0719190362142399
-3778.6876453203758501
-3784.2317366489291999
-3789.7873670614262664
-3795.2664115471320656
-3800.7239831871311253
-3806.272955505293794
-3811.754034443693854
-3817.2750885713489879
-3822.7412062467615215
-3828.2120291639876086
-3833.8345224780200624
-3839.3742124587311082
-3844.885763975134978
-3850.5636294412101961
-3856.183684585229912
-3861.716362817335721
-3867.3127135474496754
-3872.9896067156032586
-3878.5468664522913969
-3884.1235144050524468
-3889.6961082934089973
-3895.2689003540217527
-3900.8431133252943255
-3906.4222843647075933
-3911.9996293759095352
-3917.5663113096825327
-3923.2511812287489192
-3928.9342411624224951
-3934.5775203794696608
-3940.3212858761175994
-3946.089928185532699
-3951.9500762385155213
-3957.7613200032119494
-3963.6234613501924287
-3969.3583803656647433
-3975.1787496667693631
-3980.9205467138262975
-3986.7072442773792318
-3992.4903495976927843
-3998.3393344345649894
-4004.0679155899142643
-4009.8747666996769112
-4015.7046482636815199
-4021.5619537229849811
-4027.224063188432865
-4032.8870347877045788
-4038.5431408779550111
-4044.2600761308626716
-4050.0086541218970524
-4055.7905448318238086
-4061.5722566519061729
-4067.2553691899288424
-4072.9981021267526557
-4078.6772598076968279
-4084.4278910544344399
-4090.0707488931561784
-4095.8082549344280778
-4101.5995355208651745
-4107.4863687416091125
-4113.263055146352599
-4118.9968089146777857
-4124.8660684342767127
-4130.7399679219697646
-4136.7369504786247489
-4142.6429583904036917
-4148.5686810575825803
-4154.3899171808361643
-4160.197611338848219
-4165.994430650218419
-4171.7402003570787201
-4177.5377815652982463
-4183.4049218316231418
-4189.2493581519793224
-4195.1731255256854638
-4201.1246183353341621
-4207.0671948137514846
-4213.130501463575456
-4219.0601394893910765
-4225.0221674907324996
-4231.0657158763560801
-4237.0393484716305466
-4243.02312388849532
-4248.9335424236678591
-4254.8957379283865521
-4260.8509981176548536
-4266.8851716023091285
-4273.0064724203266451
-4279.1407423889395432
-4285.4332575829048437
-4291.4938289190613432
-4297.6296380277308344
-4303.7049666275970594
-4309.6756305600456471
-4315.8225016528867855
-4322.1332995400607615
-4328.2337213268529013
-4334.3033215592695342
-4334.3033215592695342
