6   15   11
34   36   8
2   1   33
1   55   0
11   19   10
8   21   1
45   50   3
15   5   11
6   62   52
12   35   47
9   61   52
43   17   26
53   22   17
29   29   2
12   9   41
1   0   38
55   27   28
8   18   10
19   31   33
22   1   5
30   27   2
54   22   21
50   27   1
46   45   57
2   28   25
15   51   31
59   3   37
19   19   8
3   13   3
58   30   27
47   17   47
8   45   23
35   37   40
5   41   14
8   2   8
50   56   9
2   5   42
59   21   1
7   23   21
5   6   0
17   18   0
62   25   16
14   47   43
13   9   57
56   61   42
13   47   47
4   12   5
46   61   55
56   38   59
23   50   43
37   55   13
19   9   31
61   49   6
47   10   58
34   23   32
25   23   0
5   42   6
46   17   56
16   38   47
63   6   1
53   9   46
2   59   30
23   60   63
2   62   40
39   15   61
20   57   63
61   8   1
29   4   26
41   9   28
59   46   55
22   12   32
2   42   11
51   3   11
11   55   60
31   28   27
13   34   50
19   47   61
6   42   60
56   6   29
1   16   22
0   63   13
0   27   43
55   58   0
5   10   12
17   10   20
9   44   23
61   57   14
61   0   1
62   59   13
11   34   12
43   12   24
50   59   15
28   35   32
49   14   53
58   40   16
42   29   39
14   29   4
47   13   57
56   39   34
53   30   28
45   29   31
49   27   34
44   56   0
22   45   54
59   37   16
38   4   25
62   52   19
30   11   61
15   54   46
15   54   60
19   38   45
30   20   20
28   24   34
14   8   3
3   63   9
52   43   12
58   50   6
3   61   58
23   8   32
9   19   20
12   9   38
39   48   11
55   3   2
34   31   38
12   11   25
48   39   11
35   16   56
56   17   23
59   18   62
44   60   1
52   48   1
24   61   58
4   62   55
24   8   31
2   15   41
7   19   20
62   62   37
49   40   48
50   39   60
16   46   47
7   27   41
48   1   14
37   8   27
3   13   30
51   56   15
37   61   24
50   4   62
3   55   60
14   0   9
2   44   7
5   32   45
9   61   13
55   17   23
41   37   27
41   29   39
40   8   20
47   1   1
48   37   57
62   25   29
31   30   24
60   1   37
50   10   26
57   2   31
38   5   28
16   52   43
55   46   47
55   37   63
47   1   57
19   35   36
63   62   10
28   63   57
26   15   48
52   51   56
11   61   38
12   14   46
36   9   28
40   7   28
43   57   57
37   50   19
28   63   28
23   34   31
15   48   54
24   47   23
38   55   35
12   14   11
37   11   55
5   5   10
37   12   12
36   57   23
14   4   31
59   39   24
43   1   16
57   47   9
51   25   52
57   21   38
48   36   28
56   15   15
25   60   34
5   52   24
62   3   62
57   30   57
32   9   28
3   19   12
57   26   53
61   20   61
12   40   9
8   13   41
38   15   9
53   44   60
56   54   54
43   28   35
59   60   43
2   15   11
6   17   61
47   21   0
28   15   57
61   21   54
51   24   21
54   12   48
48   39   54
63   62   16
1   57   34
2   55   0
37   15   50
55   12   41
1   63   6
9   20   0
0   2   9
60   33   57
50   0   31
57   31   3
27   7   13
7   13   11
10   11   15
26   56   0
1   53   60
2   7   5
59   17   48
0   44   0
11   6   56
28   14   56
48   48   48
41   44   17
22   4   63
5   12   22
33   26   33
12   13   19
61   38   54
42   23   12
50   19   11
35   4   8
21   34   31
37   16   22
7   7   25
18   24   27
6   7   63
56   54   4
57   59   44
16   2   51
32   5   31
12   58   22
22   7   0
19   36   49
48   53   51
29   22   50
32   39   40
14   16   18
35   57   13
13   14   42
14   41   41
63   52   4
11   27   40
24   54   30
20   21   59
3   57   31
55   30   18
30   18   31
28   35   15
50   14   50
57   57   0
7   23   13
31   34   9
57   0   37
62   49   21
47   55   57
59   35   62
50   63   25
63   9   22
17   37   0
47   5   11
60   58   14
37   35   3
0   44   6
54   15   15
54   10   29
11   6   3
10   59   48
14   20   3
63   22   55
0   11   56
10   11   56
38   37   61
38   32   62
32   18   56
8   5   0
61   49   57
57   46   63
12   1   8
45   36   4
61   24   62
47   33   59
7   59   35
39   4   19
56   50   0
60   6   1
29   8   8
28   4   15
26   44   22
56   41   30
8   62   47
62   59   50
22   9   6
24   26   21
41   18   25
60   7   20
23   49   1
10   6   1
16   55   60
16   1   54
7   19   3
34   24   22
17   16   1
27   56   30
14   16   11
4   3   56
47   26   28
7   28   45
0   27   60
34   6   59
30   34   38
47   5   2
4   53   12
44   35   24
53   30   57
27   31   36
11   10   63
11   3   13
24   32   45
38   7   27
56   54   55
0   24   3
38   41   12
2   39   62
61   2   19
18   48   42
19   39   40
55   49   13
33   57   13
29   0   31
13   35   49
0   58   9
0   17   41
57   13   55
57   41   32
58   10   5
0   11   2
21   22   2
39   13   18
60   43   51
47   29   38
10   39   41
16   11   8
32   11   1
25   19   36
43   0   10
18   1   18
29   14   54
12   23   10
6   1   5
9   36   24
2   12   50
18   18   61
61   20   0
12   29   53
18   7   57
46   22   52
27   63   28
21   20   12
49   10   26
24   5   61
29   35   62
34   37   35
11   56   1
59   12   1
59   26   36
59   60   44
42   59   15
57   9   58
9   20   45
23   27   36
3   48   59
35   5   16
18   49   61
19   56   34
55   39   60
58   3   19
59   2   12
35   48   50
35   29   17
12   23   28
14   10   49
28   19   48
54   40   54
46   27   34
61   54   59
33   21   50
27   28   18
54   7   1
33   15   22
1   44   60
17   28   10
31   38   12
30   37   15
11   39   48
33   36   62
41   7   19
60   19   22
19   2   26
2   0   6
16   25   8
49   28   37
47   29   37
57   55   52
57   13   6
25   38   61
48   60   20
56   31   14
6   13   20
62   42   34
55   17   47
12   10   20
0   4   41
28   29   36
61   56   44
59   43   54
27   4   15
29   48   50
60   42   59
1   0   4
23   30   18
15   7   51
18   4   17
48   38   16
13   25   22
38   55   20
21   7   8
35   47   60
46   27   63
12   57   17
28   10   62
60   9   51
13   62   9
56   55   13
48   32   63
0   11   9
4   8   21
22   28   21
51   25   4
35   23   8
53   58   0
39   3   20
20   2   61
49   19   19
63   11   5
57   35   50
0   1   50
19   0   48
19   37   62
41   55   57
29   0   62
57   30   26
25   24   25
45   10   62
34   38   44
22   6   8
29   61   34
10   1   57
58   55   14
0   12   5
51   6   60
41   57   11
5   14   37
63   31   51
12   13   0
23   18   12
33   31   8
57   46   56
10   28   49
60   16   10
42   22   8
23   26   39
41   12   18
32   1   15
54   22   17
47   42   3
58   46   0
3   10   5
60   62   10
39   4   45
36   56   53
23   33   62
45   20   19
56   40   60
35   21   6
19   36   60
29   37   54
47   42   54
5   24   25
62   22   38
12   63   38
50   27   28
52   42   59
26   58   31
7   7   63
8   17   25
61   52   13
55   2   58
4   28   26
47   23   14
25   8   0
55   44   54
11   30   47
17   31   60
20   4   5
10   25   54
52   48   32
37   38   63
9   2   34
62   43   25
18   7   61
48   8   62
10   8   63
21   21   11
11   25   22
46   28   2
62   44   5
25   41   62
57   27   14
43   20   19
50   57   10
18   52   34
5   11   2
18   13   1
54   0   19
62   27   37
24   34   12
42   1   41
61   1   33
5   62   30
22   20   12
53   42   58
58   7   15
57   41   40
25   15   8
21   6   62
48   58   7
62   24   26
23   49   36
16   26   3
2   14   30
15   0   29
36   50   19
33   11   55
47   24   49
59   63   10
42   61   26
6   25   40
47   27   43
12   38   48
24   4   0
31   27   2
29   54   31
61   7   2
9   24   18
5   1   43
29   28   6
47   60   0
0   26   61
8   21   52
18   46   47
29   32   10
56   50   59
56   37   16
59   27   21
44   24   49
40   14   50
56   43   19
21   14   7
62   12   35
7   32   16
54   23   19
60   43   54
63   19   58
22   13   57
18   36   37
47   37   15
60   32   60
54   53   44
5   3   56
8   3   56
13   12   8
14   39   43
63   57   13
0   15   1
50   21   49
8   42   56
15   12   20
27   1   57
0   63   10
21   51   51
33   26   22
62   36   23
23   42   8
28   28   24
39   46   16
1   29   39
41   16   19
32   3   43
3   30   15
58   51   63
14   33   3
13   11   13
6   17   19
22   20   1
12   29   16
17   17   7
57   42   54
60   54   19
60   36   8
5   55   40
42   52   59
6   23   45
57   32   62
33   5   8
60   61   34
8   20   40
30   38   53
45   58   41
63   59   43
48   9   60
15   52   39
35   51   19
13   29   4
6   57   53
23   11   1
27   52   31
55   19   19
41   31   16
22   20   59
43   61   11
1   26   40
39   16   9
58   43   52
18   34   49
7   44   29
7   55   20
1   50   21
61   62   62
29   33   33
14   13   20
7   63   48
21   3   61
7   56   40
60   16   19
17   34   41
33   4   56
4   50   59
16   16   61
35   25   22
32   55   43
60   50   59
63   30   32
60   40   6
31   62   15
48   36   58
41   44   42
2   6   37
46   15   24
29   29   63
26   47   8
15   2   52
9   58   12
40   45   17
6   23   50
44   42   44
24   8   26
19   1   7
6   57   4
18   41   4
13   28   21
10   8   38
15   14   33
19   16   42
21   26   59
56   57   27
8   49   63
54   17   14
61   42   59
31   19   20
31   0   0
29   61   15
6   38   4
12   6   43
53   37   16
41   7   25
18   33   42
47   60   56
61   56   53
18   44   58
8   34   8
9   49   30
61   23   40
26   56   63
63   46   57
1   8   29
10   46   14
38   42   8
14   27   32
44   60   41
0   9   29
10   14   62
59   18   6
21   44   54
37   23   24
18   7   11
0   12   22
63   46   55
13   13   25
10   6   3
31   35   11
17   38   40
43   26   58
11   11   38
20   20   2
63   54   31
36   46   17
59   39   23
2   47   1
38   9   3
52   35   48
59   48   1
11   13   11
56   24   2
28   63   62
38   9   10
17   49   63
3   59   13
63   6   41
57   42   60
53   26   42
18   13   7
29   31   24
59   55   56
26   41   12
19   33   21
27   55   8
53   47   51
9   23   22
21   15   36
62   57   9
48   57   57
22   44   11
4   57   0
38   17   6
33   52   44
59   56   31
5   59   13
16   10   20
4   4   38
61   15   56
12   30   54
10   18   18
61   19   11
17   39   1
12   24   20
12   33   12
32   18   8
15   16   23
19   1   51
16   4   11
48   56   6
36   32   61
5   23   20
54   57   27
61   33   8
11   35   15
63   7   24
58   44   55
8   19   53
61   42   3
57   32   59
63   13   21
47   37   57
3   56   56
1   24   38
26   38   13
46   18   21
5   29   26
36   19   8
63   25   57
14   14   33
59   30   23
58   32   57
55   12   58
55   21   46
33   60   31
50   39   57
19   12   6
32   10   57
12   28   40
44   7   17
25   63   35
39   40   18
15   20   25
24   30   63
39   22   16
4   59   40
61   35   57
4   21   45
33   37   63
37   19   1
63   31   60
32   35   62
51   57   9
16   30   4
6   27   13
12   26   21
22   2   31
7   53   56
12   23   7
18   15   2
3   29   26
48   61   15
52   36   14
23   34   26
8   7   3
56   18   25
11   16   31
14   36   0
54   43   56
58   39   30
3   32   14
23   35   42
44   55   11
12   28   22
11   63   35
24   15   11
39   63   27
55   20   22
21   20   1
8   58   40
18   12   8
18   45   2
57   52   57
44   1   7
63   4   40
27   44   20
44   36   4
48   9   52
37   2   32
9   1   38
55   18   50
28   4   26
59   14   19
53   25   44
19   59   63
31   61   63
62   60   56
8   10   13
16   14   18
0   42   55
33   21   49
25   7   31
47   26   31
38   37   63
16   55   61
2   4   30
38   17   12
34   29   27
41   6   17
63   6   51
35   25   10
11   58   22
11   46   54
4   6   57
53   26   11
46   60   44
18   1   48
29   33   31
31   33   62
13   28   8
49   37   56
17   16   2
55   46   50
34   6   54
10   19   1
11   8   31
37   26   17
8   51   24
6   41   63
32   18   20
30   38   12
47   24   33
28   20   8
58   48   50
13   62   12
57   43   48
17   3   51
27   1   38
0   30   57
54   34   56
46   63   7
22   5   13
18   34   59
13   3   31
43   42   58
9   23   41
23   35   17
1   45   63
7   55   60
35   46   46
15   30   16
12   54   60
1   2   5
39   4   28
60   12   14
40   57   25
63   12   30
26   9   1
37   36   17
26   39   62
27   37   33
11   55   63
10   47   9
33   12   59
5   9   48
46   38   39
53   21   12
30   13   28
29   11   1
6   59   59
32   38   8
29   11   28
13   8   61
53   11   14
16   12   0
6   22   54
34   27   17
24   46   16
22   53   63
29   27   17
15   16   0
59   59   14
15   40   57
59   51   50
56   1   45
19   47   54
27   60   0
48   14   24
22   10   27
53   54   1
63   57   59
1   2   50
5   18   1
7   48   58
22   50   47
18   62   63
37   0   31
24   42   63
29   2   53
29   55   8
57   44   50
3   16   11
11   17   0
55   55   4
37   47   8
27   62   58
9   8   13
62   42   19
57   25   28
29   5   36
48   9   58
46   36   16
39   16   34
12   62   35
29   9   61
59   3   29
13   38   13
39   13   46
43   49   3
12   20   40
1   12   50
15   51   61
0   55   19
27   21   24
26   32   36
23   44   42
41   22   50
62   2   6
2   17   1
0   0   60
37   63   27
35   2   30
9   18   30
40   4   27
24   31   26
40   17   8
7   24   28
45   55   44
32   55   13
40   57   20
23   0   30
51   36   37
35   31   8
61   43   0
10   30   30
57   12   35
27   9   8
34   38   3
9   3   10
59   58   4
47   51   48
7   52   0
29   13   30
37   19   6
59   55   55
60   28   54
50   16   14
54   40   51
49   8   60
19   25   39
3   58   35
9   8   3
7   2   23
39   19   57
8   28   40
60   11   4
10   31   3
40   12   19
13   56   63
10   13   20
2   2   50
34   5   38
42   16   23
6   51   51
5   1   48
3   17   0
54   34   59
57   53   13
33   10   1
23   44   60
58   50   4
27   15   56
24   18   45
10   22   42
48   58   9
38   29   32
62   51   4
7   4   1
7   18   45
25   29   18
1   6   45
9   13   11
52   43   48
27   18   0
1   0   40
59   19   58
62   56   53
63   12   2
27   6   26
0   33   12
10   20   44
42   1   37
17   4   35
2   47   22
34   53   52
34   26   33
4   25   20
62   45   20
16   30   17
62   6   5
32   7   54
10   2   9
53   60   23
3   61   59
54   36   14
45   48   59
49   21   39
55   50   1
39   14   26
53   22   22
43   24   56
23   47   24
58   9   14
57   38   34
18   52   0
45   46   58
43   26   15
34   54   31
36   33   59
32   63   17
3   51   12
40   60   47
53   28   21
21   23   21
26   51   5
12   32   41
55   33   54
45   7   63
60   24   19
50   41   56
57   51   59
12   0   10
8   63   10
33   9   61
33   8   6
22   18   0
19   35   59
12   38   42
58   55   13
32   54   31
30   34   11
24   45   42
28   28   17
12   29   4
60   45   55
59   53   58
30   35   3
49   28   38
26   31   29
46   38   15
37   61   19
13   0   59
13   50   52
62   24   19
14   61   12
20   47   54
13   23   41
6   24   43
56   26   36
38   59   11
38   12   61
33   44   30
42   37   3
15   21   38
2   4   41
40   32   60
63   6   19
50   22   12
40   58   21
23   28   8
42   61   29
7   8   24
9   8   56
25   58   30
28   0   38
57   13   14
48   25   43
12   35   13
63   31   53
47   14   53
50   31   36
28   3   31
24   18   36
31   22   6
7   17   5
32   15   51
52   41   54
62   52   34
4   43   38
60   35   62
41   2   41
15   38   44
5   13   3
43   22   0
48   59   37
31   58   14
15   51   52
62   62   55
20   39   62
18   22   11
31   56   4
55   30   3
29   5   15
38   4   19
54   25   44
15   37   0
38   21   3
12   34   50
16   34   45
17   0   8
15   15   11
10   53   63
55   14   35
20   9   17
32   32   10
0   55   60
18   25   8
10   14   25
1   25   45
50   44   27
36   34   63
16   17   46
19   21   0
17   17   59
34   22   50
1   57   56
4   20   25
17   63   63
17   32   58
56   51   57
3   41   38
12   51   62
13   21   7
6   0   48
6   5   57
17   47   61
59   38   60
63   57   23
51   7   7
15   8   48
6   8   62
37   14   23
31   56   25
9   15   5
13   58   17
32   36   11
43   62   56
63   15   56
0   21   38
23   12   31
5   60   10
51   56   21
29   38   55
6   9   34
19   40   57
17   21   8
17   1   18
60   0   33
49   56   3
17   40   2
42   18   6
15   32   54
17   19   54
16   18   2
46   2   57
15   50   63
24   27   29
31   45   62
28   5   36
26   62   34
57   39   39
44   8   19
59   21   12
36   31   27
59   21   54
36   38   8
8   5   61
39   41   39
12   30   45
24   62   62
6   17   15
14   3   18
39   60   47
62   1   30
30   23   24
23   43   3
22   36   4
54   41   48
39   10   12
2   52   60
19   31   42
8   4   52
55   45   59
39   9   30
2   49   23
60   54   56
7   16   12
56   50   6
54   6   12
51   28   6
46   41   58
12   12   1
61   15   15
55   51   8
4   60   13
51   29   0
59   58   1
57   8   12
62   39   21
24   7   6
10   62   18
17   37   44
39   51   3
21   26   24
3   26   40
60   49   63
41   0   27
18   26   21
45   51   6
61   62   38
62   42   4
46   59   11
62   50   22
53   51   6
25   56   10
63   59   40
16   36   3
2   50   59
62   19   20
29   38   49
24   6   62
35   5   55
48   59   3
62   30   39
1   3   41
56   9   54
63   34   4
16   13   11
5   6   54
2   22   20
39   45   10
14   25   18
29   18   8
8   50   29
51   40   48
46   27   38
3   19   45
62   40   55
25   31   31
4   17   15
12   18   47
62   7   38
1   15   63
60   10   30
25   40   58
18   38   63
15   41   5
42   43   58
4   39   47
46   4   22
21   38   26
2   11   56
36   16   56
59   11   30
1   31   60
11   42   41
38   25   36
48   30   35
61   49   63
24   8   2
14   13   31
58   48   59
63   6   4
45   21   29
10   6   43
47   56   16
12   31   49
59   24   41
16   58   17
6   22   52
14   11   53
6   13   30
18   48   31
7   29   50
26   16   59
51   57   10
6   49   59
5   5   61
14   45   54
35   29   62
8   21   3
34   2   50
51   31   31
35   53   43
49   7   52
7   62   59
56   4   12
37   0   28
14   26   63
19   60   4
58   13   6
62   50   60
32   15   30
59   5   56
58   13   35
44   27   15
6   8   61
25   49   63
28   40   43
39   13   19
53   37   19
44   36   27
23   14   11
20   46   49
37   51   11
11   39   47
31   36   61
57   9   54
4   20   19
9   18   12
24   28   8
11   42   44
24   16   6
17   4   17
19   17   1
56   6   56
59   46   59
50   1   1
56   0   31
1   63   55
28   62   56
44   31   52
60   3   4
60   59   50
28   37   3
5   55   9
50   28   14
26   57   4
58   27   21
13   12   47
22   34   6
46   24   33
13   37   18
61   60   43
46   30   43
29   24   32
24   34   33
37   39   58
39   56   44
23   41   11
56   4   7
35   39   41
20   10   27
38   55   37
9   16   10
30   10   6
58   31   18
35   45   26
50   0   36
48   45   62
58   34   56
62   5   58
47   3   38
58   53   23
6   16   12
36   15   52
26   58   61
22   57   32
55   50   21
30   10   31
5   22   22
18   49   63
60   19   38
52   45   63
62   5   40
9   41   56
27   12   1
59   19   38
35   32   49
9   19   3
32   16   31
2   45   4
18   46   54
48   24   19
58   58   44
36   29   10
11   2   57
2   0   43
30   4   15
26   22   50
6   59   0
53   62   3
15   42   4
25   10   34
5   5   52
7   18   10
61   11   47
21   46   47
10   14   12
53   0   31
22   30   36
58   41   40
19   20   11
57   19   12
30   38   44
0   26   40
26   39   17
23   18   59
17   62   4
56   29   60
56   52   1
4   5   48
17   36   55
5   10   34
43   19   25
39   54   5
36   20   3
29   7   13
5   30   52
5   40   9
20   37   31
32   22   6
27   62   62
7   13   2
52   26   21
4   1   9
31   53   13
27   29   6
20   49   43
61   15   63
12   10   51
52   53   55
32   37   63
55   18   62
52   17   19
17   4   7
25   4   62
17   38   54
61   1   58
15   14   7
46   12   9
40   55   57
49   53   9
31   12   59
62   60   16
19   10   8
1   44   1
62   33   10
4   15   20
33   13   57
2   1   38
1   47   0
13   60   29
36   61   11
48   11   13
22   60   30
47   46   16
44   1   5
11   63   61
8   14   11
12   1   23
28   30   27
14   44   0
38   19   16
10   21   3
41   17   23
59   53   63
35   50   44
21   30   42
54   60   31
38   41   9
14   44   42
35   34   63
34   14   1
12   12   7
32   3   56
37   13   9
4   49   63
2   14   3
38   14   22
59   39   21
51   61   22
49   31   42
62   15   41
42   21   14
35   17   3
15   15   59
31   61   17
22   12   26
59   42   52
9   21   21
7   27   54
45   46   57
0   10   50
10   0   10
14   26   22
60   9   35
17   2   2
23   1   0
10   25   40
16   59   63
42   28   35
44   43   56
10   27   20
9   22   40
27   2   34
51   29   34
28   5   34
31   26   36
42   19   58
45   0   0
9   54   55
6   21   20
24   27   25
48   7   48
36   23   24
19   11   45
34   2   56
13   16   19
15   35   58
4   55   29
39   21   12
24   59   31
42   59   14
15   26   41
14   59   17
35   52   52
20   3   7
25   17   6
10   9   2
11   45   51
8   61   13
10   63   50
54   13   47
51   28   15
6   29   41
12   26   51
2   25   38
9   10   57
29   9   57
10   44   51
54   53   57
54   53   0
1   3   30
60   28   39
62   47   6
52   38   60
62   42   30
24   61   57
49   37   28
19   4   61
18   49   43
51   38   54
39   10   23
20   6   11
15   31   3
43   56   44
43   21   13
56   10   60
16   47   49
25   20   44
32   59   14
4   31   51
52   58   37
9   38   41
56   55   9
56   10   17
1   9   40
41   17   9
14   34   42
23   22   50
49   56   57
60   20   21
57   61   14
51   49   33
16   60   27
50   33   42
56   59   17
11   12   25
15   27   10
12   48   63
14   58   13
57   61   42
25   36   32
17   31   17
59   38   20
20   15   62
29   13   43
0   4   42
36   19   1
2   5   36
46   34   28
28   61   54
37   57   26
19   11   24
3   4   38
26   5   8
34   3   19
3   63   40
59   22   19
41   5   16
40   40   18
49   63   56
14   61   54
43   62   1
11   25   44
31   22   50
14   10   51
52   21   11
57   14   41
1   9   37
12   56   3
22   0   27
9   50   9
46   28   42
31   31   38
31   3   44
16   3   8
58   58   4
19   14   27
61   18   20
37   44   9
17   39   63
40   11   12
0   51   17
57   52   4
18   3   51
11   14   8
14   47   52
9   31   8
19   18   62
57   38   44
59   10   5
44   63   57
10   43   31
31   16   26
24   4   32
4   56   9
8   50   60
55   22   21
34   15   22
41   60   24
9   36   25
17   52   43
3   11   2
58   42   60
57   21   57
58   36   14
22   45   51
60   6   58
51   57   0
61   42   52
63   63   38
62   8   56
4   30   38
50   0   33
62   8   12
56   17   10
25   52   31
53   41   56
23   26   25
63   15   41
6   17   37
56   18   19
35   2   33
15   14   34
10   54   24
29   9   6
27   60   56
41   46   49
3   24   20
46   45   59
49   28   28
15   30   17
38   13   18
7   18   50
35   63   7
8   48   58
31   24   17
19   8   11
34   54   11
1   58   59
36   12   61
14   63   10
34   6   55
3   51   54
29   11   55
14   8   10
33   47   54
4   2   43
9   52   51
19   51   43
24   6   23
62   34   60
11   7   52
63   12   12
34   41   61
35   13   55
4   55   20
56   53   56
11   41   31
18   24   2
25   37   59
55   16   48
14   3   11
57   51   58
25   32   29
0   55   58
7   28   47
0   14   15
35   40   12
60   0   31
62   41   49
25   1   32
27   27   8
23   5   63
40   4   22
55   17   30
58   18   22
3   13   21
4   55   53
27   17   3
11   8   0
0   46   60
18   54   23
43   22   12
56   27   63
15   43   51
56   33   18
39   39   12
6   8   3
13   16   18
5   29   53
63   56   56
1   11   19
17   7   11
13   63   11
21   12   27
42   1   11
11   21   3
56   60   44
56   52   58
61   55   9
4   53   46
56   48   60
44   18   18
49   30   36
26   30   17
4   0   30
51   29   35
6   11   5
13   15   62
19   14   61
45   27   33
36   36   9
15   39   63
38   58   47
18   21   59
61   22   48
32   19   50
5   12   21
53   9   47
57   51   21
17   23   3
41   45   44
16   25   10
60   24   0
55   32   15
19   6   17
55   9   46
57   37   16
55   15   15
57   49   1
60   55   58
54   2   7
39   18   8
0   0   6
1   59   23
23   59   61
4   3   62
28   0   0
38   31   16
33   18   26
46   60   9
26   35   33
61   28   39
60   22   41
22   17   62
40   27   59
59   42   51
26   36   15
29   2   59
60   44   9
18   44   0
59   63   34
42   47   44
54   22   22
23   33   6
55   40   51
59   27   3
61   23   60
24   52   36
23   48   63
11   18   16
33   15   56
43   41   56
37   55   23
12   28   25
35   39   44
20   37   1
8   11   15
8   6   1
23   47   49
49   33   43
7   43   1
56   25   28
20   13   7
53   35   59
61   6   61
28   12   13
41   17   26
50   16   19
28   10   1
50   56   0
58   61   10
8   29   13
0   13   30
45   18   18
19   16   32
62   5   57
44   2   10
57   13   38
10   49   26
28   29   31
17   50   47
10   24   25
55   59   23
51   32   63
23   28   63
63   52   50
28   0   39
5   38   4
62   58   43
18   34   36
54   52   1
16   51   39
54   16   23
44   32   53
58   61   43
20   44   52
25   52   58
26   47   11
30   37   13
63   62   37
7   63   58
30   33   31
60   56   44
57   37   14
18   43   52
22   41   10
10   52   62
61   17   19
7   9   0
46   22   50
61   21   12
36   38   12
37   38   41
1   13   30
2   7   24
25   5   8
50   55   6
58   7   12
48   29   38
52   61   0
58   52   58
20   6   8
14   15   2
6   61   51
18   63   0
4   7   63
30   2   39
16   49   52
26   47   16
13   40   51
16   34   41
55   63   19
1   61   13
35   47   59
37   60   20
7   57   10
2   4   27
15   38   49
5   29   13
23   16   62
58   47   31
35   39   61
55   55   34
56   61   62
56   59   30
11   13   1
35   45   33
12   22   38
4   52   58
15   35   37
1   15   51
10   50   61
0   4   5
38   4   22
28   11   55
6   57   40
55   24   44
3   53   42
4   55   61
15   42   41
25   12   62
41   39   39
10   38   47
57   37   56
38   40   58
5   12   51
18   12   48
13   63   54
57   36   8
8   59   59
9   45   31
16   44   51
52   6   7
15   57   3
55   23   51
33   37   61
47   19   52
11   58   17
5   19   43
59   61   30
62   61   42
62   3   61
19   55   33
7   58   12
30   34   17
27   37   32
10   32   50
30   29   63
39   17   22
41   34   62
57   19   15
16   42   57
60   25   43
25   16   45
41   59   22
31   61   53
30   25   29
1   19   39
39   33   3
51   37   56
15   44   47
61   31   4
5   5   38
12   42   11
62   11   51
63   51   0
30   52   31
21   1   0
29   13   59
7   53   9
2   40   63
59   56   42
35   5   54
11   55   24
10   9   34
40   35   62
36   62   7
7   31   8
10   28   51
48   16   26
61   5   56
32   13   2
4   13   41
32   58   30
63   44   60
16   52   46
0   21   45
56   61   25
53   38   54
62   9   30
56   26   3
23   17   36
56   35   56
49   21   49
43   58   14
28   60   58
55   46   63
48   0   31
2   33   32
25   40   60
54   55   56
62   18   11
51   19   37
31   58   30
26   57   6
42   43   40
47   47   6
63   56   42
33   23   24
9   3   36
29   22   28
49   11   62
24   18   40
59   38   6
9   44   29
1   12   15
0   38   60
43   12   31
49   29   15
23   5   26
47   35   16
31   53   11
26   30   18
7   27   26
22   27   24
26   36   39
10   58   5
38   19   8
6   12   41
63   53   63
14   38   55
28   48   2
51   17   14
53   20   8
15   36   55
45   39   15
16   13   59
62   2   63
48   2   1
40   56   22
23   20   55
63   40   0
10   63   61
32   17   3
59   6   2
32   41   19
1   44   62
39   7   22
63   20   20
1   9   21
42   59   13
61   18   58
0   29   25
52   50   50
11   10   34
24   28   18
3   61   10
5   6   1
37   17   8
47   60   3
58   50   9
3   14   22
57   9   1
40   12   23
13   33   15
31   11   61
13   43   42
22   1   40
30   4   44
60   58   43
30   4   8
32   2   50
30   30   33
27   38   39
33   51   43
11   60   5
17   41   60
55   14   10
22   12   1
43   11   9
1   57   9
15   9   13
23   23   58
61   2   40
0   42   4
62   42   3
24   35   11
28   9   2
6   59   45
51   5   62
5   63   60
17   0   54
54   39   19
24   31   49
0   2   38
57   15   56
29   0   56
35   26   32
37   46   17
20   4   12
3   38   45
60   16   6
56   33   27
9   39   44
5   13   41
3   55   61
4   4   1
46   27   37
6   59   12
61   29   49
6   5   10
53   51   50
59   47   60
60   25   26
12   58   24
23   12   29
27   40   43
0   13   34
41   58   25
5   7   63
43   30   21
62   43   0
9   0   8
8   29   26
7   11   62
62   56   23
28   35   33
55   26   26
38   36   3
61   55   50
60   35   50
28   35   16
14   53   47
22   63   35
11   49   30
19   6   20
15   13   62
31   17   30
3   13   37
14   28   8
32   2   32
16   35   36
11   16   40
16   33   32
42   19   19
61   41   4
14   9   13
57   37   13
59   12   15
18   62   41
10   2   8
59   40   11
36   53   52
33   8   0
5   9   13
60   37   11
11   18   47
46   45   56
58   27   26
1   49   42
11   63   11
36   34   62
60   20   47
2   27   40
9   48   58
63   20   63
62   5   18
14   24   20
17   63   11
25   37   49
21   17   14
59   12   47
62   32   55
19   38   43
53   8   12
48   53   52
53   28   14
1   17   20
30   2   50
3   21   43
28   8   0
30   51   50
26   53   62
39   31   58
58   32   28
23   9   6
13   33   55
19   11   0
57   22   19
62   41   63
33   45   15
43   0   6
7   42   59
15   20   32
4   52   56
63   58   9
52   48   9
9   51   54
21   11   17
17   3   0
48   25   0
2   54   56
54   21   8
11   24   54
10   51   30
37   9   10
56   18   21
62   46   32
45   7   9
45   23   49
23   54   0
38   23   9
11   22   38
56   56   31
7   9   13
25   62   0
43   57   16
49   17   47
0   6   18
47   33   42
3   17   41
36   48   54
61   7   50
58   52   5
16   38   43
31   38   49
41   23   12
7   38   41
26   40   19
38   16   26
15   14   46
28   31   26
7   43   60
36   57   47
29   37   16
63   22   43
60   3   5
17   19   11
39   32   59
61   60   56
53   31   17
37   8   19
59   48   4
5   18   19
31   3   26
3   16   54
14   39   57
7   60   13
33   22   20
56   9   58
41   45   40
14   9   1
17   41   57
33   7   19
53   60   24
57   55   49
47   60   51
7   52   63
11   14   42
38   5   32
35   36   9
59   19   22
6   41   0
1   23   63
21   60   26
60   57   42
39   34   61
4   52   4
36   32   3
29   63   39
30   26   17
57   39   30
62   9   9
30   39   19
39   37   62
19   46   63
7   16   41
20   21   25
11   44   22
45   37   39
35   3   28
43   47   1
52   49   60
8   1   9
31   0   28
56   9   2
9   14   7
58   48   1
21   21   9
22   9   11
16   21   0
53   10   1
33   39   28
11   13   35
4   8   10
21   46   29
2   16   22
12   19   42
41   37   63
8   32   41
59   41   12
29   38   52
44   1   38
12   55   5
10   62   1
11   11   2
32   17   22
6   38   5
25   8   1
61   63   60
55   1   4
7   39   26
19   41   11
15   5   10
6   61   58
47   52   17
5   44   7
56   54   14
57   33   46
11   1   62
37   46   16
43   31   39
28   62   59
15   54   43
40   35   12
0   14   20
33   57   11
0   47   1
49   37   54
60   52   13
55   34   13
63   38   14
58   36   34
49   23   52
26   11   62
43   25   49
17   36   62
13   2   23
53   16   30
25   2   15
53   17   41
14   11   34
6   5   1
15   61   0
56   22   46
5   61   58
0   51   59
26   30   31
59   21   57
48   12   19
40   63   28
18   37   62
37   31   62
25   33   62
30   17   11
30   63   0
27   45   63
25   63   61
40   5   17
10   25   28
3   63   55
10   14   42
8   41   51
59   21   53
39   18   31
58   9   20
3   14   15
33   1   17
35   48   54
18   59   4
48   58   0
60   42   48
49   11   58
0   15   19
51   61   24
29   15   0
15   3   35
25   28   63
33   44   17
20   35   4
27   4   56
54   3   2
8   28   45
63   11   35
26   11   2
0   43   3
61   55   42
26   57   30
32   34   38
52   4   2
3   54   9
33   3   59
63   46   1
5   9   5
47   9   13
4   10   30
20   43   0
8   38   26
32   18   32
22   4   15
13   16   1
9   10   2
11   17   59
17   48   0
54   54   30
0   52   42
38   5   16
20   13   24
8   5   36
62   42   52
43   7   20
19   13   2
53   27   19
54   51   58
54   17   41
57   41   19
7   5   38
4   2   58
18   24   10
0   3   27
31   20   34
12   29   8
21   13   11
33   18   32
20   22   0
29   39   19
52   48   53
26   38   54
43   25   43
56   8   1
25   3   63
16   39   55
7   8   3
12   22   18
31   0   38
60   18   12
53   32   18
55   36   48
9   8   63
0   1   30
30   19   57
23   1   58
6   19   10
55   0   43
7   6   57
8   2   48
20   58   4
59   59   11
11   46   52
17   8   59
3   21   50
46   14   19
59   0   5
63   17   15
28   34   12
47   8   60
5   21   50
50   42   59
29   4   0
2   63   55
45   22   50
48   23   14
30   24   50
22   61   26
3   62   62
5   55   4
50   59   57
61   1   37
17   0   9
49   31   31
57   23   21
49   27   19
55   59   25
13   13   20
13   32   16
43   3   52
21   26   25
47   21   11
17   19   62
2   0   13
14   39   44
63   18   0
27   23   25
16   25   41
34   59   7
48   3   11
45   15   31
40   15   18
6   23   21
28   3   30
31   5   1
14   41   49
57   46   49
33   53   19
15   38   52
27   3   32
28   1   53
46   41   4
15   38   43
33   45   19
45   9   52
19   1   5
26   55   10
40   4   19
36   35   17
36   13   9
59   26   39
24   60   61
8   60   60
56   60   43
15   17   50
46   19   0
2   30   26
15   15   19
47   35   28
3   31   43
8   19   0
61   37   53
55   40   56
3   56   34
9   12   62
44   11   9
20   38   60
5   57   35
2   22   54
63   61   26
55   13   38
30   62   31
54   9   46
5   57   27
13   3   35
10   50   54
40   58   23
62   59   58
2   0   4
60   51   50
51   8   1
34   37   28
53   42   63
43   57   15
7   13   48
21   55   34
4   2   61
0   4   58
26   1   32
61   13   21
32   18   34
22   0   61
19   27   8
35   22   52
7   62   52
25   0   26
16   17   62
4   15   50
32   37   61
32   56   25
54   44   60
2   26   43
36   47   16
11   34   49
59   9   20
4   1   5
12   44   51
47   30   21
55   2   62
58   62   37
20   6   20
0   6   51
56   18   12
15   28   21
40   2   52
33   5   28
34   32   10
16   46   41
0   28   39
61   46   55
9   34   45
49   49   25
59   8   14
36   16   30
18   35   58
36   14   55
50   40   58
2   21   19
38   8   30
0   62   61
18   58   27
49   16   21
42   14   63
4   25   54
49   4   11
12   12   63
62   31   57
1   24   3
9   61   48
16   13   57
47   4   0
29   10   31
51   42   59
54   57   9
21   11   26
25   18   50
8   53   9
12   4   57
50   59   63
57   54   55
30   5   26
53   53   9
2   6   40
29   27   8
9   48   60
0   57   53
19   48   47
25   21   40
22   42   49
62   38   24
10   33   45
61   1   63
21   11   0
59   47   6
18   16   0
4   61   33
8   20   21
14   38   59
24   0   30
25   14   48
14   8   45
5   57   53
51   29   19
56   58   0
18   60   17
40   10   10
21   8   2
16   37   49
34   54   51
31   46   17
29   63   28
60   45   60
27   3   30
53   0   25
48   26   42
57   14   5
19   22   57
12   16   59
26   2   30
26   6   26
40   53   44
2   62   10
4   50   54
28   19   50
48   38   56
20   13   57
58   61   11
15   24   22
2   6   54
63   15   51
3   4   48
62   47   59
30   31   24
33   14   54
46   17   42
19   14   57
9   8   1
33   2   15
17   30   4
37   25   8
18   2   7
24   34   62
50   21   4
56   15   38
40   34   16
58   20   12
20   41   63
12   53   47
26   33   32
16   38   54
30   0   62
51   37   60
9   7   52
58   41   12
10   17   40
12   2   54
15   41   2
2   35   49
55   61   37
25   52   5
35   16   61
58   19   38
11   25   4
24   8   8
0   7   57
4   57   16
46   61   56
22   13   31
55   9   56
2   16   63
21   36   37
60   15   15
24   44   22
55   58   21
14   39   52
34   23   52
0   46   52
37   59   18
53   7   60
40   50   5
14   37   61
4   0   10
2   3   3
10   12   11
59   27   63
41   11   12
20   21   1
61   44   60
17   5   57
63   50   6
22   17   8
17   50   54
38   54   22
13   2   10
14   21   21
14   7   8
11   15   19
20   30   36
36   16   12
50   23   52
33   50   31
50   47   32
62   39   59
31   28   32
18   56   33
46   17   54
38   9   12
10   23   7
5   22   54
44   1   11
53   2   7
8   55   20
63   17   19
31   5   57
25   24   19
7   52   29
27   45   22
56   28   42
2   57   23
40   36   63
19   6   12
52   25   19
17   56   7
56   26   21
22   27   8
8   15   12
0   2   33
6   62   60
25   63   58
44   13   24
61   9   51
44   59   44
52   31   51
29   34   32
24   37   31
12   1   52
15   6   31
11   47   61
15   60   63
35   51   51
42   7   17
13   25   20
31   39   63
40   1   32
4   60   34
24   29   36
39   4   54
30   14   56
1   22   43
33   22   8
21   47   43
42   62   12
6   49   62
24   59   0
11   26   7
14   27   10
48   8   7
56   4   18
6   9   29
11   23   42
40   32   61
20   30   42
23   57   34
23   63   27
51   58   3
35   41   17
27   63   31
56   45   56
18   26   41
48   37   59
10   57   3
30   11   0
62   24   55
28   59   30
50   9   24
25   34   30
27   9   6
17   43   52
7   15   21
61   19   59
31   25   29
6   33   3
56   33   28
31   16   51
24   30   24
22   37   45
42   37   4
42   6   19
2   16   21
48   18   21
57   7   17
59   9   51
11   27   20
50   62   23
49   6   1
8   7   34
2   13   51
1   28   25
22   5   2
26   9   23
40   8   30
63   12   33
41   46   11
58   7   1
3   53   57
22   33   33
11   19   21
10   59   13
39   36   63
7   16   19
5   61   23
21   39   33
3   31   38
4   32   52
55   27   63
46   20   18
15   38   62
53   43   48
59   41   49
59   21   61
41   58   0
0   60   59
18   9   59
61   33   60
2   59   9
7   10   51
30   62   30
21   15   62
26   23   34
28   43   63
36   18   26
6   48   45
42   37   50
41   8   30
56   29   26
45   63   15
62   6   34
37   23   3
1   16   1
56   22   1
11   0   18
17   45   51
7   19   0
61   3   34
5   36   3
26   5   0
27   12   62
60   19   20
0   37   38
4   6   3
48   27   31
62   16   12
10   5   52
17   13   61
40   15   26
23   4   61
36   22   22
11   14   20
59   17   21
12   2   18
53   4   2
19   33   41
