0
8.3569677275609404177
15.990736449812384734
23.19238620431248421
30.113050901871552867
36.811178392722503361
43.316450819539873862
49.680218568195655848
55.91855231105000712
62.051719881577071192
68.063310097604372118
73.974441702583959568
79.780145640493543624
85.504602458041830459
91.173994719960461453
96.77047017099731363
102.28206661801768007
107.74091487659029553
113.15476562339092936
118.49950920722022829
123.78862173863016949
129.03599188161837219
134.23019840440599637
139.37490338387218003
144.4795130874271365
149.54316602280420057
154.5703550281620835
159.55304754087302399
164.49551373788244746
169.40791611165442987
174.25550178392174416
179.07890052457193519
183.88897644718770152
188.66863655243969333
193.41174377211382307
198.12518837129917415
202.79805636913056333
207.45085763764163289
212.07490911821483337
216.66857545859483025
221.24262146609649449
225.78466079675973788
230.30432582393811458
234.80147165614243931
239.26884384699241082
243.71267975566541963
248.13138961517989856
252.53250319970092619
256.89486269020244436
261.2420089047162719
265.5737110783073831
269.89369705367721508
274.18313033329263817
278.4575732700560593
282.71164359869010241
286.94683110546634452
291.15230266998656816
295.34828678487775733
299.5174877388970458
303.67501940301281138
307.81398852629769181
311.93836850841216801
316.0324056763352587
320.11683449974458426
324.18557218538762754
328.24067859124954794
332.27603191740945476
336.28790471200238699
340.28080163584758111
344.25920846721669477
348.22964996135249294
352.17641566811738585
356.11331540084995595
360.03228242520123104
363.94259761848655899
367.83668057639812332
371.72386325362140269
375.58290352152249625
379.4316223146411744
383.26732732816680027
387.08773650333631622
390.89298131473543663
394.68408899414123425
398.45975879628713301
402.22704899028798309
405.97425842138011376
409.70734698943141439
413.43138396864679862
417.13563216387518651
420.83566280439333696
424.52457352147212077
428.19814363130950596
431.85501478749904436
435.50121068318060225
439.14092140374344808
442.77116537283887965
446.38573822255909818
449.98874345200658809
453.57403700140798719
457.15023917941397258
460.72298391479779411
464.27159859450614476
467.81216764476585013
471.35199203979874483
474.87470648533229678
478.38132498271482973
481.8874944350928331
485.37410538510829383
488.85459801717030359
492.32668024297498732
495.78546014067535452
499.23272272113945291
502.66541254717628817
506.08536131021946858
509.50163904781146584
512.89531475993089771
516.28064152445324453
519.66215928931069357
523.04054927004790443
526.40200586618686884
529.76482142044108059
533.10527405431253101
536.44019899626573533
539.76560272533333773
543.07688978576356931
546.3776709636074429
549.67166224152072118
552.95824669195610568
556.23945818775280259
559.50233567440113802
562.75852271676296823
566.0092043928119665
569.24909660222454022
572.47397401526825433
575.69637179948847461
578.91147504809259772
582.11726812807808074
585.31394154740485192
588.50023749245997351
591.68300988449527722
594.84788350276051005
598.01152287867932955
601.16291143665284835
604.30254483527926368
607.44415340940383885
610.57302539666920893
613.69345193098286018
616.80235261159111815
619.9041421150629958
622.99673806515477281
626.0839965573917425
629.16234852085324292
632.23369689302046481
635.29158594413206629
638.34734241064256821
641.38303042842255763
644.4184669782293895
647.45174555238816083
650.47383857931902185
653.48518285313684828
656.4937440949639722
659.49305309526766905
662.48241691250507301
665.46810372455968263
668.44583282097687515
671.41172403212237896
674.371732701965243
677.32135639266903127
680.2713164371896255
683.20431137210948691
686.13327955162742455
689.04907373629612266
691.96028755024394741
694.86955982913514163
697.77198922396405578
700.66563239334664104
703.54532516744836812
706.42491067594505694
709.29704064544682751
712.162085885876877
715.02020196271428176
717.86948866877673936
720.71555326705185962
723.55206777984210476
726.37923962998820571
729.19693859608798903
732.01309749391418791
734.82847948347409783
737.62830694990122993
740.41907860954768239
743.20975666276297034
745.99106564713724765
748.7637090894480707
751.53615927015596299
754.29769414294935359
757.05630998643857765
759.80434891003096709
762.54861496281409927
765.28040250285914681
768.00204818164729659
770.72271177133563924
773.43644391709096908
776.14252120860282957
778.84412307042350676
781.53916930544210118
784.22740030652096266
786.9071351510878003
789.5870498276727858
792.25626043987176672
794.91384459513790262
797.57491107844657563
800.22493394723142046
802.86647484094351057
805.50371699181937402
808.13633748213351282
810.76554127078804868
813.38472415701642149
815.99639141019872568
818.60866622517164615
821.2097360494719851
823.80468199270273999
826.39261778039099227
828.97685349352252615
831.55251995167543555
834.11952114333541886
836.68387468372941385
839.24137830374456826
841.79923403180498553
844.34612248723431094
846.88642173152106807
849.42269778213710651
851.94878331269012506
854.47359194159048457
856.9916760623106029
859.50605197548338765
862.01199070878681141
864.51097807372002535
867.0073615641131255
869.49405359528441295
871.97711222389432351
874.45281020020263441
876.9249236602727251
879.38908912709428023
881.8549217340995483
884.30893173051799749
886.75437926801259891
889.20029278277047524
891.63572109514188924
894.06789565718099766
896.49591210071332625
898.91569150327677562
901.33697974326980784
903.74726432800036946
906.15253320058877762
908.55307094479758234
910.94298032718040758
913.32862412533506813
915.7125716109452469
918.08962641567279661
920.45818624868354618
922.82747195481010749
925.18772688784633829
927.54304737336326525
929.89344339096601288
932.23665080372370539
934.57777573871805998
936.91688909299421084
939.24250211506239339
941.56664374460490308
943.88822146930920098
946.20255745466818098
948.50661710688939365
950.81258144818082201
953.10972629228410824
955.39871292489101506
957.68668762593983956
959.9686950664466849
962.24599383006489006
964.5188238999234045
966.78640037143793506
969.04450309671778996
971.29667599371032338
973.54928447542931735
975.79751159114834991
978.03580208251742079
980.2713503972718172
982.50341732384163151
984.73039054010030213
986.94926516197813271
989.16629718825822692
991.37624300634786323
993.57771144864591406
995.78064783996796905
997.97482169779209471
1000.1594740957307295
1002.3448659167905817
1004.5260130945479204
1006.7023342637087353
1008.8730709086669322
1011.0376424188247029
1013.1985677132353203
1015.3522771358897216
1017.5050488587583004
1019.6517648533539386
1021.793989914749659
1023.927475998808859
1026.0595907325280223
1028.1867160926428824
1030.3105456239868545
1032.4284522866721545
1034.5385960858759518
1036.6455393713449666
1038.746459723673297
1040.846028920856952
1042.9350796105775316
1045.026931505276707
1047.1088176324637971
1049.1822792078216935
1051.2580618341394256
1053.3233388675989772
1055.3856560760866614
1057.4487628410317939
1059.5055337938713365
1061.553991641165112
1063.6005342288349311
1065.6412541440561199
1067.6762702339055977
1069.7080258077980943
1071.7337807912247172
1073.7566755329514763
1075.7734792310072862
1077.7899163812107872
1079.8004585282524204
1081.7996836811958019
1083.7998963020852443
1085.7936974460114925
1087.7818429250773988
1089.7704538255379703
1091.7499664687077257
1093.7263086864438719
1095.6980935879976187
1097.6673925978511761
1099.6289472223495522
1101.5867992085866263
1103.5397542346604496
1105.4905884416614299
1107.4335350285771256
1109.376819193163783
1111.315939789745471
1113.2457580258528651
1115.1731331402984324
1117.093724827853066
1119.0118131045451264
1120.9280195004066627
1122.8352836228468732
1124.7383625259017208
1126.6360677957663938
1128.5343704591521146
1130.4269476407650927
1132.3140877182916029
1134.1962526750271536
1136.0689623654086517
1137.9420401388244954
1139.8124604199069836
1141.6780695565873884
1143.5423630050465817
1145.404177482348814
1147.2547490703348103
1149.1037861034506022
1150.9491393737002909
1152.7906722740501664
1154.6250574684893309
1156.4587295888682092
1158.284931128447397
1160.1072346345729329
1161.9248121988598541
1163.7374518711001201
1165.5494699457487968
1167.3541064744629239
1169.15225049209198
1170.9514166357494105
1172.7457519076260724
1174.537413730259459
1176.3226171956782764
1178.1058695389108379
1179.8812741463418661
1181.6548379079438291
1183.4230790217482081
1185.1867776740186855
1186.9479074483770091
1188.7057097477108982
1190.4566797036511616
1192.2038805582624263
1193.9468377944435815
1195.6837607362458584
1197.4221165277945147
1199.1537739502550721
1200.8796510807258073
1202.6042721330923086
1204.3208606986518134
1206.031602696520622
1207.7439600972995777
1209.4491995549271905
1211.1498716958715249
1212.8484028666475751
1214.5405848771583806
1216.2339409011906355
1217.9195828131132657
1219.5999254760197346
1221.2788132659875373
1222.9526508478215874
1224.6228973547545138
1226.2848488935069327
1227.9453398714961168
1229.6034771770914631
1231.257490817969483
1232.9095865984227203
1234.5544240797678412
1236.1955096719061657
1237.8316773648748494
1239.4657837785098309
1241.0947750046195779
1242.7218314340786947
1244.3439601749673784
1245.9607924617062054
1247.573685071303089
1249.1857725232393932
1250.794977653736396
1252.3976474837234036
1253.9965960623130741
1255.5870609538874305
1257.1753404321420931
1258.7613880234960106
1260.3407433703819152
1261.9214735191940235
1263.4965999926278073
1265.0660150213855104
1266.6314214039514354
1268.1955151897739142
1269.7541140040355003
1271.3051159718008876
1272.855890710448648
1274.4038846119040045
1275.9436939026677464
1277.4856984698949418
1279.0214467499604325
1280.5551753633012595
1282.0822322946955865
1283.6038964145568571
1285.1260545974505476
1286.6411922290826624
1288.1530042972153751
1289.6631344858831199
1291.1653904217389481
1292.6658405390674034
1294.1605374042278527
1295.6545648447354324
1297.1426101345853112
1298.6261894066642526
1300.1103142124097758
1301.5874997740131676
1303.0594504623368266
1304.5330666064155594
1305.9981615727517692
1307.4605942362491078
1308.9193199588100924
1310.3755004784702578
1311.830070705154867
1313.2775318879066617
1314.7229987559076108
1316.1636346243731168
1317.6033902124577253
1319.0371978718089849
1320.4669436373330882
1321.8903578543463482
1323.3103130984502513
1324.7284463351636532
1326.1439343191186708
1327.5521709224667575
1328.9605851170695132
1330.3620201003789134
1331.7612231870807591
1333.1564376638625617
1334.5447976800023753
1335.9346488381920608
1337.3170652113328742
1338.6977172493698163
1340.074178747172482
1341.4489675788947807
1342.8183261418753318
1344.183137766554637
1345.5433445291491807
1346.9047282710921536
1348.2604752449187799
1349.6129498415054968
1350.9596413258982466
1352.3024688854677606
1353.643084738480411
1354.9824844081374522
1356.3154737624217887
1357.6455878162403224
1358.9704196469697308
1360.2920323912128424
1361.6102343273321367
1362.925080703751064
1364.2385038000456916
1365.548835763059742
1366.8500448495890396
1368.1519747324543914
1369.4510873491199163
1370.7440309060687014
1372.0328639248389209
1373.3197107296380182
1374.6035288261762162
1375.8830431955045697
1377.159317955104143
1378.4318703120236478
1379.6997840203002852
1380.9649021095046919
1382.2286336335837404
1383.4862343036968468
1384.7433831087728322
1385.9945321365132713
1387.2402746507268603
1388.48513848411244
1389.7237830889025645
1390.9586484979581655
1392.1928099748627119
1393.4231946824386341
1394.6443761560399253
1395.8684518475442928
1397.0857124097985889
1398.303593240531427
1399.5161917364698638
1400.7228292877050535
1401.9256173898834277
1403.126791020160681
1404.3269816851270662
1405.5217579115762874
1406.7126255233959
1407.9008921028039367
1409.0862527886222324
1410.2691464899126004
1411.4470542225228655
1412.618482020778174
1413.7907742667093771
1414.9553712117829036
1416.1200279228739873
1417.2783335381914185
1418.4361185115133139
1419.5860740731118312
1420.7319279718246889
1421.878709723980819
1423.0214265376473577
1424.1605126030674455
1425.2971754123493611
1426.4258764470912411
1427.5531408441402164
1428.6774573285917995
1429.7959946294931797
1430.915991455965468
1432.0293230409397438
1433.1421131069389503
1434.2520459977465634
1435.3580441993253771
1436.4566570213269188
1437.5543804408357573
1438.6466172856332832
1439.7400879139524932
1440.8281546467196677
1441.9120582872876639
1442.9917561373044919
1444.0705771177667884
1445.1449026788573065
1446.2159256080672094
1447.2844826065713733
1448.3470781145670117
1449.4114870675364273
1450.4675455711417271
1451.5226132695645447
1452.572433099064483
1453.621062397482774
1454.6618746482006372
1455.7029145189158044
1456.7429865046715349
1457.7773144627001329
1458.8082390133722583
1459.8356971194873495
1460.859516497371942
1461.8824807621731452
1462.896746342534243
1463.9121110623345885
1464.9190542490177904
1465.9254454100637304
1466.9301660510188867
1467.9311642948287044
1468.9279076409009122
1469.9204008679344042
1470.9084377729457174
1471.8961464213073214
1472.8782131098896571
1473.85816716613067
1474.8366818612892075
1475.8078235396092168
1476.7773480752146043
1477.7455973318426459
1478.7105709477277742
1479.6721617641742341
1480.62968030160323
1481.5852180544768544
1482.5356920879971767
1483.4862497019187231
1484.4303616352772224
1485.3738190016676981
1486.3143064044868424
1487.2497402825147219
1488.1792627773186268
1489.1086063911629935
1490.0352989702203104
1490.9559537362219999
1491.8737531774906984
1492.7876075702813523
1493.6989979834072528
1494.6111454511776628
1495.5145622154348075
1496.4117813555449175
1497.3097291925300851
1498.2038448593993962
1499.0963200461637825
1499.9854703791231714
1500.8687631541970404
1501.7517259077801555
1502.6310097807402144
1503.5013903024550928
1504.3756118134974713
1505.243909557085999
1506.112186791906197
1506.9756337106025512
1507.8345558060159419
1508.6885015656168889
1509.5431688764610954
1510.3933727125631776
1511.2392476444372278
1512.0823310050898272
1512.9225317807874944
1513.7581230704827249
1514.5920508639453601
1515.4231566893151921
1516.2529690096012018
1517.0763435901828871
1517.8988418790465857
1518.7144571878559418
1519.5308203711883834
1520.3418999111372614
1521.154291015697936
1521.9571775501519824
1522.7590257962128817
1523.5592030679779327
1524.3586403620136025
1525.1519110030653792
1525.9405471039656277
1526.7250101291258488
1527.5082404584147753
1528.2864838445261739
1529.0629681170873937
1529.8368952567484484
1530.6062172083356927
1531.3745674043670988
1532.138076909906431
1532.900379305792967
1533.6579176760455994
1534.4122413534917087
1535.164283455169425
1535.9112166921679545
1536.6565374922636238
1537.3965990002975559
1538.1367341086101987
1538.8711004324024998
1539.6022500612320982
1540.3305759927657164
1541.0580886263940101
1541.779612683345249
1542.5001660888560764
1543.2174071914967044
1543.9321903488973931
1544.6425774981630639
1545.3506906438051374
1546.0551602709231247
1546.7595684655173045
1547.4587183641003776
1548.1573210657472828
1548.8548902100626492
1549.5422897858757096
1550.2284333723500822
1550.9121521991437476
1551.5918382908894273
1552.2704011426565103
1552.9389845967871224
1553.6075627015759437
1554.2747006408551442
1554.9369829899403612
1555.5968334696835882
1556.2531417148250057
1556.9103567164672768
1557.5622447477742298
1558.2085134495855527
1558.8555462506135427
1559.4969924378376618
1560.1413640506898446
1560.7772664237868412
1561.4112487792954198
1562.0423944758424568
1562.6691984943058742
1563.2938732467125647
1563.913927247218453
1564.5320803083052397
1565.145614601607349
1565.756081318753786
1566.3676422968339921
1566.9717822932607305
1567.573204424481446
1568.1697382484403533
1568.7700245291102874
1569.3647541369300598
1569.9563298250964181
1570.5437809416364416
1571.1290634347224113
1571.7102408748808102
1572.2902421511314515
1572.8679357375428935
1573.4417049594223954
1574.0092910855880746
1574.5748838158961007
1575.1387732422783756
1575.6996735059765342
1576.2594590514981974
1576.8121535111074536
1577.3620216599779269
1577.9099693135469806
1578.4553645832297661
1578.9977932222871004
1579.5361891895058761
1580.0714106106536292
1580.6060816618623903
1581.134690126498981
1581.6633350222598438
1582.1856190795251678
1582.7075920630763903
1583.2256502778707272
1583.7389316965050057
1584.2517738307278705
1584.7599855337616646
1585.2662018571609224
1585.7670488723781546
1586.2692399319141714
1586.7669711028590882
1587.2611541798714825
1587.7505593685959866
1588.240565598719968
1588.7263434549149679
1589.2095087062789389
1589.6910640146354581
1590.1668559057836774
1590.6392781134641154
1591.1123615316882933
1591.5775951536681987
1592.0432795348699528
1592.5022756510859381
1592.9564535228021214
1593.4107199902173306
1593.8629247193196079
1594.3144612680114278
1594.7578273363883454
1595.2031868157821464
1595.6414957988133665
1596.0775549257307375
1596.5087818142737888
1596.9393213616469893
1597.3665772086062589
1597.7921424779779045
1598.2165640182215611
1598.6352668196118429
1599.0537611488621224
1599.4688593520409086
1599.8809555452967288
1600.2897572784395379
1600.6971918589138113
1601.0967937233181146
1601.4965936941216569
1601.8929133599381203
1602.287937618861406
1602.6785884326463929
1603.0697828588854463
1603.4549643283128262
1603.8403296551794028
1604.2188712282893448
1604.5967985457409668
1604.9689386430591185
1605.3407549946721247
1605.7067025367327915
1606.0728936603293278
1606.4367827833575575
1606.7965335485446303
1607.1513278511952194
1607.5040102411217049
1607.8541761054214021
1608.2011695182973199
1608.5446004673628977
1608.8848181513121745
1609.2246377840372134
1609.5610543409168258
1609.8956559657797243
1610.224885332783515
1610.5522597692884119
1610.8784193383789898
1611.197332368712523
1611.5165074500307583
1611.8295412334621233
1612.1441368204448281
1612.4513156156453988
1612.757078525461111
1613.0598024710209302
1613.3581413833546776
1613.6572064857089117
1613.9539616549243419
1614.2462821353851723
1614.5369731650021095
1614.8236137731737472
1615.1077055877140083
1615.3897860377019242
1615.6704634795382844
1615.9428667134966418
1616.2131709782768212
1616.4838993075688904
1616.7499048097752166
1617.0125462292539851
1617.2735829594794268
1617.5298092288628595
1617.7850861418257864
1618.0356252167791808
1618.2829145880559736
1618.526324808873369
1618.7704657311157916
1619.0133015460651222
1619.2482115592799801
1619.4829860271443067
1619.7129704039552962
1619.9416594974484269
1620.1654528722440318
1620.3884765893199074
1620.6101899740313002
1620.8288741330134144
1621.0453090853754929
1621.2589957022810268
1621.467991525893467
1621.6725001341192183
1621.8770746678740124
1622.0786577282503913
1622.2732769034994362
1622.4674341423101396
1622.6614896286685052
1622.8493359203630462
1623.035674176743214
1623.2230222422981569
1623.4070413771457879
1623.5885589366132535
1623.7633832507422085
1623.9337146753273373
1624.1054024021032092
1624.2721898881411562
1624.4349070087032487
1624.5966406381626257
1624.7560767187972033
1624.9102903559764854
1625.0623089882712975
1625.2117658037091132
1625.3574477113006651
1625.5015264353237399
1625.6415704698245008
1625.779341387898512
1625.9159563791383789
1626.0505457914223371
1626.184152130745133
1626.3123952023449874
1626.4396345905522594
1626.5587207263342862
1626.6779877411095185
1626.7943122144486097
1626.9073945117236235
1627.0174009136733275
1627.1238271065167282
1627.2278231540190063
1627.3295094841639639
1627.4320526748940665
1627.5266188745367799
1627.6239131718430144
1627.7190472578397475
1627.8074567987648607
1627.8933908425490245
1627.9802716948436228
1628.060152703998483
1628.1373109606979597
1628.2133871449880189
1628.2831833283669312
1628.3502536730813972
1628.4188565662332167
1628.4827939385982063
1628.5427592928076592
1628.6012931995785493
1628.6575272137954471
1628.7116960553807985
1628.7631616275693887
1628.810550093803613
1628.8528508087010778
1628.8946357039751547
1628.9319042654869918
1628.9660828743419643
1628.9997408514618655
1629.0323569425963797
1629.0609543399884842
1629.0830776422810686
1629.1061256786424565
1629.1233525046543491
1629.1419280629102104
1629.1566755478847881
1629.1665522469381813
1629.1738026787002127
1629.1823287354645799
1629.1849723375328267
1629.1871591405911204
1629.1847371394071615
1629.1798267295405367
1629.1694850373705776
1629.1631906165887358
1629.1504628396794487
1629.1354821595211888
1629.1146175963808673
1629.0923978822409026
1629.0669701122569677
1629.0397428303599554
1629.0060720496132944
1628.97056752041658
1628.9346924158435286
1628.8940924398211791
1628.8554380275388667
1628.8132547523857738
1628.7655601132132688
1628.7162794978021338
1628.6636781410336425
1628.6084973435342818
1628.5525867722401472
1628.4921816246398976
1628.4301517428928037
1628.3616561757235104
1628.2940039713344049
1628.2226088458619415
1628.1486190949017328
1628.0715909080900019
1627.9951965760521944
1627.9152171695805009
1627.8280908968492895
1627.7440948879443567
1627.6555895598864936
1627.5669138625416963
1627.473452233009084
1627.3756026355831636
1627.2780665850837067
1627.1745516197549932
1627.071728723764636
1626.9605627839114277
1626.8449522135476855
1626.731129084311533
1626.6124399004700081
1626.4935472937149825
1626.3708507979397382
1626.2462116184974548
1626.1218210749671016
1625.9918496207571934
1625.8582617100842072
1625.7213691341817139
1625.5822649650235689
1625.4396149428948775
1625.2934516819550481
1625.1468951222759642
1624.9974225595360622
1624.8449335454818083
1624.6888808259468533
1624.5298764220631256
1624.369942936112011
1624.2091691191737937
1624.0419883540707815
1623.8726508623774407
1623.702217651628871
1623.5273328777186634
1623.3561267066529581
1623.1781431411243375
1622.9994523823413601
1622.8154824616788119
1622.631821133099038
1622.4428371399853859
1622.2548369658923093
1622.0618700067047939
1621.8628048392567962
1621.6638625415087063
1621.4598000744122146
1621.2569537879226118
1621.0461554134133166
1620.8363308989382858
1620.6263778509867279
1620.4117128999259876
1620.1934369168061494
1619.9716262587146502
1619.7481989778696061
1619.522721285289208
1619.2942619670741351
1619.0628888785606705
1618.82632840455517
1618.5914498920446931
1618.3506453762627189
1618.1093424739726743
1617.864801967818039
1617.6201041665526645
1617.3732925313763644
1617.1219938999083752
1616.8675079432921393
1616.6087713220465503
1616.3530069380278746
1616.0906096773355785
1615.8264510431961298
1615.5587587598947721
1615.2908927045218661
1615.0161616550217332
1614.741496635663907
1614.4634722881878588
1614.1787768925794353
1613.89500807852869
1613.6029843585520211
1613.3133502955188305
1613.0213132698206664
1612.7257151075730235
1612.4307311121995099
1612.1309798895279073
1611.8288103210736608
1611.5262425888072357
1611.2156176265309568
1610.9043964846257495
1610.5924148464657719
1610.2759695509221274
1609.9612606545761082
1609.6391883724404579
1609.3166480960260287
1608.9907692501496967
1608.6634851919441189
1608.3347220492853467
1608.0011469793641936
1607.6627396187022896
1607.3241392324980552
1606.9834966724693004
1606.6416519050753777
1606.2942821763647316
1605.9491326544361982
1605.5945832599352343
1605.239714377218661
1604.8824518828043892
1604.5218509970097784
1604.1602752248177239
1603.7972945071758204
1603.4302428112125654
1603.0600461411443121
1602.6857150778423602
1602.3109569814230326
1601.9299500165416248
1601.55175787021426
1601.169403898244127
1600.7857291537206947
1600.3970123759313537
1600.0054686982523435
1599.6104893516760512
1599.2126601122881766
1598.8182146260000991
1598.4170376848421711
1598.0148799131259238
1597.6062770644482498
1597.1936430400269273
1596.7796735711472138
1596.367235900132755
1595.9515623763388703
1595.5353997306567635
1595.1141852797170486
1594.6919312222789813
1594.2650813361076416
1593.8364381713727198
1593.4074447772384246
1592.972235111138616
1592.5329666746797557
1592.0940327275095569
1591.6532168464482311
1591.2112121750831193
1590.7626359684995805
1590.3140173661636254
1589.8638513712598979
1589.4078578447076779
1588.9497551646345528
1588.4888906403225519
1588.0265430062711403
1587.5583885586536326
1587.091152332217689
1586.62153871792475
1586.1498122449763741
1585.6752919367838786
1585.1946526659573919
1584.7175922286639889
1584.2306302138049432
1583.7451852968738422
1583.2571431663154726
1582.7686723973731659
1582.2775189216517902
1581.7792537132775124
1581.2795108551697467
1580.7756036441471679
1580.2745397925359612
1579.7703936254256405
1579.2633121773560561
1578.753034782698478
1578.2396735274844559
1577.7251257888051441
1577.2104849364345682
1576.6901135704490571
1576.1673896342088028
1575.6434822010323842
1575.11313666137562
1574.5822628451664968
1574.0516593705051491
1573.5168840040832947
1572.9778267930078073
1572.4357930123162532
1571.8930563722844909
1571.3460071960303139
1570.7968617725873628
1570.2476521412809234
1569.696524076849073
1569.1429346513878045
1568.5858599309365218
1568.0209030037174216
1567.458225772398464
1566.8921002376546312
1566.3239163984487732
1565.7502319803677437
1565.1767327497689166
1564.5959538998231437
1564.017257498614299
1563.4381686417611945
1562.8510467581886587
1562.2655166021609148
1561.6755625633236377
1561.0820298631365404
1560.4887558640862153
1559.8935974946518854
1559.2945034962297086
1558.6938928501324426
1558.0877847358433428
1557.4803776353794547
1556.8731955778137035
1556.2623196180450122
1555.6506990555487846
1555.0311336507029409
1554.4116899549590016
1553.7876289340943003
1553.1658575467790797
1552.5371568853233839
1551.9112426084209346
1551.2789939428193975
1550.6454919667899048
1550.0130551930267302
1549.3737546065763127
1548.7303531220666173
1548.0842073339283615
1547.4357000665181658
1546.7891653957813105
1546.1358646154988037
1545.4805775491840905
1544.8180222643370598
1544.1625304405692987
1543.5001501008191553
1542.8363572243297313
1542.1704598717813042
1541.5011780328948134
1540.8282959727350772
1540.1603543845355944
1539.4883344887966814
1538.8077798996941965
1538.1228513947785359
1537.4391174435338598
1536.750276830641269
1536.0625748217819364
1535.3695989364346133
1534.6729767902879757
1533.9784612965813722
1533.2802479285726349
1532.5805589981266621
1531.876821509434194
1531.1711904230280652
1530.4632032872607397
1529.7533750544153008
1529.0386322408064643
1528.3248890696461331
1527.6094277384290763
1526.8889393992681107
1526.167446964419014
1525.4426100912874062
1524.7139676272281577
1523.9844723722055733
1523.248091711123152
1522.5167993530167223
1521.7803972129051999
1521.0457165621417062
1520.305693763742056
1519.5616703338369007
1518.8152228328151523
1518.0673268174987243
1517.3130172792421035
1516.5599748299546263
1515.7992930814821193
1515.0390011845133813
1514.2769979481108749
1513.5124981387564276
1512.7437822622628119
1511.9722322365701075
1511.199691096591323
1510.4243946789301845
1509.643562988657095
1508.8622821422011384
1508.0845024018194636
1507.3012836754373893
1506.5184213049692517
1505.7275682493930162
1504.9374538212312018
1504.1398002301946235
1503.3457729393487625
1502.5455008717678993
1501.7435103059417543
1500.9387683253744399
1500.1318806056883659
1499.322148569023966
1498.5118973337457646
1497.6958459885545381
1496.8801907045037751
1496.0593752891645636
1495.2364332024824307
1494.4172237643601875
1493.5902370748781323
1492.7628666395326036
1491.9311843490704632
1491.0985756232951189
1490.2629611667691734
1489.4260840184210792
1488.5846834054650571
1487.7435665377931855
1486.9017156077638901
1486.0531091188020127
1485.1994398813558291
1484.3481911151220629
1483.4948449764660836
1482.6333747622879855
1481.7752132721966518
1480.9136205654767764
1480.0440273818041987
1479.17548215413035
1478.3081519063077849
1477.4345565268729388
1476.5579865062115914
1475.6835864126380784
1474.8052216900866824
1473.9256477716069185
1473.044520813777126
1472.1593602281411677
1471.2712778719844664
1470.3822273247126304
1469.4893392364208466
1468.590790098377056
1467.6890062334559843
1466.7885303625785127
1465.8843861231864594
1464.982766983902593
1464.0714446809079163
1463.1620552753254287
1462.2499063401571675
1461.3356793469979493
1460.418633963072125
1459.4986392924638494
1458.5779965167082537
1457.6538260385032117
1456.7269775589129495
1455.8004503531765295
1454.8693820141706965
1453.9361318888529695
1453.0030643895127014
1452.0667781106933489
1451.1268614691809944
1450.1834715323204819
1449.2345686117080277
1448.2917596759423304
1447.3431029787122952
1446.3931198668578872
1445.4428298451034607
1444.4835129822772615
1443.5240428711588265
1442.5641645077685098
1441.5972163319627271
1440.6289737808945119
1439.661870218779768
1438.6908071743000619
1437.7131364133333591
1436.7345912712714835
1435.7560576738621876
1434.7731479318319998
1433.7878468821179467
1432.7987634461569542
1431.8131966137309519
1430.8236705545516543
1429.8339804897400427
1428.8381998181507697
1427.8379413724323967
1426.8378421886427532
1425.8336475239548236
1424.8299650255003144
1423.8220105475361379
1422.8102874503849762
1421.7999302249243101
1420.7865609698076241
1419.7665325514653887
1418.7473004448199845
1417.7241296395086465
1416.7018649873598406
1415.6736913841946262
1414.6426904591992297
1413.6126028295323067
1412.5776506129670906
1411.537801706029768
1410.5016735382314437
1409.4578557917777744
1408.4171327157187079
1407.3694742111765663
1406.3221043624671438
1405.2687233251447196
1404.2205784770719674
1403.1670631279430381
1402.1097182422010974
1401.0524162590759261
1399.9907549269671563
1398.9246841184979075
1397.8613732745743619
1396.7918225206651641
1395.7245566304718523
1394.6536169579724174
1393.5730719879531989
1392.4956521561198315
1391.4166927319365641
1390.3318263276421476
1389.2496907965369246
1388.1636520953475156
1387.07350537474872
1385.9817013800270615
1384.8870297437879344
1383.7921471796146307
1382.6968683943393899
1381.5939270174417288
1380.486769786711875
1379.3810461812447556
1378.2727895289942808
1377.1604044309299297
1376.0511275452702193
1374.9364066982523127
1373.8202189413545966
1372.7052932239673737
1371.5858706184249058
1370.4608293269011483
1369.3360486286660489
1368.2053927070694499
1367.0722488750566299
1365.940229086698082
1364.8064426254725277
1363.6707271341470005
1362.5281682302354511
1361.3812383518516071
1360.2355858603177694
1359.0878941101416331
1357.9354114768386808
1356.7867732058007277
1355.6280552861692286
1354.4705845633629906
1353.3104022667894242
1352.1496399730165194
1350.9870620099404732
1349.820675262500572
1348.6520902853278585
1347.4861890133468023
1346.30957915419458
1345.1331347279412967
1343.9546349814856967
1342.7758086678668406
1341.5908322926256915
1340.4071303044397609
1339.2152163426310381
1338.0297380272934333
1336.8394251678603268
1335.6430304670479927
1334.4497427949268058
1333.2513451576444368
1332.0527846883833263
1330.8519442000717845
1329.6459927230234825
1328.4387184938548216
1327.23146879081105
1326.0235120177974295
1324.812962890424842
1323.5916066658560339
1322.371418798860077
1321.1485860265590873
1319.92626584798154
1318.7038224597952194
1317.4746456502907677
1316.2469415656319143
1315.0169019948884852
1313.777361817821884
1312.5385585878468646
1311.2990980449133076
1310.0613442779458637
1308.8203584109999156
1307.5729209331573202
1306.3265629286759122
1305.0727117883939172
1303.8209668178544689
1302.56744691870108
1301.3073551781531023
1300.044439599954103
1298.7852199464539353
1297.5222146824362426
1296.2565011056838102
1294.9893169053571
1293.7154778618516957
1292.4477998659149307
1291.1754560370150102
1289.8949193826829287
1288.6089994196563566
1287.3289477110351982
1286.0400260621565849
1284.7502623046516419
1283.4635458295608714
1282.1743840941519466
1280.8791843078265629
1279.5845797000549737
1278.287739758383168
1276.9897786402430029
1275.6890189609425761
1274.3870365106270128
1273.0760561982572199
1271.7701869653790254
1270.4566231505484666
1269.1450810136491327
1267.8303233969011217
1266.5054668779134772
1265.1907499872600056
1263.8754900656192603
1262.5450790599454649
1261.2157202288988174
1259.8852666571608552
1258.5573673869073446
1257.2222405049815279
1255.8798772313743939
1254.5398535489448477
1253.2045879311410772
1251.8586032340324437
1250.5128154443045787
1249.1612098454477291
1247.8098033749247406
1246.4591366623403701
1245.1059179666276577
1243.7483650886554187
1242.3855225274717213
1241.0226791220679843
1239.660306945675984
1238.2940456177543638
1236.9288683097317971
1235.557443526779025
1234.1797820551944369
1232.8046360968353383
1231.4295242124183005
1230.0501100231495002
1228.667622943005199
1227.2807749895596316
1225.8947056132542457
1224.5099074555248535
1223.1139643208864527
1221.7228968662443549
1220.3286931159818778
1218.9354078453498005
1217.5393244904462335
1216.1337655469333185
1214.729413107943401
1213.3241224801840872
1211.9169772122138511
1210.5086301565995655
1209.0962759391652526
1207.6851550658520864
1206.2702014108556341
1204.848902801760687
1203.4258164696591393
1202.0010517435491693
1200.5777858485337219
1199.145058061961663
1197.7167824111443224
1196.2841776166746968
1194.8556305176521164
1193.414198601768021
1191.9785499728855029
1190.5385849157455596
1189.0947929303097226
1187.6517215831195244
1186.2038150200748987
1184.7626586265560036
1183.3102040026290069
1181.8605047148946596
1180.4055060037878775
1178.9456693478018678
1177.48920680902188
1176.0290759900951798
1174.5631044195513368
1173.0979634663426623
1171.631701882948164
1170.1594463008291314
1168.6866331142975923
1167.2147119354369806
1165.7357788726310446
1164.2596586744944034
1162.7773156077630574
1161.2968943551090888
1159.8146291329226187
1158.3294273304431954
1156.8364321982710408
1155.3388971217082144
1153.8454126956673917
1152.3417205572197872
1150.843098143023326
1149.3518214217633613
1147.8511532018515027
1146.348914845701529
1144.8390743723248306
1143.3267731331291088
1141.8114868321290487
1140.2971502437369509
1138.7782757652096279
1137.2637375263477679
1135.742310747859392
1134.2152845623118083
1132.6917109059481845
1131.1655361698817615
1129.6348443514727933
1128.1020691072926638
1126.568917663575121
1125.036404334356348
1123.4997586992469678
1121.9620244459549667
1120.4149458411504838
1118.8728629107038159
1117.3291575926014048
1115.7783814854187767
1114.2315971818391063
1112.6767577323241767
1111.1177377108142537
1109.5635613425281463
1108.0083258312072303
1106.4438213040589289
1104.8896140118063158
1103.3263750647427059
1101.758652279191665
1100.1830454733019451
1098.6126835330492213
1097.0411507361964141
1095.4700731851212367
1093.891177415385755
1092.312863637858527
1090.7327037318070779
1089.1502377276510742
1087.5673067972434183
1085.9747779268059276
1084.3839251592394248
1082.7905262132821917
1081.191315594227035
1079.588726192512695
1077.9945774621232886
1076.3880187219554045
1074.7866542680715156
1073.1807675228883454
1071.5719754371650652
1069.9669856944619823
1068.3571788539302361
1066.7394067170866947
1065.1189871169801791
1063.4949941305669654
1061.8679166955441815
1060.2385514467393932
1058.6126982857299481
1056.9947833827857266
1055.3686376763223507
1053.7382836687452254
1052.1059972090065457
1050.4751088305449684
1048.8341956064032274
1047.1928372002503238
1045.5485666102110827
1043.9059591178340725
1042.2662457063800048
1040.6212883414559656
1038.9725275315627187
1037.3212569442030144
1035.6639600911491925
1034.0028183613326291
1032.3468174975121201
1030.6822722895512925
1029.0216936081710628
1027.3598009971240117
1025.6939172823101671
1024.0319324727081494
1022.3576765915762508
1020.682599355080356
1018.9983931424286538
1017.3193529118005927
1015.6369074104064794
1013.9541563517261693
1012.2670994183695257
1010.5827372106502935
1008.8946613574358935
1007.2044507991637374
1005.5096611908674049
1003.8178226801744586
1002.1172384810603262
1000.4186507235592671
998.72126870491445061
997.0231891420876309
995.319574795766016
993.61199820205376909
991.90748657341293892
990.2040254434526787
988.48285815273925436
986.77363200246372799
985.06801583701599156
983.34836142012864002
981.62264096989827067
979.90101890415587604
978.17294047801340184
976.4512907554717458
974.72647642686456493
972.99478926148935898
971.26904902418800702
969.53375218638279875
967.80039317946398114
966.05796444367103959
964.32102629336930022
962.58216634362884179
960.83611320993747995
959.09596457213581289
957.34277845389249251
955.58498164126581287
953.82991180338569848
952.07035424805030743
950.31298938967040613
948.5547916189410671
946.79290107578538027
945.03178194410736523
943.26188788147885589
941.49682927315143388
939.73373654051533777
937.96337641228990378
936.20121562017209271
934.42685741170976144
932.64562400371607964
930.8736925643199811
929.09247168725926258
927.31119269731311761
925.51746413815783399
923.72916810658216491
921.93618016213986266
920.14512006182872028
918.35324602123455406
916.54914148874786406
914.74605744725533896
912.94350884753305309
911.13578435525755594
909.32750679273181049
907.51573672933113812
905.70712903809442196
903.89819006792401979
902.08739452687564153
900.2671741969239747
898.45208936463814098
896.63142501592301414
894.81100419466645235
892.98884466238882851
891.16808734262644975
889.33742188876306045
887.51111479193696141
885.67626179862736535
883.84204070851944834
882.00165759137962596
880.16445537750541916
878.32879607770723851
876.48608531701381708
874.63944384054593684
872.80038973284888471
870.95173394351206753
869.10730895216715908
867.25337453203360383
865.40049849716479002
863.55505154415664038
861.69015651153210911
859.84566862257372577
857.98899028827156599
856.12112474952562025
854.26289088150610951
852.40646960573906199
850.53284428732729339
848.66655217863217331
846.80227085368017015
844.9290115067710758
843.05409320022192787
841.17259715218483507
839.29815938683157128
837.42420888216349795
835.54063984316394453
833.65864406253388097
831.77343665911234893
829.8785337096916237
827.99036289136040523
826.1019735379506983
824.21313246193335544
822.3161983435612683
820.41859208948244486
818.52178341472756529
816.60491496674774226
814.69544393268370186
812.79279435697594636
810.88715097122440056
808.97998077693603136
807.06827556401117363
805.16054570830340253
803.23717840530173362
801.32329212766592264
799.39377092346603604
797.47593873019593502
795.55792925359855872
793.64784290452621462
791.72253095907763054
789.79947166376371115
787.87558749523304868
785.93818288553416096
784.01265296503549962
782.0751308329964786
780.13757845590953366
778.20219355086931046
776.25982389677096762
774.3097687831506164
772.37571239582189264
770.43091104567724869
768.47837837710687836
766.52994332401078736
764.57918769332945885
762.64124050869440907
760.69327651461571804
758.72742124435308142
756.76587702405709024
754.80663728007755253
752.84924924317749628
750.91069751813427047
748.95195590920548057
746.98397885869906077
745.01345616785829407
743.04507555893940207
741.07377045211853783
739.10730378964467491
737.14558860586350875
735.15969750807312266
733.17218166102418309
731.18241603345325075
729.2008702623671752
727.21984546570126895
725.22350049538977146
723.24102626007083927
721.26407524435171581
719.27718877191648517
717.28826327535841756
715.30020966698543816
713.30284294932687317
711.30166856072412429
709.2832904083873018
707.28127710416299578
705.28147456086344391
703.28416670925901144
701.2784789021444567
699.27596606193503703
697.26861628717983876
695.25253977893146384
693.23107963797849607
691.21791037965340365
689.18693327660923842
687.16679271694886211
685.14934615372260396
683.12602647232711206
681.09660890323868898
679.06750752856260078
677.02854036827500295
674.98885531126984461
672.95886038768378512
670.92844040671889161
668.8942448562060008
666.85937114865555486
664.8102659211115224
662.76915567162518528
660.72153635469464916
658.69312163447420971
656.64471888287937418
654.60118817241675515
652.56226855684633392
650.48589718505741075
648.43679238970798906
646.38657200839145389
644.33060762735874505
642.25869960800514491
640.2012288971363887
638.14771338592754546
636.07327643444887144
633.99410306480035615
631.92475137672659002
629.85828928218029432
627.77691666069370058
625.70103453109197744
623.62471636355667215
621.5482024024720431
619.46062171934556773
617.3875932047602646
615.30136408021735406
613.20928983576072824
611.11851275259698468
609.02296614947169928
606.93177698551801313
604.82926045571764462
602.73446391958100321
600.61828866347843814
598.50766390721935295
596.39057430995535469
594.27685554665652035
592.16817226086959636
590.04390546327726952
587.93706271662415475
585.83082767939617952
583.73133150477735853
581.60861076049832263
579.50003978636163993
577.38053520059213497
575.28053720912919289
573.15496890411748154
571.03818153719328166
568.93065364369510917
566.81373020078581249
564.69101051763720989
562.57044842908896953
560.44114881491111646
558.31262311467730797
556.18398100949957552
554.05233075020555589
551.93451460699918698
549.79866899544185799
547.66449432853653434
545.52990380289270433
543.3907325642271644
541.23471414410073521
539.08653288582286223
536.94467648961119721
534.80942110089699781
532.66238693115406022
530.51331708314228308
528.37172199513895521
526.25874303670195786
524.11869749362608673
521.96588692238026397
519.81667142814728777
517.66509799604932596
515.52386370971885299
513.3937409480961378
511.24708685874486491
509.0962221181799805
506.94967991725889078
504.82616402534796407
502.67901757548452224
500.53099101403506666
498.37278728223935786
496.23735429306998412
494.07598574950577586
491.9135294211257019
489.71211777611438265
487.53670366122179303
485.36669595237071917
483.18821504982776105
481.04765354823967982
478.89755163397148863
476.74088189195856557
474.57267707910330046
472.41038339374171073
470.24700487576421892
468.05630186420415839
465.84470141539145516
463.66142759812640861
461.46135364805672907
459.27488869340072597
457.0906146327749866
454.91604716005332421
452.72585484409205492
450.54932681324697796
448.37575638688593926
446.1889765103632044
444.00818451930467745
441.81367490835719991
439.63380307754476917
437.47455645757912635
435.30130411985766159
433.11508183890970258
430.89483912704855584
428.66474545838923405
426.4831462222489904
424.28725883190355717
422.09688795149429552
419.88755139142250528
417.69677939567941394
415.48026958943802356
413.27771892617090543
411.07071423932410426
408.8150950955935059
406.61158361614599244
404.405813036468885
402.17688348320865543
399.95780308045550555
397.69714371243742335
395.45560982564398955
393.24385782698112735
391.05599965417076191
388.81784011052570804
386.58611056076722434
384.35695623369571194
382.13306493079772963
379.89797597686043673
377.63498423408253757
375.39446987425185398
373.17823572278183519
370.96493722354733791
368.71930861836824533
366.45856995099819642
364.23995280761693039
362.01509946545621688
359.77175145291198533
357.54391937255309131
355.32100384895460365
353.09454403500404851
350.86173988565070658
348.62298895020012424
346.38829852518495045
344.14129328553690357
341.89373626845690524
339.65719920321976133
337.38703880367478405
335.14788409587458773
332.88793326170576847
330.65372799088237343
328.42007265959779261
326.16714075947027141
323.88583481683474474
321.63555207334815123
319.34876459166594032
317.08241981494467154
314.81462617935920889
312.57354778719945898
310.34175016080126852
308.05964129521191808
305.79609728849771955
303.51349704941526397
301.27063463313180591
298.99580436125506822
296.72318606564215315
294.43551540366803465
292.15421196123156733
289.86620597161214619
287.58713637581519151
285.33121406943467946
283.07006414159928909
280.80740540076902789
278.52537390364830117
276.24965766360998032
273.93557586325948705
271.65450392175125671
269.37337006829091024
267.10657268806448883
264.81459779916758634
262.49638495432691343
260.21639089126989575
257.95992911451440932
255.66756932841005323
253.38683706825170816
251.09734037338606072
248.78604628275633104
246.52302700316420214
244.2287078747063731
241.94378185688680105
239.64170375872754448
237.317398318379702
235.0327424199364259
232.73066938540213755
230.45109810238562886
228.14592184925362517
225.82884960745212766
223.50728279626869721
221.16629847943974596
218.86423447463653247
216.55127823325526037
214.25358748189708535
211.93001869420285743
209.60513875490866553
207.27478370611751757
204.94988984612530203
202.59936571627781632
200.28420771902898423
197.95973074813230141
195.63484175728879677
193.30212390901337471
190.97962714628857839
188.6418467102352281
186.31259528908600487
183.98858130324472882
181.6761631442386431
179.34799743367688052
177.02119331869093344
174.6699390259585698
172.34481023156251922
170.01238940606879169
167.66057881117484385
165.31721923521806161
162.98575441496683425
160.64387066972213347
158.30153649071351651
155.9573259666019851
153.65338920383820209
151.31006029753666553
148.96583352822921142
146.63319501727073657
144.28068927510943809
141.89507827584105826
139.52652005813430947
137.1744512429117151
134.82940447055293021
132.48372968235941016
130.10696503272731661
127.74940719567074154
125.41111134698120111
123.04461557310689557
120.67121406646700166
118.29491058764743627
115.94461926797045237
113.60800053718429581
111.25769633345765897
108.8584256011532716
106.49706949704157921
104.12479146284765363
101.76856669018583545
99.383168241576910873
97.003171849307861407
94.620950391718750438
92.217476862518637404
89.81352298450686078
87.437092484397410885
85.049212643711697979
82.678384272458046667
80.284100051925349817
77.903411149838845517
75.485306446234659461
73.092258093274324438
70.71119402525140174
68.317851682402320534
65.894115524375948212
63.494271065492988271
61.097938073435933859
58.694967190623536624
56.28500360630204824
53.89530454681469962
51.485131786809205323
49.074870226739932377
46.684109100251859559
44.276155474017599545
41.854309616779360681
39.453963751008757299
37.044890399161545247
34.642767174248106699
32.247046548452622972
29.83482887814338369
27.436706674797878946
24.99351727177897331
22.57322490205822163
20.160199371433712656
17.742568056637932017
15.315820440740036901
12.889632842577182004
10.483602665127037312
8.071157432319532532
5.6733183416590859949
3.2350746796713898412
0.82930196124071819952
-1.5963521574308887629
-4.0482018683132761083
-6.5001445588786532781
-8.9436057586888946247
-11.368408364672502486
-13.810721921387823841
-16.259429015095673066
-18.674810472106706527
-21.088985383660286743
-23.513455278937456683
-25.955972113489639952
-28.400511655961501845
-30.84051552198193491
-33.290197373952480575
-35.760092788651469675
-38.234701985558501747
-40.700804988889274227
-43.159978042388033259
-45.617744334744685375
-48.052851783791012963
-50.517836822393618945
-52.988114031656763814
-55.469075944965247515
-57.916329724486452335
-60.39814488873238929
-62.900779268168449221
-65.355447931502652636
-67.814049381946517769
-70.249256507535832839
-72.718027667293739569
-75.17298340713853122
-77.636046068252895225
-80.107153206894537334
-82.569629991418736381
-85.001944664821536435
-87.462168137459443074
-89.941015051656648893
-92.409491832091248398
-94.882692070117201411
-97.362783630927594913
-99.84061706769082889
-102.33493530136607319
-104.81273186568763833
-107.29394618787910076
-109.76934621319968244
-112.25572802742249223
-114.74259030365706735
-117.25812467022809926
-119.75269888860563583
-122.26741020334127086
-124.76612372086530911
-127.26676067758148747
-129.78811242550145266
-132.2911900510118528
-134.79554512731226623
-137.26813166405744937
-139.76860220407286306
-142.26429120765422454
-144.75342482971248614
-147.25145699780858877
-149.74883742693850763
-152.26347188019747136
-154.78885615513317475
-157.3058829209937528
-159.84944854965164041
-162.34443039785935525
-164.84442868641414748
-167.36639383201290343
-169.91810561217047848
-172.44408619519981585
-174.97406570186214481
-177.4873552461176871
-180.01889687625228476
-182.55441733959906969
-185.09103386025191185
-187.62359228100288533
-190.14535130502599714
-192.68590457559128026
-195.23134332053518847
-197.76611269707927931
-200.31418573156793173
-202.84461924836693925
-205.37129526240403266
-207.90563822006220107
-210.43417418752562753
-212.99279692952097776
-215.53183845423765774
-218.07215013686521843
-220.63270512176060834
-223.19150982246179638
-225.73917297319016484
-228.28495749135100823
-230.86410981647836138
-233.44350208174256522
-235.98431457587440718
-238.52719203918451285
-241.08003536911397191
-243.63899684360686138
-246.18389457254781405
-248.76068894071246973
-251.31700598006776204
-253.87295578512834027
-256.4406606110062512
-259.00792178293522738
-261.57015021741489136
-264.13450178914217759
-266.70977173389712789
-269.29818902735132724
-271.84746590792053667
-274.41110140423984376
-276.99220436306291049
-279.57226603133364051
-282.14774931463546181
-284.75682177939103212
-287.33921809916125767
-289.92764960979013722
-292.52866308213594948
-295.11402909942114547
-297.69524382749960978
-300.27249187204631653
-302.86191792798405231
-305.45287932074711534
-308.063824499640873
-310.67463243046830712
-313.27939251019392941
-315.86894084769448909
-318.47036874734567391
-321.05699349762306838
-323.63465873016497198
-326.24617695245149207
-328.8491988045309995
-331.48032343657177989
-334.09534739429392403
-336.69917724812961524
-339.31452140988704969
-341.90022096911519611
-344.51259285537872756
-347.1218142478924733
-349.71560404363157204
-352.33122862215066107
-354.96277798465865772
-357.60987949012047693
-360.24006386336333208
-362.86868625817857037
-365.50434742190230963
-368.13304649193861451
-370.7365602374021023
-373.36405608770212439
-376.01537800084440732
-378.67575763873469441
-381.35374407630519045
-383.97530065992754089
-386.62648200823775824
-389.25639859106081531
-391.90052082776907127
-394.55638081331653666
-397.20219805266401636
-399.82874440303965002
-402.4662456132502939
-405.12415123765890712
-407.77564804303432311
-410.42613061293485544
-413.06756741483468431
-415.71648747183036221
-418.36722829622317477
-421.03972656503071903
-423.71982992610782048
-426.39276850304622712
-429.0489542557249365
-431.70561894331387975
-434.36198954239273462
-437.02643989692262494
-439.71955271524478803
-442.3922941181248234
-445.0518430778844845
-447.73334057772893857
-450.40280953359757632
-453.07656235184913385
-455.72911629803434153
-458.40462961246015539
-461.072265771866455
-463.76515821851455712
-466.44204405564624949
-469.15845484773143426
-471.84861705639082174
-474.53609728980558202
-477.24566669772013938
-479.94663665628974059
-482.62301979120297801
-485.33857461435235336
-488.05064856714125199
-490.75733551897957341
-493.484079123572144
-496.1743938905133291
-498.85839451163644753
-501.54332408078300887
-504.243161889405485
-506.94934803727392136
-509.65885681062707135
-512.35935621126202477
-515.02667977372391306
-517.72967850569818893
-520.47900276950633724
-523.21317736607238658
-525.92494854851202035
-528.64370177571993281
-531.37241358509504607
-534.08899157470295904
-536.79480981577103194
-539.49847042133671948
-542.2297440996453588
-544.96583080370260177
-547.69148013629137495
-550.41616372731255069
-553.14422235674999229
-555.88048809707947839
-558.61652304420329074
-561.33797641333046613
-564.06235330772415182
-566.80510324494116503
-569.52688903286139066
-572.27081847671240666
-575.01668538006038034
-577.74557101374546164
-580.45706746108510288
-583.1836764213103379
-585.90755651346262312
-588.66157876937268156
-591.40328300871738065
-594.1529182528219053
-596.91349822808172121
-599.65945851173341907
-602.4101913184795194
-605.15308704833933007
-607.90457154558828279
-610.66104714753498683
-613.39925355054447209
-616.14656850060794113
-618.90254996567159651
-621.64136024060087493
-624.39296289887215607
-627.11890329017080603
-629.8742199130449535
-632.62951795199148819
-635.38998404287110588
-638.18525676663307422
-640.96690432435548246
-643.75802286921543782
-646.54956842506533121
-649.34271905777359279
-652.14473695907020101
-654.93953946443173209
-657.73047907856107486
-660.50690326925905538
-663.27579852406165628
-666.0606221911348257
-668.84710523235867186
-671.64958212390320114
-674.45633442979396932
-677.2633091082715282
-680.06445796007005811
-682.83850622368106542
-685.62553062065114773
-688.42463241191694578
-691.21769663327756916
-693.99753977975308317
-696.77704606540407894
-699.54793361303268284
-702.36008373557444884
-705.17498896863969549
-708.00990045707237641
-710.86106247133182023
-713.68775236228577796
-716.51422640429336752
-719.37174185837704954
-722.19056386725003449
-725.0146946248896711
-727.86257424314317177
-730.70825504847209686
-733.55705598601571182
-736.40082198426136983
-739.25046491059458731
-742.09801179887517719
-744.96675999974900151
-747.8142094995031357
-750.67812186543142161
-753.54493021309258438
-756.42030979006756297
-759.2708248348910729
-762.12811510140932114
-764.95617121284510631
-767.79889462524783994
-770.64589656705175003
-773.4904075494529252
-776.36182818979898457
-779.24290167388232931
-782.11058834591165123
-784.97160407052592745
-787.85366398250516795
-790.72318894544935119
-793.60628233794000153
-796.46979692497586711
-799.33829028377340364
-802.2070134242886752
-805.07058834194128849
-807.95643625791365139
-810.83054076057089787
-813.71205163831416485
-816.57647998856930371
-819.44083108951735994
-822.319762448523079
-825.23528393159347161
-828.14497417337929619
-831.05579473591160422
-833.9492900587879376
-836.83194212345449614
-839.72956973962880056
-842.62964384311885624
-845.54930530160368107
-848.44353111500799969
-851.321855342699223
-854.19080484643416185
-857.05809053737345948
-859.93908078568313158
-862.83992833267143396
-865.75779325796077046
-868.65099449549313704
-871.55363654524239791
-874.44574297821952769
-877.36616525475255912
-880.29331738064161073
-883.2193143678209708
-886.09831453147864977
-889.01586496583547614
-891.91112133303272458
-894.82505629487764054
-897.71815567289092996
-900.64307098868289359
-903.5665316532331417
-906.48130452794998746
-909.42984889049898811
-912.36679396639715378
-915.29478491137479068
-918.20438768618373615
-921.12387701560214737
-924.05789404059976277
-926.98162528008288064
-929.90863974142189363
-932.86263739721869115
-935.83101562678052687
-938.80359818566171271
-941.76757090277203588
-944.71132851092636429
-947.64922423443692878
-950.60134690623169718
-953.56601305090805454
-956.5330928884613968
-959.52654904143798831
-962.48182364293370483
-965.43076543890072116
-968.38192365940767559
-971.33110446093189694
-974.28902442376318049
-977.26720064406879374
-980.23693910542806407
-983.19077998672082686
-986.14956324517527264
-989.13927667337281946
-992.11594042124511361
-995.07442875124684178
-998.03759526608178021
-1000.9984774036664703
-1003.9814798505749422
-1006.9619950110219406
-1009.9380570891366915
-1012.9200355866445307
-1015.9047552734771216
-1018.9044920066381792
-1021.8992508234704246
-1024.868217440685612
-1027.8624651461066151
-1030.8694787707586329
-1033.8414880387711037
-1036.8443193949317447
-1039.8582831492656169
-1042.8826052096428612
-1045.9032093013595386
-1048.9074491289945854
-1051.8945322008296444
-1054.8886896900767169
-1057.8927275895296134
-1060.9217792205115529
-1063.9493703370540061
-1066.9825994607278972
-1070.0232195804780986
-1073.0568121033556963
-1076.1140386848023809
-1079.1467209774843923
-1082.1864121462913317
-1085.2390764975900765
-1088.2786837293022018
-1091.3424824796074972
-1094.3736475067425999
-1097.4127445953670303
-1100.4429082053013644
-1103.4759568373888214
-1106.5478335141267507
-1109.5984276212770965
-1112.6417325428278673
-1115.6848371452979336
-1118.738441841248914
-1121.7692463108298853
-1124.8214970976655422
-1127.8658175627188029
-1130.9187803823804188
-1134.0268015973401816
-1137.1165345610384065
-1140.2123650094993081
-1143.2769463941931463
-1146.3578968416843509
-1149.4525948997870728
-1152.5580540941175514
-1155.6509519364556127
-1158.724602546073811
-1161.8124009855196164
-1164.8891356505787371
-1167.9818465645557808
-1171.072847405123639
-1174.1737872338396755
-1177.2808225021929047
-1180.3717601987452781
-1183.4768585955305298
-1186.6000812075094473
-1189.7375485008915348
-1192.8494420270394585
-1195.9668811872811602
-1199.0971394858479471
-1202.1961938895715321
-1205.3081108759288327
-1208.4231344209497365
-1211.563541546435772
-1214.7084791744305221
-1217.849597892454085
-1221.0199551143518875
-1224.1895764360242538
-1227.3356781627401233
-1230.4622749085312989
-1233.6039615567015062
-1236.744170983167578
-1239.9249878025102589
-1243.0742261720906754
-1246.2113534295633599
-1249.3637906989338262
-1252.5232810368318042
-1255.681272655514249
-1258.8473899788498329
-1262.0077247428175724
-1265.1772685829616876
-1268.3368553084196719
-1271.4927834641011941
-1274.6558730244792059
-1277.8173990995178428
-1281.0057755839322908
-1284.1629521197282884
-1287.3265074679670761
-1290.4891913079932237
-1293.6454469765437807
-1296.8062062629126103
-1299.9871644832899165
-1303.150263605517921
-1306.3218109036499754
-1309.5207949203902444
-1312.7088183917624065
-1315.8969314948806186
-1319.0891794940594082
-1322.3029739235025772
-1325.5306236077205995
-1328.7415489681154668
-1331.9378731525641797
-1335.1589971538840018
-1338.3615687480159977
-1341.5628534121226494
-1344.7876698822874459
-1348.0166781228874697
-1351.2283809914770245
-1354.4356663144969843
-1357.656662928707874
-1360.8691999065476921
-1364.0873848125520453
-1367.330086775210475
-1370.5643465558644039
-1373.7669234798413527
-1377.0142437005247302
-1380.2545092576142451
-1383.5158585818717256
-1386.7469441575688052
-1389.988668180432569
-1393.2504333478018452
-1396.5149693237581232
-1399.7796998830078792
-1403.0161048009513252
-1406.2817121563466571
-1409.53489644141996
-1412.7998838644057287
-1416.0768185512554282
-1419.3445952969573227
-1422.6006515310984923
-1425.8742811009215075
-1429.1330466584222449
-1432.4044068290968426
-1435.6911551390592194
-1438.949566156229821
-1442.2175594139237091
-1445.5081561111608153
-1448.7851565795926945
-1452.0519087699904048
-1455.3326427646827597
-1458.6207944605016564
-1461.9182785050513758
-1465.216420892585802
-1468.5015981670744623
-1471.8000429468579568
-1475.1216834540116452
-1478.4457507833551517
-1481.7642715583581321
-1485.0692540900461154
-1488.387117741746124
-1491.6857095494694931
-1495.0061963547420874
-1498.3418903870644954
-1501.7007857472692649
-1505.0348029949773263
-1508.3839268750220981
-1511.7224984342881271
-1515.0541000939833793
-1518.3991100462985742
-1521.743647082050984
-1525.1078559984057392
-1528.4578464421635999
-1531.8066324161707144
-1535.1706495081155026
-1538.5216075604021171
-1541.8672799724836295
-1545.2161089777937377
-1548.5532373582932451
-1551.9002740397129401
-1555.229258959836443
-1558.5909013737366422
-1561.9500143452683005
-1565.3061472201934521
-1568.6505218251943461
-1571.9974307886225233
-1575.3820448313633733
-1578.751898792749671
-1582.125657449601249
-1585.5086753597445295
-1588.8797876779515263
-1592.260764466145929
-1595.6609520536703712
-1599.050844488508119
-1602.4102476611440125
-1605.7886907424399396
-1609.1873358167604238
-1612.5943087045175162
-1616.0011590138885822
-1619.4229462651253471
-1622.8369165525959943
-1626.2485121418822018
-1629.6581724945069709
-1633.0795259471135523
-1636.496456408422091
-1639.908181785789111
-1643.3227794347294548
-1646.764094001975991
-1650.2016546342492802
-1653.635140984418058
-1657.0527396829061217
-1660.478896468727271
-1663.9354228544334546
-1667.3613542572354618
-1670.7857840145325099
-1674.2221510605515959
-1677.6782021512910887
-1681.1198302992615936
-1684.5447908954226932
-1687.9732847858701916
-1691.3920531457172274
-1694.8114041937324146
-1698.2561081523460871
-1701.7104675847795079
-1705.1635485283779872
-1708.6192346690424984
-1712.0727771964163821
-1715.5163802265424238
-1718.9575596499832955
-1722.4008269144319456
-1725.8473387481360533
-1729.2964927113664544
-1732.7385138937074771
-1736.1933313306819855
-1739.6577094479864627
-1743.1292877940059043
-1746.6089978760080612
-1750.082833965264399
-1753.5612119099787378
-1757.0676694426576887
-1760.562293323077256
-1764.0574467729973094
-1767.5647946222743485
-1771.0741951851885005
-1774.5898284741997486
-1778.0998069183215193
-1781.6303810267022527
-1785.1446964433584981
-1788.6656469104500502
-1792.1840244317393172
-1795.7148412333663146
-1799.2514979317938923
-1802.786382884303066
-1806.3263385186080541
-1809.8874257394240885
-1813.4444999157399252
-1816.9972120869492755
-1820.5276388936065359
-1824.0699896742908095
-1827.6265484391456084
-1831.1831731703039168
-1834.7363701913607201
-1838.293778221204775
-1841.8502201519625032
-1845.4043406789348865
-1848.9562074002899408
-1852.5298068366464577
-1856.0907126729669017
-1859.6669148849537123
-1863.2508125858234962
-1866.8314120908621589
-1870.4086752200560113
-1873.9772447942777944
-1877.5438513664423681
-1881.1316512893690742
-1884.726996256818893
-1888.3253221355532787
-1891.940567490021067
-1895.5699623065397645
-1899.1572959178113251
-1902.756847708354826
-1906.3817057272935926
-1910.0037925029259895
-1913.620509521196027
-1917.2255890037895369
-1920.8533233059131362
-1924.4953395666980214
-1928.1283475976090358
-1931.7813409978602976
-1935.4170584479818444
-1939.0557591875544858
-1942.6920864134249314
-1946.3379578755314014
-1949.9791096103085692
-1953.6297781641178517
-1957.2785981146648737
-1960.9377826921727319
-1964.6031896846363907
-1968.2813739216308022
-1971.9750533691744749
-1975.6665837634604941
-1979.3522746249359443
-1983.019264425654228
-1986.6932453653948869
-1990.3587596336624301
-1994.0258374726302009
-1997.721475071549321
-2001.3938644714446582
-2005.0811839266907555
-2008.7740495551752247
-2012.4669429328539536
-2016.1778009180402478
-2019.8816978959937387
-2023.591296566116398
-2027.3124099675544585
-2031.0276334975922055
-2034.7346094343415643
-2038.4477916808980353
-2042.1572205517895782
-2045.881919661783968
-2049.5892040571015968
-2053.320145755595604
-2057.0511624259643213
-2060.788306824179017
-2064.535316499864166
-2068.2885364712155933
-2072.0640954756095198
-2075.8310085230282311
-2079.6063113405630247
-2083.371936140536036
-2087.1587063197980569
-2090.9409548019229987
-2094.7014231465559533
-2098.4951457195597868
-2102.2876449064106055
-2106.067958494665163
-2109.8435947058724196
-2113.618090477311398
-2117.41162295711365
-2121.207711777149143
-2125.0015569028078062
-2128.796427864060206
-2132.6027029486836
-2136.4087754838546971
-2140.233562088626968
-2144.0507595297722219
-2147.8759174853935292
-2151.7121287127806681
-2155.5558062872087248
-2159.389887038391862
-2163.2348451174607362
-2167.0845422832253462
-2170.9429850568667462
-2174.7937043465854003
-2178.6488693598389546
-2182.5192735702762548
-2186.4016017952590119
-2190.2789588005689438
-2194.1623546988657836
-2198.0518584836945593
-2201.929928382464368
-2205.823234754907844
-2209.6790316625283594
-2213.5589554746479735
-2217.4615560962902236
-2221.3597133956018297
-2225.2536445641039791
-2229.1509011110542815
-2233.050127318466366
-2236.9559671681518012
-2240.8543170847228794
-2244.764999458485363
-2248.6717444348819299
-2252.5873607001944947
-2256.4831960963410893
-2260.3865794638159059
-2264.3132747963936708
-2268.2483808593410686
-2272.1684795985870551
-2276.1027983711601337
-2280.0377342023261917
-2283.9832244058038668
-2287.9277828466711071
-2291.8792183172758996
-2295.8527472778605443
-2299.8080218716963827
-2303.7782470463848767
-2307.7542479354128773
-2311.7302854531844787
-2315.701984650968825
-2319.6726539639175826
-2323.6481202502991437
-2327.6279864717821511
-2331.6184213281994744
-2335.6051807900375934
-2339.5973783584504417
-2343.5821303448228718
-2347.5781000159436189
-2351.5758115280755192
-2355.5854882696239656
-2359.6076722386437723
-2363.61043567414481
-2367.6342115459988236
-2371.6547633686291192
-2375.6915437516777274
-2379.7219148886306357
-2383.739964028045506
-2387.7813959108066229
-2391.8486992414896122
-2395.9011974720961007
-2399.9809043758405096
-2404.0353447891047836
-2408.0981124908480524
-2412.1687194915939472
-2416.2408320488693789
-2420.2897324041787215
-2424.3576301604193759
-2428.44463283393452
-2432.5364994481319627
-2436.6353219046463892
-2440.7520709987638838
-2444.8490489713290117
-2448.9478731870008232
-2453.0665499184847249
-2457.1921364324371098
-2461.3171899674498491
-2465.4586758071613986
-2469.603130842837345
-2473.7284536840243163
-2477.8576380892654925
-2482.001151468190983
-2486.1523558227781905
-2490.2811657508200369
-2494.44929740818543
-2498.6168062924239166
-2502.7784081619270182
-2506.9231715690889359
-2511.0917781453185853
-2515.2548543101288487
-2519.4068946453239732
-2523.5659289862369405
-2527.730392684101389
-2531.9258836949934448
-2536.1077188983367705
-2540.2850327840901627
-2544.4813923123542736
-2548.6758767894375524
-2552.8786132357795395
-2557.0835615216756196
-2561.2891292630561111
-2565.5095017298026505
-2569.7270948939221853
-2573.9597836680723049
-2578.1803111835829441
-2582.4219238502482767
-2586.6844677730837248
-2590.9175825241950406
-2595.1583822054772099
-2599.3822615152093931
-2603.6316469600069468
-2607.8839219731330559
-2612.1606865605699568
-2616.4154185966031037
-2620.6682019049057999
-2624.9146060597154246
-2629.2120533656320731
-2633.487605966684896
-2637.7831772710255791
-2642.0801372033761254
-2646.3906382665518322
-2650.6896326295595827
-2654.971802453383134
-2659.2910321387353179
-2663.593125173097178
-2667.929026923962283
-2672.2588813280463
-2676.573464663280447
-2680.9162483198874725
-2685.2474530290401162
-2689.6024769711771114
-2693.9541207216057046
-2698.3013682938276361
-2702.6458549557064543
-2706.9981105152623968
-2711.3652403636324379
-2715.7390726723115222
-2720.121821192446987
-2724.523793365243364
-2728.8978636882293358
-2733.2684315442461411
-2737.6499725197081716
-2742.0313234829554858
-2746.4335611379497095
-2750.8223125804261144
-2755.2527656003494485
-2759.6543934359569903
-2764.0776832958335945
-2768.5164035539046381
-2772.9503804087516983
-2777.3865850926208623
-2781.8301008916237151
-2786.3069851813729656
-2790.7631427786250242
-2795.2007019137004136
-2799.6525997205731073
-2804.1037867865438784
-2808.5716236001740072
-2813.0637003413758066
-2817.5514484633522443
-2822.0396623532387821
-2826.5318045560129576
-2831.0304393317601352
-2835.5331413102712759
-2840.0103904419634091
-2844.5013653810174219
-2849.0065685602958183
-2853.5256817758540819
-2858.0397353285425197
-2862.5773123086496526
-2867.1034478966512324
-2871.6304515884007742
-2876.1675716075037599
-2880.7176764203413768
-2885.277011867881356
-2889.8610218408230139
-2894.4490034045543325
-2899.0143566528204246
-2903.587526373176388
-2908.160009378180348
-2912.7476131640028143
-2917.3769330921463734
-2921.9968697833101032
-2926.6044860107199383
-2931.1886139503249069
-2935.823987802913507
-2940.4547726973632962
-2945.0542629837045752
-2949.689137786804622
-2954.3112963568728446
-2958.9647585862298911
-2963.5811949094591
-2968.2235052816099596
-2972.8913816947783744
-2977.5326810957658381
-2982.1949233991390429
-2986.8385262196711665
-2991.5241792554747917
-2996.2148726032069135
-3000.9164713364611998
-3005.6014231640160688
-3010.2905736202637854
-3014.9871687975987697
-3019.6762847635404796
-3024.3745391602769814
-3029.0678860993307353
-3033.7796494198119035
-3038.4982596988620571
-3043.2298073782276333
-3047.9615468371789575
-3052.6753124384058538
-3057.401611685439093
-3062.1444896702628284
-3066.8783892212049977
-3071.6673381514278844
-3076.4117150411234434
-3081.1976284440033851
-3085.96388647897993
-3090.7302583438618058
-3095.5134849757182565
-3100.29668576870381
-3105.0936023081771964
-3109.8984050969602322
-3114.6915121201623151
-3119.4773388360590616
-3124.3147608401436628
-3129.1394415690888309
-3133.9798126135387975
-3138.7881122540620709
-3143.6346292829675804
-3148.5212963677690823
-3153.3642455149774833
-3158.2145339931653325
-3163.0714015397747971
-3167.9730855880193303
-3172.8467167974904442
-3177.6830030608093693
-3182.5976449206941652
-3187.4719997157712896
-3192.3507804596888491
-3197.2403294794407884
-3202.1279453813522196
-3207.0564599222257129
-3211.9748153680752694
-3216.846268264831906
-3221.7612098457443608
-3226.6776285783939784
-3231.5886144989549393
-3236.5376106262669964
-3241.5085903040808262
-3246.4540851002957424
-3251.3978934111664785
-3256.3631273024061556
-3261.3050552210283968
-3266.2750252627847658
-3271.2406991845155062
-3276.1927055364012631
-3281.1863289356765563
-3286.2089728656583247
-3291.2800401606759806
-3296.2604073715069717
-3301.3001214764208271
-3306.305584339392226
-3311.3381237598214284
-3316.394174702152668
-3321.4697490990174629
-3326.5743924012235766
-3331.6306895651005107
-3336.6836171774143622
-3341.7456126412448612
-3346.8057394285751798
-3351.8977967104365234
-3356.9946407764336982
-3362.0864151651571774
-3367.1752052120655208
-3372.2371373749497252
-3377.302056183845707
-3382.4002509643987651
-3387.5363680973596274
-3392.6369854977760951
-3397.7562499233245035
-3402.8599908865166981
-3407.9534600630240675
-3413.0870173439616337
-3418.2427449534629886
-3423.4282927767517322
-3428.6035402762427111
-3433.7471711184857668
-3438.922811948684739
-3444.0383348095938345
-3449.1817838883762306
-3454.4236134285342814
-3459.5662476232328117
-3464.732995921454858
-3469.8948611808314126
-3475.2218353914408908
-3480.4451766404517912
-3485.6754745034395455
-3490.9035650839023219
-3496.087324001853176
-3501.2447725165675365
-3506.4654867642457248
-3511.7878974380400905
-3517.0468032083849721
-3522.2739032199237954
-3527.4494101821792356
-3532.6623276911846006
-3537.9184016461626925
-3543.0753126146587419
-3548.2583036941441605
-3553.4717794786611194
-3558.7125409560176195
-3563.9411339674470582
-3569.1001444661192181
-3574.2989231924093474
-3579.5412206656169474
-3584.8282032890983828
-3590.0757975317069395
-3595.4014479869342722
-3600.7258467308543004
-3606.0502647794251061
-3611.3531736510994961
-3616.6393646279602763
-3621.971644613719036
-3627.3236375755946028
-3632.6349862797296737
-3637.9058167787907223
-3643.2811638802086236
-3648.6098305653385978
-3653.9698427849143627
-3659.3078455410059178
-3664.704154229010328
-3670.0646295199662745
-3675.4638596672662061
-3680.817588629517104
-3686.1622229963868449
-3691.557241323254857
-3697.0682785869330473
-3702.4813559551412254
-3707.9099556344312987
-3713.3385845386683286
-3718.7446226010993087
-3724.1570524295161704
-3729.6679518754681339
-3735.1309973417146466
-3740.5293304185624947
-3745.9083965526824613
-3751.3711247213577735
-3756.7988412338709168
-3762.2427308279029603
-3767.7264632859623816
-3773.3159887889332822
-3778.8318042170208173
-3784.3296327219636623
-3789.8480017480387687
-3795.3734324953675241
-3800.8302566136403584
-3806.3090887641560585
-3811.871347272373896
-3817.3301881849583879
-3822.8718570952760274
-3828.4242237848020523
-3833.9508537203655578
-3839.4435008161517544
-3844.9878387488088265
-3850.5169661773143162
-3856.0603762618256951
-3861.5965569187296751
-3867.2103017660833757
-3872.664206775198636
-3878.2456318863323759
-3883.8049058046135542
-3889.3587481064209896
-3894.9118060393579981
-3900.5298866181306039
-3906.2040553550355071
-3911.8336280996923051
-3917.469314181196296
-3923.0587995173000309
-3928.6326772664251621
-3934.2961371812025391
-3939.9311391726637339
-3945.5540870260119846
-3951.262656385628361
-3956.9656018795544696
-3962.627870026486562
-3968.2628766509146772
-3973.8831741045814852
-3979.6101180517412104
-3985.2384323426354058
-3990.8480057155907161
-3996.5162712393025686
-4002.268260488436681
-4008.0099942262991135
-4013.6739502336481564
-4019.3904531622015384
-4025.0782351654033846
-4030.707064730984257
-4036.3459625740688352
-4042.0057084731070063
-4047.6139695561578264
-4053.2865600813920537
-4059.0300497824046033
-4064.7452150247795544
-4070.4057670945480822
-4076.1379401077310831
-4081.9103919738004151
-4087.6440316767029799
-4093.3660879241701878
-4099.0794901110430146
-4104.8932424539889325
-4110.6214294510364198
-4116.4836994598281308
-4122.3080946157497237
-4128.0864690552762113
-4133.790654626090145
-4139.4804170574070667
-4145.1584701025130926
-4150.8053005770871096
-4156.5321548486617758
-4162.3751889206441774
-4168.2105548555582573
-4174.0202197765975143
-4179.8175442222245692
-4185.68098255825862
-4191.4528011808733936
-4197.2155070972639805
-4203.0227122803589737
-4208.8690225525906499
-4214.6795412774590659
-4220.4656558631195367
-4226.2656064032780705
-4232.0709781179430138
-4237.9292831867041969
-4243.7199733830002515
-4249.5935478231313027
-4255.4268395303142825
-4261.1911874538182019
-4267.0577744044521751
-4272.822570303908833
-4278.753590212326344
-4284.638825237771016
-4290.4148005788856608
-4296.2264897394279615
-4302.177390835659935
-4308.1034765651947964
-4314.0220858340144332
-4319.927462603094682
-4325.8097135716034245
-4325.8097135716034245
