13   60   54
2   39   15
41   7   10
58   13   34
33   59   50
58   38   45
22   49   3
23   53   51
41   48   60
43   24   4
23   50   49
52   42   56
10   28   41
40   56   38
9   33   40
52   59   3
56   15   2
52   16   54
43   12   54
5   38   13
32   17   24
8   58   49
11   16   21
48   15   35
38   29   2
9   30   26
50   42   41
13   62   40
41   5   38
54   27   5
54   12   48
3   4   46
59   43   5
14   48   51
27   13   56
35   1   60
13   44   4
52   54   2
31   11   18
11   47   3
60   13   51
9   3   3
60   46   37
29   20   62
50   33   49
27   51   0
50   5   48
50   52   60
33   25   55
12   6   48
17   8   50
39   63   60
42   12   3
9   38   42
47   60   36
36   5   43
41   42   2
18   60   40
16   52   12
13   8   49
54   38   1
44   44   10
44   37   43
9   1   38
23   50   10
46   59   38
58   15   11
24   12   46
42   47   9
49   52   5
32   20   58
56   47   17
12   3   40
46   39   52
5   29   0
29   54   24
24   43   55
40   3   9
29   28   53
22   32   2
4   31   51
33   11   62
2   47   56
54   33   42
62   17   13
8   41   40
10   1   54
44   59   42
41   63   62
52   40   33
15   30   41
31   56   24
4   14   54
62   43   53
59   51   51
2   51   37
55   60   5
26   34   7
17   50   58
14   57   41
59   55   1
21   10   56
10   49   55
14   42   47
63   29   4
25   44   18
47   52   14
8   50   9
57   59   11
48   42   4
56   47   37
19   48   47
5   5   29
9   60   38
25   51   20
33   46   56
62   56   56
0   33   45
53   12   25
6   60   56
6   23   37
16   32   48
26   8   56
1   60   21
46   45   11
51   31   49
53   27   31
58   54   55
8   58   39
41   17   41
27   23   59
5   40   8
35   50   40
63   37   44
18   43   58
49   51   33
60   30   34
10   47   7
52   6   48
33   5   2
33   11   36
25   48   21
7   24   46
14   40   19
44   53   24
33   52   4
25   50   4
20   27   11
2   11   56
63   39   44
28   16   56
38   31   62
37   15   43
32   31   36
3   44   8
16   24   58
20   53   48
57   27   55
44   8   25
59   38   0
58   15   10
49   2   4
53   13   2
27   37   50
30   58   34
3   7   56
29   22   59
7   38   48
59   42   3
15   45   19
43   59   60
11   57   56
60   38   5
15   7   3
54   60   34
36   12   10
58   6   62
42   7   41
8   24   11
12   24   40
63   21   34
61   26   34
62   48   39
22   27   60
2   2   54
62   20   52
40   20   36
41   37   35
34   26   59
3   41   43
13   49   10
46   12   24
21   58   43
34   2   62
14   7   54
40   30   63
7   60   57
21   46   49
58   49   5
60   41   3
63   13   20
63   8   37
45   15   41
17   35   36
36   29   53
13   42   51
33   59   10
24   35   14
45   31   45
41   20   21
22   32   50
23   36   7
17   29   13
20   0   28
50   41   5
11   9   58
47   56   61
22   20   52
30   53   23
34   33   50
13   23   20
6   34   56
23   33   13
59   0   0
60   13   8
8   40   55
20   42   55
61   8   46
6   50   61
1   1   15
48   8   38
62   56   40
38   10   2
14   41   31
45   57   14
63   1   2
30   55   51
59   37   20
37   9   10
20   36   50
61   28   4
63   48   5
44   43   30
4   53   0
7   25   54
38   25   59
2   20   57
62   43   37
39   55   39
34   19   14
1   63   17
36   30   52
61   21   55
18   19   57
27   3   36
6   17   39
53   29   0
13   15   38
28   55   50
24   20   59
13   14   34
39   28   36
15   43   31
28   39   36
33   43   52
54   50   11
20   19   54
40   47   54
37   45   23
51   50   6
14   7   2
2   2   55
4   59   56
40   50   44
4   50   7
17   45   7
52   57   46
12   51   47
40   36   50
61   13   27
3   49   4
24   43   17
60   44   39
0   45   55
63   63   9
56   20   15
56   44   7
59   36   56
62   6   33
57   1   58
63   46   42
1   17   8
49   37   45
45   47   14
16   58   0
6   1   10
5   53   1
7   62   57
62   12   34
20   36   47
31   25   56
33   15   47
4   57   3
43   15   45
54   52   33
55   2   63
9   11   54
42   40   32
51   23   53
57   42   37
47   4   0
27   10   24
59   46   41
60   63   63
42   4   63
18   61   28
59   12   50
18   20   57
57   57   15
56   22   31
43   27   19
54   37   51
7   43   40
0   60   9
48   47   2
27   1   43
10   30   30
15   37   3
4   20   51
50   9   63
5   11   20
56   16   0
62   18   6
16   35   31
18   54   0
62   12   20
62   56   51
32   42   7
59   37   43
16   17   59
12   21   16
27   8   55
56   58   0
12   22   16
43   55   15
54   34   34
36   36   57
18   60   48
49   13   24
23   15   43
25   24   59
19   24   13
16   61   60
0   12   61
59   53   60
27   15   62
62   61   60
60   61   62
52   47   61
26   9   16
10   36   49
48   56   16
22   16   1
27   30   62
45   4   15
29   1   24
56   13   4
52   6   46
23   55   3
47   28   25
7   12   12
48   56   2
61   28   34
5   41   26
2   63   2
45   53   50
59   43   3
48   45   27
52   13   54
49   61   46
39   30   48
53   37   37
56   52   41
53   32   49
59   34   54
59   0   60
26   61   21
11   54   37
38   6   7
12   51   48
11   53   54
2   12   51
41   37   63
55   49   3
7   30   0
33   59   28
49   26   55
48   36   37
11   58   56
8   2   38
59   16   46
54   33   34
58   38   37
61   57   14
45   6   59
12   61   45
24   57   40
33   56   54
52   22   51
0   15   58
52   54   62
2   6   9
52   2   27
39   30   2
18   56   1
44   16   60
2   42   4
4   1   43
39   63   1
51   32   55
8   39   55
52   15   54
54   62   29
1   34   1
21   2   47
54   34   35
57   36   45
31   31   58
6   25   60
38   36   32
59   6   23
62   41   37
48   7   32
35   50   37
51   10   54
52   26   13
41   60   52
20   39   14
36   54   19
21   21   56
41   20   55
11   1   3
26   9   63
17   10   33
26   58   46
38   10   48
39   30   53
0   63   1
7   29   51
50   62   15
57   39   54
18   46   43
61   50   37
8   49   58
11   33   44
55   11   27
58   37   32
54   51   45
23   40   55
60   6   61
8   14   50
1   18   0
10   24   26
62   59   44
8   14   28
13   53   22
56   43   42
24   63   44
30   3   62
22   8   51
9   5   8
35   3   54
33   29   50
56   63   45
36   11   38
5   11   50
24   62   24
39   5   3
57   7   39
52   13   52
10   5   48
2   12   27
53   20   51
19   8   60
3   42   34
36   16   62
13   4   9
18   51   7
17   17   24
37   41   1
20   18   1
9   59   1
19   38   62
58   44   42
52   22   52
43   40   52
31   21   0
1   29   32
25   3   23
19   20   56
56   59   1
17   42   61
1   12   37
15   39   62
23   10   44
62   6   58
56   11   61
31   59   54
11   2   58
9   53   53
18   12   43
13   25   48
38   31   60
58   54   8
0   52   56
57   59   0
60   31   58
25   52   3
51   29   60
18   1   40
23   22   11
26   36   53
7   61   3
36   36   60
48   37   33
46   16   24
55   43   46
46   55   11
52   12   4
2   52   3
33   31   25
39   61   2
21   34   31
58   37   53
48   22   57
53   59   5
26   48   5
52   13   25
57   8   24
16   33   60
57   24   43
53   51   53
6   43   41
60   37   26
44   47   5
10   0   58
61   18   13
32   9   43
12   11   27
5   56   45
51   54   38
19   49   49
15   11   33
31   13   50
44   35   37
45   20   4
0   43   35
37   42   53
50   42   30
18   46   61
1   18   27
21   37   59
42   33   40
57   39   45
43   9   3
28   10   19
34   29   1
38   12   43
11   44   3
62   15   8
55   50   15
8   50   53
37   19   38
37   23   10
61   11   11
38   13   32
7   53   58
19   25   44
63   46   15
1   5   60
51   9   43
34   42   14
20   53   21
0   9   53
61   54   56
13   44   47
35   34   0
1   17   46
13   19   8
55   9   24
62   47   39
57   35   25
13   3   60
19   51   28
57   47   55
3   43   58
63   53   62
16   59   51
53   3   4
35   15   38
51   6   4
46   53   5
38   27   35
60   52   7
2   61   1
20   55   10
52   43   39
15   51   51
51   54   41
60   23   4
16   13   40
32   47   52
45   6   35
62   12   55
57   7   3
21   2   44
21   0   63
19   28   44
57   0   15
36   25   21
27   37   62
24   40   62
13   28   26
35   49   61
52   15   52
24   53   45
5   16   15
46   5   37
46   15   32
12   9   59
20   41   18
6   49   44
10   25   58
54   23   0
48   60   14
23   31   13
18   36   20
22   11   23
13   47   59
12   45   48
43   18   48
48   54   7
43   27   29
54   17   51
8   55   4
63   17   43
60   35   43
14   27   12
21   49   61
37   18   54
25   41   49
19   53   20
0   18   34
61   52   62
0   51   56
12   62   60
15   44   39
16   10   60
41   57   35
16   56   32
26   62   36
36   30   44
57   38   57
6   58   63
35   1   62
62   61   61
32   3   2
8   47   35
0   1   61
62   28   42
24   36   14
53   31   24
62   31   43
22   32   6
54   14   37
51   63   58
15   3   48
63   4   2
4   17   34
61   45   41
26   3   44
16   13   55
17   57   10
51   3   46
25   48   4
12   57   21
50   2   37
31   9   62
15   23   54
17   11   60
23   44   7
18   34   20
2   54   57
1   40   13
7   50   1
60   31   0
26   26   1
12   12   53
42   52   25
44   49   12
25   20   38
46   7   4
17   55   43
63   15   46
16   44   36
0   58   51
33   10   10
52   59   45
61   48   46
14   43   59
11   5   12
14   60   58
42   34   15
17   10   3
58   36   57
12   54   54
19   21   54
43   0   2
59   45   57
14   24   61
53   10   4
48   18   13
55   24   52
12   60   55
8   49   43
53   11   0
7   51   40
29   46   5
60   52   51
29   54   46
49   0   27
11   16   60
3   21   60
42   46   9
60   48   41
26   62   44
54   58   14
20   34   27
46   53   11
16   51   43
56   53   7
62   49   55
34   20   63
0   41   32
52   9   62
21   49   15
55   17   0
15   42   41
33   30   6
63   5   18
9   10   12
48   52   54
20   14   50
62   7   58
22   44   9
30   9   23
48   3   35
1   10   56
37   25   47
62   50   60
52   1   4
18   54   7
59   30   42
18   47   39
38   42   61
38   17   22
8   3   22
10   4   20
13   46   55
49   25   13
27   24   24
52   22   15
22   1   2
42   36   40
2   14   53
52   39   55
14   2   51
2   60   1
3   23   46
25   14   36
36   9   9
47   3   37
6   0   20
0   32   56
37   25   48
11   58   3
6   62   50
3   19   12
8   52   7
14   23   55
23   46   0
42   3   47
48   52   26
55   56   37
5   61   32
47   13   37
55   43   61
38   5   48
19   19   60
22   57   46
14   63   50
35   53   52
44   30   55
56   42   61
55   49   4
0   54   7
45   43   45
23   47   37
37   57   25
15   53   10
21   55   40
12   48   9
55   56   5
45   2   7
55   24   51
62   47   34
23   26   24
47   33   9
16   60   12
18   57   24
55   33   44
61   9   59
61   56   61
53   52   11
32   51   52
22   43   48
11   63   10
48   8   32
30   26   56
47   16   20
30   49   24
51   46   10
30   3   3
4   43   39
34   16   9
43   52   24
37   33   45
58   46   30
36   20   3
47   36   53
63   9   58
63   42   41
1   16   39
47   46   32
31   36   56
56   23   8
8   42   59
51   30   15
46   39   61
20   57   3
25   1   22
17   5   54
39   42   1
38   47   1
13   10   46
8   52   5
40   55   35
33   16   3
9   24   21
55   1   5
46   34   22
62   28   5
5   9   60
16   57   18
22   5   22
9   12   38
60   54   18
63   4   34
10   45   41
55   44   4
1   38   12
15   35   55
45   15   60
38   30   26
34   46   55
15   1   50
55   15   25
48   44   1
33   33   36
61   40   45
23   13   43
7   44   41
18   18   11
57   37   40
2   7   38
48   5   23
56   50   41
8   37   51
6   50   41
54   56   44
10   38   40
33   27   24
53   38   24
25   38   44
18   44   49
56   28   55
0   11   37
45   10   32
62   44   53
48   12   23
44   63   3
57   60   60
1   20   27
44   47   12
49   26   53
13   0   50
37   31   37
60   4   29
61   44   54
41   36   43
31   59   39
53   7   43
63   53   17
58   54   45
56   49   53
5   41   44
53   20   57
55   13   32
0   4   54
5   50   51
62   35   1
58   58   4
30   12   23
62   26   43
3   39   5
6   6   3
41   58   21
20   56   18
23   40   48
26   45   0
6   62   54
35   55   46
7   43   10
11   56   39
59   28   58
0   42   1
49   20   37
35   44   50
43   59   1
49   5   46
54   3   45
61   29   57
44   4   17
59   53   15
21   35   62
38   11   20
53   55   62
30   37   26
62   34   42
37   51   42
10   42   43
4   53   7
55   33   4
26   54   15
39   7   9
32   59   24
13   36   42
47   9   7
9   22   12
17   28   20
1   27   31
7   8   51
55   45   30
47   17   55
17   32   13
33   51   25
2   32   57
19   46   9
13   11   45
37   30   50
6   26   58
27   49   52
11   54   22
56   48   37
52   43   55
60   20   58
32   36   26
19   5   33
15   43   44
23   9   60
37   38   59
58   1   54
12   22   53
43   47   50
38   31   63
3   22   60
31   46   59
58   26   40
18   27   27
9   36   51
55   38   4
61   8   45
31   35   36
17   11   22
58   1   45
29   28   1
45   56   54
51   23   5
22   18   62
51   53   21
10   61   61
59   53   37
37   37   56
16   58   58
26   60   44
60   20   29
63   4   18
52   17   48
44   3   62
15   8   54
13   57   22
62   37   56
38   42   59
9   60   27
28   62   21
56   0   24
53   45   54
1   47   47
48   24   40
46   0   3
31   11   19
45   36   30
7   36   34
50   39   33
42   50   62
44   33   43
55   11   48
0   41   41
50   7   38
40   10   36
44   36   45
44   8   47
45   19   56
36   37   18
53   45   37
61   36   54
48   48   17
38   13   4
50   17   54
38   39   32
10   14   51
10   1   33
13   17   53
53   30   44
63   40   53
58   43   7
35   38   60
43   5   17
52   51   1
55   14   61
30   15   5
18   11   63
61   45   47
13   50   59
43   49   62
58   1   62
38   21   43
54   7   48
9   53   51
40   34   25
35   41   18
51   11   35
62   35   8
61   21   47
0   2   61
31   30   0
49   48   15
27   36   48
56   39   26
55   38   26
9   30   60
1   58   20
33   17   54
44   60   35
63   40   32
5   17   55
63   48   55
53   38   53
60   48   56
29   19   36
59   27   50
16   59   3
57   9   12
22   15   46
33   14   9
24   22   60
0   28   0
54   18   57
3   13   19
45   48   53
58   49   10
18   11   1
12   11   47
53   53   61
34   4   62
47   37   52
52   46   8
7   25   57
9   45   40
63   23   60
14   57   58
42   7   54
30   5   23
8   21   19
53   60   3
26   13   60
43   21   38
60   36   44
21   6   40
50   18   4
56   23   41
63   50   8
61   48   2
38   5   62
50   59   24
20   37   61
53   51   62
6   57   26
62   12   57
19   53   37
4   21   51
8   21   11
55   1   14
48   44   41
54   22   5
14   44   43
54   51   2
0   12   43
25   48   0
55   9   37
60   42   5
38   44   39
27   51   40
28   25   20
52   50   4
2   23   51
30   49   39
20   19   56
59   54   9
1   58   57
39   47   39
30   55   24
7   30   32
53   59   15
38   0   35
61   54   14
9   54   45
22   13   63
55   3   2
36   55   2
36   3   46
51   53   16
26   57   15
49   19   54
61   16   13
36   10   46
18   49   47
38   33   48
9   37   59
5   18   39
10   17   57
12   42   39
20   30   50
50   50   45
56   3   23
38   31   50
44   40   41
26   40   49
53   59   7
13   21   8
30   0   59
18   11   3
53   39   35
45   45   1
17   21   57
10   11   12
14   28   47
41   47   60
7   48   40
58   61   14
48   7   23
46   7   37
54   12   29
46   29   59
40   38   21
63   11   34
51   28   45
13   44   55
62   20   47
14   33   50
1   12   39
29   37   14
29   26   58
39   37   59
24   61   48
43   8   2
17   61   50
52   0   29
45   39   37
58   13   61
43   63   45
56   54   4
29   6   54
53   49   61
63   38   41
50   11   54
59   63   4
61   8   44
59   20   19
22   28   58
11   58   55
55   39   25
19   22   49
38   12   2
39   12   9
27   54   10
1   19   58
32   23   58
53   44   33
35   3   63
20   51   21
1   60   11
52   53   9
14   22   56
41   31   32
56   60   54
55   10   2
53   49   14
3   0   2
18   18   57
19   30   13
51   19   4
2   53   44
8   61   58
20   63   33
14   27   56
41   50   54
37   31   34
32   23   55
6   47   1
20   26   62
50   41   25
19   41   47
26   52   24
11   10   55
45   6   0
63   35   34
17   3   63
16   49   20
38   51   38
53   34   53
14   25   13
11   7   33
18   15   44
6   14   17
42   54   44
10   50   56
61   13   10
55   7   0
38   33   52
63   5   17
49   47   21
55   20   32
3   46   1
47   42   55
14   63   3
20   14   24
33   9   2
57   31   60
51   14   4
30   61   34
47   6   38
2   12   15
23   46   18
14   13   51
63   35   51
60   56   14
15   31   11
49   46   25
47   6   29
17   56   21
57   31   45
22   15   19
54   22   21
58   28   31
34   29   0
13   3   2
46   56   1
57   34   41
28   52   23
62   36   40
29   0   46
31   16   10
17   2   61
52   52   38
35   32   34
36   52   1
21   13   44
13   53   3
42   34   14
54   55   8
12   35   58
35   51   37
54   3   24
60   13   12
61   40   34
2   45   56
56   25   8
22   48   40
6   42   55
59   45   46
11   55   22
14   36   58
4   7   60
62   9   54
47   13   41
56   61   58
45   12   35
48   6   25
63   20   0
61   4   17
58   56   3
11   8   17
48   29   13
59   34   4
29   28   0
59   54   53
52   28   40
55   11   46
23   52   61
40   60   4
63   10   58
19   46   3
6   22   19
30   3   34
43   17   38
16   0   46
10   57   51
62   60   8
52   22   13
4   47   8
44   2   3
37   21   39
43   33   39
9   63   58
60   51   44
5   0   56
4   24   50
24   44   30
44   8   4
16   47   47
56   52   37
58   39   12
63   7   57
14   6   33
51   18   44
19   62   22
48   12   37
48   50   38
48   10   59
33   25   44
37   6   2
51   33   55
17   56   36
56   28   15
41   19   60
36   45   41
15   62   51
55   20   60
13   61   54
11   37   56
62   37   25
46   28   34
50   17   4
15   41   41
1   35   13
61   4   14
43   42   38
56   23   43
13   47   43
59   57   24
21   14   59
34   9   32
12   40   61
55   19   13
62   10   39
57   52   55
49   60   16
2   8   56
49   19   39
34   9   17
4   9   62
58   49   56
35   29   49
1   58   43
44   16   41
60   40   25
1   59   57
40   0   52
53   56   42
8   12   50
43   6   37
57   44   3
32   11   43
51   50   7
41   27   34
29   46   7
45   62   4
60   60   43
25   8   63
32   28   6
7   1   45
15   10   58
24   17   36
1   27   34
24   51   50
58   59   61
26   38   58
17   48   24
3   49   59
33   53   50
61   5   46
19   19   41
18   50   37
51   27   4
5   36   43
58   44   10
56   32   51
16   45   20
27   45   45
14   11   40
14   27   55
11   56   40
51   2   29
62   5   44
47   9   4
23   34   50
54   30   43
2   62   10
57   54   63
30   62   38
51   55   60
11   4   8
53   56   34
57   58   55
28   55   28
24   40   53
7   23   53
35   6   34
0   0   1
45   1   27
59   63   14
56   3   62
4   51   43
30   31   0
51   53   62
63   63   61
27   60   24
57   27   0
49   13   0
43   6   54
49   58   2
46   49   2
62   47   13
6   26   46
29   3   61
41   16   32
39   60   27
20   12   51
21   34   47
45   63   46
54   59   50
1   0   51
1   56   57
27   58   47
60   58   45
12   53   47
28   0   47
46   11   7
34   54   37
52   13   29
21   36   59
58   59   53
22   37   48
12   58   1
31   20   50
53   7   27
59   7   46
5   30   19
57   37   42
0   35   5
46   9   0
63   61   34
14   37   44
19   58   22
43   23   4
4   51   3
3   63   29
59   19   19
51   11   29
10   30   57
8   48   61
39   9   38
32   44   51
11   19   23
25   49   59
25   61   12
1   12   17
12   47   12
16   29   40
58   59   51
13   8   12
11   1   12
51   38   33
14   11   34
30   17   1
0   17   12
28   42   21
63   2   57
24   8   1
54   42   33
63   7   34
31   23   53
32   23   56
1   1   1
8   44   12
0   61   0
30   55   37
18   53   55
31   18   50
17   31   36
57   12   0
25   55   45
55   59   58
22   49   40
34   31   26
4   31   59
53   54   6
52   15   0
59   32   45
25   27   20
54   53   23
20   54   39
56   35   41
55   28   51
35   39   31
61   48   45
45   31   53
17   44   20
62   20   55
23   50   51
4   4   22
10   23   48
59   56   53
52   38   47
51   12   32
32   44   4
52   30   45
50   6   5
1   55   17
36   31   56
42   62   54
46   34   49
60   63   21
54   18   19
49   59   63
63   46   44
10   27   61
21   2   23
63   45   51
37   58   1
13   56   43
21   45   54
10   44   59
8   45   43
63   46   34
58   22   46
32   37   36
20   19   52
3   25   31
19   40   60
18   2   63
17   19   4
21   48   35
4   30   51
54   12   11
20   19   11
1   36   13
8   23   12
41   37   32
0   3   38
59   40   1
37   55   62
43   9   27
55   40   3
51   63   24
52   53   14
54   38   34
59   51   41
26   27   1
52   30   60
37   54   52
22   31   44
34   17   60
26   57   0
41   10   38
44   0   24
63   16   37
59   42   17
52   2   23
36   59   4
4   23   44
38   59   62
37   53   42
48   8   35
26   16   38
39   9   54
55   28   8
18   43   35
41   10   60
23   53   15
2   8   50
63   49   51
53   5   29
26   7   36
57   47   9
22   47   20
2   12   10
49   18   60
55   15   4
37   10   54
5   62   55
15   55   21
29   49   10
57   6   44
43   62   14
55   15   13
30   10   16
14   12   34
61   38   30
60   34   58
63   15   51
39   38   50
28   24   54
11   62   58
43   57   15
49   38   52
11   34   55
29   45   52
11   5   3
5   37   58
60   0   61
12   39   58
48   47   45
29   22   54
59   25   55
4   2   45
3   53   40
0   38   51
24   35   44
56   30   4
49   12   38
57   45   39
23   6   43
11   61   22
10   57   61
42   55   42
8   49   40
3   8   55
32   25   54
25   13   3
45   37   38
6   29   21
16   11   59
5   48   1
25   16   36
5   61   50
36   24   10
4   20   60
15   37   55
2   57   1
3   1   29
59   40   40
25   1   44
49   36   51
17   9   2
24   5   18
26   14   16
39   21   36
13   46   59
14   12   40
63   41   8
34   17   59
51   62   44
41   60   30
20   21   60
49   1   29
21   42   48
41   31   19
57   40   30
18   57   36
61   54   34
43   34   17
27   37   47
19   33   36
5   48   8
8   16   51
49   47   11
14   47   48
60   19   10
56   33   57
32   12   24
29   3   55
51   6   2
63   37   5
46   11   13
15   30   12
17   33   62
13   62   48
45   15   48
54   58   29
3   44   37
15   46   47
4   16   34
59   44   57
60   9   4
60   1   60
38   49   29
15   63   22
45   6   10
39   9   36
53   47   54
1   19   15
53   60   26
59   4   60
25   44   5
18   4   3
14   23   18
60   8   60
35   18   47
14   20   49
25   48   20
25   61   10
30   57   23
40   6   60
56   56   0
30   15   8
58   47   41
22   8   59
20   52   28
36   44   52
58   39   34
2   63   55
63   49   45
22   5   60
60   0   57
51   42   1
1   8   54
50   39   5
24   61   43
61   44   43
1   0   63
21   48   61
60   49   47
14   53   12
54   25   57
13   63   51
16   60   41
7   16   19
35   48   24
3   2   60
52   7   24
28   11   49
25   38   36
59   24   41
53   41   12
29   55   60
8   47   41
1   30   58
54   21   21
54   8   63
8   5   20
14   12   45
63   11   57
48   19   55
55   21   52
57   6   27
27   43   49
48   60   2
30   55   30
60   15   37
33   58   54
19   4   40
33   17   62
26   24   0
62   43   12
21   44   21
53   60   24
26   52   40
39   58   14
4   44   5
39   3   10
8   23   58
56   56   4
8   16   55
2   33   43
59   54   17
40   20   54
4   15   14
46   53   15
1   3   46
24   35   59
55   19   25
54   58   16
24   25   15
39   47   62
21   51   45
60   35   53
61   5   34
20   33   47
8   0   55
16   14   54
15   45   58
32   46   61
58   21   19
15   37   31
56   43   4
62   4   24
22   41   51
17   49   36
18   48   3
45   33   53
1   39   13
8   43   56
32   49   50
6   17   60
20   55   36
58   55   63
58   16   4
29   50   39
56   40   42
42   29   63
54   9   2
55   35   26
50   0   23
9   30   21
28   58   42
45   40   35
20   1   28
52   48   54
33   58   30
1   36   5
26   58   15
36   38   17
61   27   40
12   21   12
42   47   38
18   18   24
60   23   52
5   57   4
33   59   38
47   7   29
63   46   56
53   26   4
53   43   43
34   33   47
21   45   59
40   56   62
54   7   2
57   57   21
58   40   46
58   5   54
33   46   50
62   15   28
56   60   44
27   20   46
52   22   27
22   26   59
57   53   55
41   59   35
63   27   57
16   47   9
54   44   32
57   32   41
11   7   40
22   13   8
15   49   48
58   52   6
21   0   61
60   32   1
25   34   6
52   41   32
49   18   58
18   10   59
41   27   28
55   50   1
18   27   58
24   6   46
32   31   10
14   2   54
62   41   34
48   56   15
20   52   30
17   62   45
39   5   15
52   15   43
16   2   1
4   24   60
28   60   15
54   57   29
24   45   18
10   22   54
0   55   9
63   33   53
20   29   50
52   15   27
24   11   57
9   10   50
30   30   59
33   15   10
14   2   12
21   50   48
2   62   45
41   28   39
31   33   53
37   2   2
60   29   43
41   6   3
30   0   54
44   62   7
18   29   44
43   2   47
59   40   0
33   15   36
0   1   50
53   47   15
59   7   62
52   46   2
61   58   61
32   13   54
0   60   4
32   50   1
1   30   40
14   39   3
13   3   54
0   39   8
26   9   8
46   48   38
59   16   57
44   34   23
52   51   60
56   52   4
59   28   25
50   4   23
43   9   39
38   0   38
5   9   38
57   23   57
53   2   44
25   20   41
15   48   39
17   14   53
21   5   43
3   60   45
45   54   14
15   26   56
14   37   62
6   39   34
11   45   18
6   21   61
36   3   1
4   26   44
38   21   48
25   37   51
39   39   35
35   42   25
6   8   58
17   1   61
18   56   12
39   56   14
34   41   21
16   51   36
51   55   45
5   15   15
41   23   9
57   27   8
63   42   44
52   4   62
40   48   62
43   0   1
55   4   43
23   25   49
9   38   44
35   15   57
11   55   11
56   18   24
22   56   15
12   32   58
37   40   23
14   1   58
54   34   51
19   16   4
38   20   59
3   27   32
21   15   36
56   18   51
17   54   12
9   61   38
57   44   12
54   60   46
33   47   61
61   3   60
51   34   45
56   62   48
37   40   25
50   14   13
54   24   15
44   9   60
15   11   55
58   26   60
16   11   58
22   50   7
60   0   4
40   45   60
0   10   60
38   31   43
45   24   44
39   36   59
58   25   21
40   60   46
21   12   44
49   13   35
35   59   30
54   41   54
12   49   7
38   42   60
36   54   38
18   0   40
63   63   10
38   4   7
57   21   13
31   23   54
12   59   54
58   29   58
41   50   50
13   1   1
58   13   11
56   40   17
27   51   51
35   0   10
5   54   51
3   38   8
56   3   32
45   48   2
21   45   37
3   21   52
32   20   6
43   8   17
30   51   23
20   14   56
61   7   61
36   42   12
23   13   4
41   57   1
10   9   4
41   28   28
57   37   41
53   0   7
52   24   45
61   56   7
40   45   31
60   31   5
1   11   17
56   50   43
12   40   58
9   45   9
54   16   38
55   31   55
57   17   57
53   37   55
33   15   3
35   17   58
24   61   15
7   42   56
44   40   44
49   48   1
