0
8.6223736908721200223
16.35066942509568122
23.267484549557647
30.290883248510588999
36.950497629661477106
43.49914744094601815
49.935297809315443374
55.952728873703421186
61.93370207061779098
67.997567468552063019
74.023283091307348514
79.895039931482187967
85.526653227015629
91.133278644396867207
96.790515560307795795
102.2542067819119751
107.77165967837667893
113.18431069484104512
118.42094368636107049
123.79150134559546359
129.13002461733810833
134.34410611641663991
139.4658895301192274
144.64526247257461478
149.7435706491448002
154.69695354159929934
159.68690297822973889
164.59532574485973555
169.43084190870075645
174.41930308035111352
179.25994863059037243
184.12400243733563343
188.80221519177842993
193.54722801899379192
198.28060581838113308
202.97094502592318577
207.47619883141697983
212.0316938463479346
216.68714938792601288
221.16682512422562468
225.78441278084204669
230.3045751523985416
234.83606342208156548
239.29962756075875063
243.74209671579782821
248.19154933847198663
252.60994474182132308
257.00731360659710845
261.34642949851115645
265.718310614879897
269.96425302615693909
274.20875972238030727
278.49723423214703644
282.77602156561744096
287.08034006844951591
291.28889664099301626
295.51914512783355349
299.66000680309724657
303.75829337106574712
307.95582525875761348
312.14244915788714252
316.21067271964602696
320.2922859792613508
324.36962005332816261
328.40628055078127545
332.48056886503144369
336.46574047846104349
340.41525294756479525
344.35510318834531063
348.2675342737628057
352.24658453093314847
356.19501897298914628
360.07416161651633502
363.89498538361436886
367.76609452357024566
371.64473325509197821
375.50489643580931443
379.32572020290734827
383.15515886013270119
387.02526815116743819
390.80772059134005758
394.62521321512025452
398.45995172285051922
402.27887067928526221
406.00193036603627661
409.73458508746165307
413.46505140149633917
417.1846436219897214
420.84738507491789505
424.50277340215154709
428.22020425853730785
431.85743126893066801
435.56926331472510583
439.29667350697400252
442.93831112778417491
446.56995119404336947
450.14766885553143538
453.76115746367878501
457.28361341910419924
460.81616847106505475
464.38822833853862448
467.90245993445699924
471.42779154654283502
474.96798455351881785
478.48614158668215168
482.01219333272098311
485.53608614201067439
488.98368267361439621
492.43096532193527537
495.90021326222569087
499.34749591054657003
502.78016264235827748
506.22210720116601124
509.65016510730833943
513.06419050774456991
516.49718720451357967
519.83791833388443138
523.13649646383203162
526.5113707616657166
529.82519410022018747
533.22440932067831909
536.53058305765000568
539.84322598798507897
543.1857648132711347
546.46787615544451455
549.76995329130897971
553.11250247011594183
556.34969067481563343
559.61473606225945332
562.83041341302100591
566.06211529144354699
569.33196868636878207
572.51838796620415906
575.69097633682747528
578.88160262345138563
582.07698135873249612
585.32550429042032647
588.5621426088790713
591.69555186184288686
594.85809188430312133
598.0408433525529972
601.18228068706002887
604.31969659466869871
607.47839248410889468
610.57517906764030613
613.72292972779098363
616.82456140523368049
619.94085847376481979
623.06605017251240497
626.12319526229077837
629.17661646495321293
632.1705651782589257
635.25413725164605694
638.28206542212058139
641.28241683593262223
644.32313253406630338
647.36086643397015905
650.37750125558579839
653.37056974142262789
656.34207281848921411
659.34308870307609141
662.35277928673997394
665.30800734042782096
668.33843565497409145
671.27135557907899965
674.24393780481318572
677.20620332455246171
680.17662830299252619
683.10290071968734082
686.01661021203733526
688.95036387389541233
691.83396893000951877
694.69507620157605743
697.56935103243006324
700.47510206772187757
703.31281380673431158
706.14594244809688917
709.02417808374661945
711.82592219777097853
714.70912863405874305
717.58498610552771879
720.34274410337184236
723.18794345484172936
725.97715418501786644
728.80799826074633074
731.60733551386010731
734.37206777131507351
737.198167178420249
740.03511376964286228
742.84934451783624354
745.61929069787868229
748.39628673017477922
751.13863937196242659
753.88893422750641093
756.64402118513987716
759.41396736518231592
762.13454467698215922
764.8354385847502499
767.54008053886377638
770.29730382583261417
773.01666327248688049
775.72864556469107811
778.40206754756150076
781.11422110763021465
783.77430839905059656
786.4056238922993316
789.04962035193307202
791.71874517834896778
794.43639291664931079
797.06675096579454021
799.73488641928690868
802.39301128780493855
805.041211907062916
807.6084034179301625
810.19955600392790984
812.82927619754718762
815.43298670242211301
818.00365776393118722
820.57569322086737884
823.2146969802976173
825.73859105872145392
828.32435910888909802
830.87683990428638481
833.47340209332264749
836.02796233175388352
838.55696253134522067
841.10765467937619633
843.65181175810255354
846.16700380347936061
848.70480939761307582
851.23264052378567612
853.75174051146939291
856.26318158830622451
858.79701656913493935
861.29827509160736554
863.79184761782005353
866.26544435691334911
868.77616546273748099
871.22874660530521851
873.69469595257589845
876.16217083512106001
878.61242451560315203
881.05844569433634206
883.53023040800133003
886.00048403166806565
888.41543091515029573
890.80736284256568069
893.23552830829544291
895.64818727766260054
898.06353258392925909
900.51119036408954344
902.89662685074142701
905.25680692661342164
907.67321534289635565
910.04794622643692037
912.42306240635753056
914.79561226717521549
917.19067452255171702
919.57287639860146555
921.94632384973715489
924.3242693074419094
926.65128637022485236
928.97805655976014805
931.33405707309736954
933.66713824238297548
936.0269377603187877
938.31675274110727969
940.60119105218882396
942.9675383069692316
945.2778809798481916
947.56517289815974436
949.89701403500077959
952.2419281605937158
954.51639261891762089
956.8366388510211209
959.11738689669959967
961.42201970434575742
963.67143398293524115
965.93190588289826337
968.15008313818702845
970.33833993920234207
972.58775421779182579
974.81534550090395896
977.04453174733350806
979.27943108616875634
981.49467396734826252
983.70597761875558263
985.93870288148116288
988.17142814420674313
990.35089046117184353
992.54014051458932499
994.74092571523510742
996.8985486280130317
999.10312814623398481
1001.2588257778542129
1003.4293372511557436
1005.5910691440354867
1007.7785205930744041
1009.9362623289412113
1012.0615833712643052
1014.2149182742166431
1016.3305162358437883
1018.4697667796193628
1020.5879711821659157
1022.7176965904460531
1024.8567349357308558
1026.9863550330608177
1029.1094740375128822
1031.2244472460045017
1033.3508182199063867
1035.4341243156350174
1037.5469723861624516
1039.623997449665012
1041.7488987620652097
1043.8283515537941639
1045.9545124719820706
1048.0223737697951947
1050.1006121245716258
1052.1814832107854727
1054.2067062168750908
1056.2458887297254932
1058.2818364999200185
1060.332157005303543
1062.403233300117563
1064.4517731943847139
1066.5075496754709548
1068.4994117809767431
1070.5119765594563432
1072.5336118905686362
1074.5460805112900289
1076.5418292526080677
1078.5254819172753287
1080.5256049974398138
1082.522778554004617
1084.5054908726640406
1086.5111502793797627
1088.4838425901953087
1090.4594300850869786
1092.4637509962988133
1094.4199407090497971
1096.4027470321534565
1098.3480173347500113
1100.302733668311248
1102.2543934609691405
1104.2271790659747239
1106.1751937325113886
1108.1229337082438633
1110.0409763161364936
1111.9550846976469529
1113.9174619920295299
1115.8750344824284184
1117.8026025741232843
1119.7310727970791504
1121.6632481219642159
1123.5547791599944958
1125.4294574744612873
1127.3374193323284089
1129.2313231416876533
1131.1239961064356976
1133.0012901027878343
1134.8798880433250815
1136.7503351244274654
1138.6409884115705609
1140.5148113160441881
1142.3827535742236705
1144.2385822074727457
1146.0967221854837135
1147.9407129090382114
1149.7747335225440111
1151.6272304123426693
1153.4581395888562838
1155.2759234882207693
1157.0939570274788366
1158.9265471912544854
1160.7298458132668202
1162.5123840188630311
1164.3341675580593346
1166.1249240532690692
1167.9142123707558767
1169.7332449189843828
1171.5413276890119505
1173.3428865096134359
1175.1204035512739665
1176.8824037978317847
1178.6850438241419852
1180.466041378821501
1182.2092960696145383
1183.945231081046586
1185.7097121930949015
1187.4770797860246603
1189.2550010961890621
1190.9726829232536147
1192.6886605232944021
1194.4115449830192119
1196.1412915459154647
1197.9165351332446789
1199.6442272793649408
1201.4010397895820006
1203.1049903747261851
1204.7895983594155496
1206.526868574268974
1208.2342782088148851
1209.9339357306000693
1211.6212784921019647
1213.3473559799751911
1215.0355765184006032
1216.7456822684589497
1218.4098001090083017
1220.1043379624566114
1221.7880088084502859
1223.4366698186549911
1225.1095541602874164
1226.7966359407876098
1228.4610526265764747
1230.117867691639276
1231.7843780008295198
1233.4508134862551287
1235.0593156531438126
1236.6920948114773182
1238.3582310400320239
1239.9711048865510747
1241.6144410586775848
1243.2638677609386377
1244.8784023283133138
1246.4977851805213049
1248.0756365202205416
1249.6745625594408011
1251.2687896912514134
1252.8643716725021022
1254.463667898317226
1256.0932326106178607
1257.6998411920512808
1259.2687640574952184
1260.7989259514738478
1262.3849076152719135
1263.9465576867160053
1265.4932121013910091
1267.0592274071664178
1268.6309567497833086
1270.1683124980825141
1271.7310792118744303
1273.3061831628062919
1274.8654630695273227
1276.4043303445059792
1277.9418921231474542
1279.4490525437267934
1280.9701497977514464
1282.5040757370063602
1284.0530808998732937
1285.5846104812094381
1287.0917035489023874
1288.5865861929796665
1290.1096554518878747
1291.6135861888412819
1293.127767158740653
1294.6141849914540671
1296.1029977016498833
1297.5849680119642926
1299.0611156571701486
1300.5297518134998427
1302.0198299489886722
1303.5103079028415323
1304.9597333890055779
1306.407406077179985
1307.8557926384896746
1309.3036476372490142
1310.7905973521026226
1312.1930954516219572
1313.6291311124009553
1315.0535485671284732
1316.4659853259583997
1317.9213976586675017
1319.3424925280016851
1320.7546753265473853
1322.1662233959391415
1323.6164935014214734
1325.0507907888352293
1326.4608799099942189
1327.872364519942721
1329.3143375466838734
1330.7138601783601644
1332.111694479895732
1333.5363038284426693
1334.9375401447884997
1336.3085297987588547
1337.6765493881732709
1339.0505143653672349
1340.4383094020727185
1341.8244162737382794
1343.2012997098865981
1344.5741483229003279
1345.9307080850774128
1347.3087105764204807
1348.6483334985255169
1349.9955709642010788
1351.3679236535776909
1352.7024599412106909
1354.0277470575472307
1355.3723141812370159
1356.7122537295088023
1358.033025016757847
1359.3561430605527676
1360.6965267496696015
1362.006149371485435
1363.3223566235005819
1364.5809855800662262
1365.8761497746861551
1367.1698332321309408
1368.4624258402316173
1369.7690040306777064
1371.0817961296579597
1372.3720490766324929
1373.6385897898928761
1374.8916549266082257
1376.1625737806755296
1377.4544820002079177
1378.741370087919222
1379.9768327823182972
1381.2581295865629727
1382.5282887917694552
1383.7645668859743182
1385.0131817764763582
1386.2676234016689705
1387.5072556771033305
1388.7468879525376906
1389.9643692451256811
1391.1572170224683305
1392.3913435675985966
1393.6244968736348255
1394.8578218899733656
1396.0729780477338409
1397.3115767274277914
1398.4935365383867065
1399.7036555155059432
1400.9200022293607617
1402.1151212865254365
1403.3372047929337896
1404.5347623413483689
1405.7431864812642743
1406.9383876597826202
1408.1332524566578286
1409.3266212026353514
1410.4890161545063165
1411.6848902781046036
1412.8310566901579932
1414.0155792641050994
1415.1992100465408839
1416.3921645269392684
1417.5744027302366703
1418.6958657999521165
1419.8694374423555473
1421.0481578250980874
1422.2096844507384503
1423.3658210160117505
1424.533844845450858
1425.6676490147337972
1426.8102671094245579
1427.9611930328301241
1429.0685712122544828
1430.2140820601109681
1431.3281138640511472
1432.4535888113821329
1433.5674738856914701
1434.6649664877547821
1435.7811494020115788
1436.8972247050953683
1438.0067467762862634
1439.1156790463949164
1440.2308398912064149
1441.3291855309828406
1442.4027671971568907
1443.4758355835383554
1444.5647768356539018
1445.6263833364357652
1446.693824545165171
1447.7852497396102081
1448.8485462051332888
1449.9053892646986696
1450.9735133234073601
1452.0036376581158493
1453.038189318048353
1454.057611334557123
1455.0843853828978354
1456.1110049307349072
1457.1817574613589841
1458.2213428571462828
1459.2875765039975704
1460.2777578871271089
1461.3145470606716572
1462.3319683826910023
1463.3761705348076703
1464.3836768914216009
1465.3920416094426855
1466.3980588816161799
1467.3916902879216195
1468.4031207518335123
1469.414551215745405
1470.3991374659306075
1471.3845456537853806
1472.3784402575759032
1473.3595628840173504
1474.3297748989830325
1475.2519741193079881
1476.2519813486371731
1477.208927712857303
1478.1452765547260242
1479.1091528829308572
1480.0832731891941876
1481.0458628567266715
1482.0376693398623047
1483.0028607148321953
1483.9778536024966797
1484.9106388005207009
1485.8494031786510732
1486.7980849781527013
1487.7104170261884519
1488.6181693569833442
1489.5674972907925167
1490.4995916878397111
1491.3928882572020029
1492.3131724087525072
1493.2289451981066577
1494.1608915933811659
1495.0431476357505289
1495.9429067596636287
1496.8351360232743446
1497.723052405861381
1498.627041004633611
1499.5004479089452616
1500.3887436178108601
1501.2735150383111886
1502.1603846200057433
1503.0437259612574508
1503.9063087963352245
1504.7730636394981047
1505.6521844581718597
1506.5515748725445064
1507.4476389584460776
1508.3303922396989947
1509.1928792497872109
1510.0527570934664254
1510.8691024005443069
1511.7028696943079922
1512.5556020397823431
1513.3930852992207292
1514.2255697620209958
1515.0654500373314022
1515.8919766507478926
1516.6795701078156071
1517.4614261704409728
1518.2894173129470801
1519.1222188283911692
1519.9626402796295679
1520.7760705874693485
1521.6105914831505288
1522.3824833483122347
1523.206979906136894
1524.0017283356123698
1524.8027360512658106
1525.5851812093305853
1526.3768551531411504
1527.131776090345511
1527.8996925043800275
1528.6557170590540409
1529.4354845465181825
1530.1964347606449337
1530.9401354226390595
1531.7057893408666587
1532.4838871336403372
1533.2418901035437102
1534.0219412704277602
1534.7974901331144792
1535.5457526844020322
1536.2796219562403621
1537.0166699647841142
1537.7885496039073132
1538.5208961746234309
1539.2327773984184205
1539.9419576496418358
1540.6717969173669189
1541.4172172737667097
1542.179826699208661
1542.9067056203739412
1543.6183300501484155
1544.3275555454399637
1545.0291453978675236
1545.7580734639509501
1546.492290549829022
1547.2033263800030909
1547.8914527549316063
1548.5749105321724528
1549.2724114856173401
1549.9199696951252463
1550.58830363434231
1551.2797562931989432
1551.9583287046964415
1552.610102180344029
1553.2813236725669412
1553.9316322654294709
1554.5716169565278051
1555.2445517644791835
1555.9237064237281629
1556.5813462097512456
1557.2174981210839633
1557.8797969433396702
1558.5315704189872577
1559.1617050996635498
1559.7883133675379668
1560.4221684123306204
1561.0524892384257782
1561.6997370696171856
1562.3185565050480363
1562.9051798076400246
1563.5402237994385359
1564.1529393204505141
1564.7440938303159328
1565.3793927355925462
1565.9815277614766273
1566.5847361873602495
1567.1957540856437845
1567.8048739276077868
1568.3954181245558175
1569.0069030026033943
1569.6061733902374726
1570.2208198834757695
1570.8208205405960598
1571.3952299519453391
1572.0257615911784796
1572.6055332834641831
1573.1846320231800291
1573.7691659751408224
1574.349742265691475
1574.9057141468495047
1575.4730264098809585
1576.0348310661183859
1576.5724570995243994
1577.1203646904464222
1577.640545308991932
1578.185352574941362
1578.7234082397080783
1579.2364958371560988
1579.803319805875617
1580.3493324493590535
1580.870165525998118
1581.3606900966708508
1581.9166890168887676
1582.4655013528295058
1583.0003788908159095
1583.5031911730359298
1584.028250315400328
1584.5204499583426241
1585.02854584549641
1585.5394141361566653
1586.0550695914619155
1586.5396971148327339
1587.0224027791202843
1587.504719273549199
1587.9874394552468857
1588.4625388399060739
1588.9538276668424714
1589.4286293405382366
1589.8684469125762462
1590.3430810227680468
1590.8017568559789652
1591.3164243285555131
1591.7900011842175445
1592.2731451450699751
1592.7473140312201849
1593.2496893657403234
1593.700746486761318
1594.1438571944859177
1594.6024487465390393
1595.0433104512881073
1595.4578254704008486
1595.9240509928772553
1596.3670357149053416
1596.7879416005114308
1597.216167708744706
1597.6713472153398925
1598.0712142681429668
1598.4936686273429132
1598.9251610968590285
1599.3167286550672088
1599.7399601346389773
1600.1336380720135821
1600.5540676346511191
1600.9814147229305945
1601.3784701928807408
1601.7776059550981245
1602.1861136576751505
1602.5856655805112041
1602.9850242954398709
1603.3721060741947895
1603.7446625723723628
1604.1465039901015643
1604.5106008307684533
1604.8784948442669247
1605.2744273091836931
1605.6584792131995982
1606.0305911451994234
1606.380147533071522
1606.7826551806053885
1607.1220355524467323
1607.4704374925950106
1607.833948155037433
1608.1821169532720432
1608.5335946465299912
1608.8698611641625575
1609.1847577089570223
1609.5122126654268868
1609.8336315244764592
1610.1954063447437875
1610.5314534535630173
1610.8477031355507734
1611.1884420379944913
1611.50512080087492
1611.8010005019980326
1612.1201214273737605
1612.421052052161258
1612.7099242259121183
1612.995080919308748
1613.3142428718711017
1613.5974813478505894
1613.8993765492684815
1614.1965268526996624
1614.4749924312341136
1614.7709630371459752
1615.0423770089660138
1615.319863922768036
1615.5765846347792376
1615.8062563591099661
1616.0733353594621349
1616.3181379349080089
1616.5879224379023071
1616.8324536853476729
1617.0635973333537549
1617.3380267685329272
1617.5905070311459895
1617.8429999590591706
1618.083796764136423
1618.3050955040205281
1618.5858859433119505
1618.829564615166646
1619.0537387255715203
1619.3338357067223114
1619.557807296173678
1619.7762315763557126
1620.0252301483731117
1620.2539824615155339
1620.476010081901677
1620.7252114344914844
1620.9346802585280329
1621.1511430971311256
1621.3340916718157132
1621.5457978403346715
1621.7578690934619772
1621.9291667318839245
1622.1089951618137093
1622.2969868614686675
1622.461033768261359
1622.6640077602728525
1622.8507485451191314
1623.021764127908682
1623.2047787273525046
1623.396927751168505
1623.5783033485681699
1623.7485130954753458
1623.8966969710609192
1624.0557514425709087
1624.2088528579477043
1624.3844224619322176
1624.5700738590514902
1624.6971082269233193
1624.8313092773778408
1625.0024560593280967
1625.1530600764460814
1625.286599504867354
1625.4183362717787986
1625.5453065760996196
1625.6457509401725474
1625.8120934375128854
1625.9624963199269132
1626.0848913314955553
1626.2141989519932395
1626.3411692563140605
1626.5000224618456741
1626.6285591400796875
1626.7414411078070771
1626.8636329166579344
1626.93662530734764
1627.0764526846548961
1627.1835212688690717
1627.2595578819291404
1627.3933464376179927
1627.4989645105783893
1627.5719168479947712
1627.6490427654009636
1627.7314493679812131
1627.800156383732201
1627.8606147927314396
1627.9320923537263752
1627.9973955509988173
1628.0963963319886716
1628.1783621911454247
1628.2673809291302405
1628.3781450998519631
1628.4400048184675143
1628.4863377378771929
1628.544595374079563
1628.6297510507940842
1628.6788008824539702
1628.7313340109774344
1628.7652572638064612
1628.8167886641851965
1628.8629196106121526
1628.8904616269117014
1628.9162230515335068
1628.9437447885877646
1628.9768678166249174
1629.0101955666045797
1629.0445189358863445
1629.0602594182719258
1629.0346580200332482
1629.0450981148592291
1629.0564182357425125
1629.0547780713584416
1629.0534580711666877
1629.0568583464646508
1629.0636590527433327
1629.0485983162559478
1629.0684591676806576
1629.0515387639995879
1629.0486987620906802
1629.0259157262644294
1628.9943130963290514
1629.0144147782386881
1628.9716482611897845
1628.9435664159134376
1628.9053217550360841
1628.8941616392064589
1628.872999156503738
1628.827563619022385
1628.7660242050510533
1628.7224573152607263
1628.674288003553329
1628.6384041535604865
1628.5948168182626432
1628.5368005507198177
1628.4857894921549359
1628.4390767964089264
1628.3747346079835552
1628.3129549658258384
1628.2622240884504663
1628.1746882357720096
1628.0982094516698453
1628.0434714103944316
1627.9905790828859153
1627.9089832401405147
1627.8437200855021274
1627.774292210745898
1627.6788999398720534
1627.596430758416318
1627.5153864280302969
1627.4391895831079182
1627.3507997140327461
1627.2362895863200265
1627.1159445506673364
1627.0189886696464328
1626.9024712058858313
1626.7794041576846666
1626.6570042377875325
1626.5459970795820936
1626.4501942992762906
1626.3273199347829632
1626.2216216383417304
1626.0626879268043012
1625.9644680597430124
1625.7977227822975692
1625.6707773649663977
1625.5161283372603975
1625.3531337969557171
1625.229033531387131
1625.1177733434324182
1624.9593131127810466
1624.8086286409302375
1624.6657862564436527
1624.4902972702534498
1624.3242184752539288
1624.1909389090419609
1624.0080710053334769
1623.8121668593973936
1623.635220141850823
1623.4652084286526588
1623.2680118805708389
1623.0820810060683925
1622.9080623589861716
1622.7122975894460524
1622.523101287589725
1622.3290950619793875
1622.1440084892869891
1621.9564203265149445
1621.7527340679075678
1621.5352407574544031
1621.3311351253435078
1621.1283227856140456
1620.8914210096024817
1620.6516792865186289
1620.4448248418352705
1620.2194760194818173
1620.0364064372201938
1619.7966390094413782
1619.5825630409003679
1619.3466252162882029
1619.1461565389881798
1618.9086462833195128
1618.6799298813330097
1618.4632055620083975
1618.2347143562242309
1617.9747806306963867
1617.717815938787453
1617.4821262337045482
1617.2681535718384112
1616.9860168162704213
1616.7168840010192525
1616.44761809739407
1616.1917512552331573
1615.9238402015143947
1615.6748010061819514
1615.443414134830391
1615.1676141291670774
1614.8842532292792384
1614.5904725271827829
1614.3311437247341473
1614.0481214087142234
1613.7620258234601351
1613.4667202412620099
1613.1907443000609419
1612.9047188808492592
1612.5957645690691606
1612.2685000178603332
1611.9457266255972172
1611.6750459589404727
1611.3409569414773159
1611.0759773064210094
1610.7727193319221897
1610.4558955050433724
1610.1471858629868166
1609.8459279306196095
1609.5317965279346026
1609.2003632941773503
1608.8626085576718197
1608.5063343739684569
1608.2192764466185508
1607.9013949059794868
1607.5319041832538005
1607.1987361824158143
1606.888006013854465
1606.5401457196051069
1606.2122676098065313
1605.8655998349008769
1605.4933146612711425
1605.1366202887277268
1604.7694898309607652
1604.4212016218614281
1604.0470834488946821
1603.7174507670222283
1603.3676739254319727
1602.990414813925554
1602.6312014430548061
1602.2171941227713887
1601.8287551642831659
1601.438766377251568
1601.0291478365954845
1600.6363751025337478
1600.247217054838984
1599.8785369780100609
1599.4980522836463024
1599.0940459528414976
1598.7154683179967378
1598.3361782107210729
1597.9542263826213002
1597.5294317172476894
1597.1048958287742607
1596.7011224229800064
1596.2795051112589135
1595.8737816321367973
1595.4635141135981939
1595.0332782042439703
1594.6044147427628559
1594.2092480610385792
1593.7761215614932553
1593.3418634768902393
1592.8975347288660487
1592.4844287367504876
1592.0149159082511687
1591.5709850021796683
1591.1542571045113164
1590.6994912225591179
1590.1984669876510452
1589.741461829411719
1589.2620456693300639
1588.7972973635194194
1588.3516417371311036
1587.8803054027846429
1587.4010374916542787
1586.9451206819417166
1586.4825240008703986
1586.0337403380442538
1585.5651924644887458
1585.0866418441848964
1584.6207540152324782
1584.1261517820812514
1583.6323144167279224
1583.1572996311797397
1582.6686426518479038
1582.157987732076208
1581.6426785139296953
1581.1794720977995894
1580.7038904473745333
1580.2033343808416248
1579.7063148581103178
1579.2065200014010315
1578.7095430012823272
1578.1775835791809186
1577.6738399228752314
1577.1664052715038906
1576.6229320802951861
1576.1054768103276729
1575.5599377541389003
1575.0547401830899616
1574.5270481387792643
1573.9898087321707862
1573.4496334782684244
1572.9185715451994838
1572.3790977525802646
1571.8359257386944137
1571.317914826071501
1570.7958092006288098
1570.2469537761280662
1569.6911743527145973
1569.1576097179654425
1568.5384825963119511
1567.9853589358531281
1567.4421008737579086
1566.8364570092228405
1566.2426856586664599
1565.6710955647752144
1565.0947764310244565
1564.4983862629514988
1563.9325147656145418
1563.3414910460928695
1562.7488539018888787
1562.1387697413424576
1561.5221472401422034
1560.9091245931836056
1560.2895886345247618
1559.6874226532011107
1559.0898843727411531
1558.4681627651907547
1557.8672030858417656
1557.2903263769064779
1556.6569893948990284
1556.0512425084825736
1555.4028927165070399
1554.7785745938535911
1554.1526157496039104
1553.5582335188553316
1552.9391833208705975
1552.2971813683000164
1551.6881930030288004
1551.0705469381218791
1550.4115278757844862
1549.7600207926736857
1549.1106884138532678
1548.4751295920373195
1547.8004956434112955
1547.1749599128522732
1546.564919590935915
1545.9080803978979475
1545.2248020386828102
1544.5571269962013048
1543.9027466713496324
1543.2471406085223862
1542.5247192214023926
1541.8838496586254223
1541.2181857623495489
1540.5159648182452656
1539.8375733039986244
1539.1543701955565666
1538.4731992060433186
1537.7858972782587443
1537.1086233281148452
1536.4514728175238361
1535.7603799340897694
1535.0398329534084496
1534.3507181874897469
1533.6607493250980951
1532.9374021244479991
1532.2238299444397853
1531.5112544498751959
1530.8205212988411859
1530.1242373198936093
1529.4159314984449338
1528.7214940144847333
1528.0022523707218625
1527.2847339449328956
1526.5495583140584586
1525.8135608157942897
1525.0731555091076643
1524.3468682908435312
1523.6401301860696549
1522.8735542813431039
1522.1064974107855505
1521.3464938431507107
1520.6001111306964049
1519.8933855087896063
1519.1281887160157567
1518.3819435032205547
1517.621867002994577
1516.8598254263597482
1516.114313431226492
1515.336044759905235
1514.5497567428715229
1513.7806852720959796
1513.022774352891247
1512.2488218377243356
1511.4622721589719276
1510.6901904444234788
1509.884220779529187
1509.1331379833543451
1508.3451576903150908
1507.5408274439585057
1506.7412075350484884
1505.9510473529744559
1505.1054256914378584
1504.2967482162860051
1503.4814584265188842
1502.6787777018355428
1501.8745854041844723
1501.0644573647284687
1500.2325882461905167
1499.437410526352096
1498.6132201192449429
1497.8404175149503317
1497.0217949113809937
1496.2031905711060062
1495.3507297665328224
1494.5542078228354512
1493.7139951759700125
1492.952492002568988
1492.1269385614186831
1491.2666066283989039
1490.4421572620190091
1489.6105752316909729
1488.784331978576347
1487.9356051382374062
1487.0926797794936647
1486.2518647158481144
1485.4326011180726255
1484.612960725975654
1483.7641289695259275
1482.8810562155774733
1482.0331392308978593
1481.1882596362511322
1480.3286780342950806
1479.489568755712753
1478.6181539708472883
1477.7464198298107476
1476.8744908189216858
1476.0203213902152584
1475.1154162456582526
1474.2495731361495928
1473.3655075926294558
1472.4671040551161241
1471.6436814162077553
1470.762147429239576
1469.8676671288610578
1469.0046414584496688
1468.1439265383407928
1467.220449726993138
1466.3060974616785188
1465.4239639339637051
1464.496502410353969
1463.5845476528231757
1462.6847474800504187
1461.7149480532384587
1460.7910779952624125
1459.8985576955844863
1458.9786870368798191
1458.0487130892597634
1457.1551911483595632
1456.2173420214676298
1455.3266961307506335
1454.3751056245762356
1453.4359437687023728
1452.5159533255016413
1451.5718091706821724
1450.6020073233407857
1449.6889707889251895
1448.7264022142339854
1447.7776765115054332
1446.8285890211056994
1445.8898230620002323
1444.9062418671339856
1443.9489962151405962
1442.9990473243046836
1442.0454901077853265
1441.0846181173624245
1440.1013440267604437
1439.14093114113507
1438.1530965572965215
1437.1998134406308054
1436.2570422882586172
1435.2642153735782813
1434.2969204022324448
1433.3368747453143897
1432.335732347821704
1431.3357896587260711
1430.3606183625258836
1429.3687492275594195
1428.3545352017538335
1427.3759369012575462
1426.3753192444323759
1425.3966479640396301
1424.3923415719730201
1423.3631401593959254
1422.3610706642514288
1421.3653838557245308
1420.3432399288533361
1419.3256493599096757
1418.3026588190400616
1417.290914710735251
1416.2531938773956881
1415.2410474417279147
1414.2112325869286451
1413.1518513706728299
1412.1186154899037319
1411.1191676678815838
1410.0535122383889757
1409.0413146527239405
1408.0107422585035692
1406.9537256637872815
1405.8903703231733289
1404.8647404911846479
1403.7996114367235805
1402.7340869014342388
1401.676837613290445
1400.599606300118694
1399.4922816883465657
1398.4224903724200431
1397.3586172921086472
1396.2733107964711508
1395.1901942463125579
1394.1099145322618824
1393.0498919860103797
1391.9841263483417606
1390.8895100689869651
1389.8465104121987679
1388.7912125261727851
1387.7097977371777233
1386.6102651355381568
1385.5101585369764052
1384.4449891396004659
1383.3590173286677327
1382.2374531468435634
1381.1881034686130079
1380.0539206345529237
1378.8942107244536146
1377.7507198013872767
1376.6261107592558801
1375.5150171206371397
1374.4036295075582075
1373.2056429955298427
1372.0868217723234466
1370.9480028600639798
1369.8310524936346155
1368.7103445991349417
1367.5609628658046404
1366.4158738740040917
1365.2612649738589425
1364.1241467666516201
1362.9686490921847053
1361.8280709075738741
1360.7331500614925517
1359.6061221160136938
1358.4680075294866128
1357.2984224981494208
1356.134801755503986
1354.9938220708972949
1353.8004796393940978
1352.6020195425032853
1351.4664243140423423
1350.320025050798904
1349.1635039837099157
1347.9919892175512359
1346.8312885856516914
1345.6650766763216325
1344.4939262342256825
1343.3300505621384673
1342.1431850216365547
1340.9696395647838472
1339.8074104975305545
1338.6340998340590431
1337.4558338594633824
1336.2431663116826712
1335.0399430302750261
1333.8762381376395751
1332.7157238963150121
1331.511937417838908
1330.3292255012509031
1329.1020148508889633
1327.8911730467309553
1326.6483213687811258
1325.4816703951094041
1324.2742781015895162
1323.0208913288327039
1321.8141040582970618
1320.5688489698038666
1319.3518927829684344
1318.1099615178754902
1316.9194604198812613
1315.6890229733985507
1314.4510556460527368
1313.2102167644418387
1312.0050301572964599
1310.7805557689034686
1309.5646289672415605
1308.310869294218719
1307.0566141145302481
1305.8105642604862169
1304.55502197550868
1303.2765857754384342
1302.0000652464964332
1300.7499879817851252
1299.4599713752061234
1298.1899749595163485
1296.9329631852369857
1295.6560140749295442
1294.3779382171076122
1293.1237732740426054
1291.8336975853408148
1290.5389315580430321
1289.2372454716519314
1287.8674320955321946
1286.5695402684496003
1285.2772918571308765
1283.9618353700982425
1282.6362624169726132
1281.3281925234118717
1280.0271681998792701
1278.7264164563316626
1277.4229143524664778
1276.0970457923115191
1274.8048967993108818
1273.471032311598492
1272.1438644167722032
1270.8254699883279955
1269.4972812170869929
1268.1774717804346437
1266.8344115870252153
1265.4750249012708991
1264.1714850986438705
1262.8147580872280287
1261.4938476080228611
1260.1573905322163682
1258.7747172371480247
1257.4767240940029751
1256.1035172787426291
1254.7886670088089431
1253.4536077957070574
1252.1319944498470704
1250.7712943202946008
1249.4418838896224315
1248.0855223876098989
1246.7260629576571773
1245.3827276752588205
1244.0288394012598019
1242.644668687113608
1241.2715252004538797
1239.8966367406669633
1238.4789058293044945
1237.1207418290318856
1235.7282484411541645
1234.3440294699146307
1232.9951170941085365
1231.6092228730431088
1230.2013503265081908
1228.8180158961113193
1227.4638901149432968
1226.0814812916607934
1224.7111022538140332
1223.3347304392643764
1221.9350231726664333
1220.5269460087768039
1219.1794494572802705
1217.795742840205321
1216.3942122662647307
1214.9785340683331469
1213.5987023699071869
1212.2306469568427474
1210.8360820791683636
1209.4423074644012104
1208.0643796834665409
1206.6699404242403943
1205.2343603772185361
1203.809516045689179
1202.3764238117601053
1200.9696024935540208
1199.5746434470986514
1198.1628612526353663
1196.7402976107885024
1195.2509938322725702
1193.8275663668587185
1192.3868859226924997
1190.9413408950331359
1189.525022131135529
1188.099263784701634
1186.6881286703121532
1185.2701521399708326
1183.8206455855106469
1182.3677334564674766
1180.9233852364695849
1179.5257635381838099
1178.0607395917731992
1176.6408298944484159
1175.1644333476008342
1173.7232359941633604
1172.2311577551342907
1170.7406010354434329
1169.2681825959480193
1167.7778493211549176
1166.3239362959525351
1164.8936880013095561
1163.4048034184897915
1161.9482377346623707
1160.4889742554760232
1158.9758810246230496
1157.4353063649975866
1155.8972641503464729
1154.3914502386364802
1152.9531106627321151
1151.4899592305307578
1149.9332218933509466
1148.4291139232950627
1146.9447084150795035
1145.4266318948598382
1143.8989644156504255
1142.4538827517958453
1140.9678328411853272
1139.4420687075403293
1137.8837665948694848
1136.3616618324479077
1134.8413900732325601
1133.2736971259964776
1131.7440771389926795
1130.2392050968614967
1128.7090490267767109
1127.1684339611756513
1125.6357236917806404
1124.1581433307610496
1122.5985448542821814
1121.0437648385020566
1119.5231432121074704
1117.9705909986350889
1116.3725227547934082
1114.7707930243464034
1113.1682888147183803
1111.5945577589898221
1110.0506229072914266
1108.456018837066722
1106.849937437014205
1105.2737773852322789
1103.6816209951221026
1102.1003968344643908
1100.4741382058195995
1098.8695785564771086
1097.3592492832219705
1095.8141382981800689
1094.2402424487604549
1092.6522866541581607
1091.0711177472651343
1089.4910084258403913
1087.9628518801187056
1086.3808674191816408
1084.7950331461925089
1083.206776885423551
1081.5921315987573053
1080.0272069646582622
1078.4165685718878649
1076.7713225122274707
1075.1795879776398124
1073.5826634498346266
1071.9756249147137623
1070.3094886861590567
1068.6581640383446938
1067.0312210009428782
1065.4166341430106968
1063.8104929039252511
1062.1841873980881701
1060.5875261545372723
1058.9828237522265226
1057.3396324838340661
1055.6969471509564755
1054.0887701591614132
1052.4402284230266105
1050.817289823373585
1049.1450592645780944
1047.5609482003708308
1045.9410579024233812
1044.3348577911149277
1042.6927415576678868
1041.0281754264271967
1039.4000194213053874
1037.6866097711153998
1036.0521862951461571
1034.3597112568086231
1032.662301987285673
1030.940449806761535
1029.2525705629932418
1027.6206687613466784
1025.9288503850330017
1024.2488446754300639
1022.6063621570159512
1020.9099290061253669
1019.2721272748123056
1017.6341528977936832
1016.0255310572191547
1014.3058817563887715
1012.6532234836463431
1010.9498873412258035
1009.2766271904541782
1007.6351179740045154
1005.9288859081107148
1004.2505195630795924
1002.5909090691711754
1000.8996933016248931
999.16666655819324205
997.43802372686275248
995.71155838120228054
993.96715672425307275
992.19969229085620555
990.54172023140131387
988.83265923406759157
987.1347402467978327
985.43834263829614883
983.71945860792357053
982.01218449815416989
980.32177352690519001
978.57045288020481166
976.87278424446003555
975.17231484587091472
973.4184378654045986
971.70370107855671904
969.91920319688620111
968.1788651390954783
966.47732699986795524
964.77106470578576136
963.07067023815022822
961.33389827713688192
959.58778283559774991
957.82868442131177744
956.10577158991259239
954.37327526624278562
952.58592186072212371
950.87165175040922804
949.09474320449271545
947.31282022324035097
945.49198914484088618
943.72826770738697633
941.97707951468066767
940.19081674032167939
938.38523965918227532
936.64400844090300779
934.87601361177280523
933.08064639838892163
931.27470429098195837
929.45579191270451247
927.67560535568543401
925.91116691307809106
924.08252383041951816
922.26821378055012701
920.44653583586080003
918.62071981615531513
916.81021501635711957
915.00272104908754045
913.18882045398231639
911.38144685694214786
909.55353010779037959
907.71212672724971071
905.88313863702137496
904.02752731457474056
902.18625601886299137
900.3368811694509759
898.47951207304868149
896.66619578470374563
894.85664229350300047
893.04227727725822206
891.19582518138417981
889.37962129282766455
887.5488153173697583
885.74416879961154336
883.89819141330406183
882.11776104128193765
880.29832364810977197
878.48007381221350443
876.63538161744941135
874.76709466623162825
872.89488276323481841
871.05335989149284615
869.15384845633730038
867.27012409228882461
865.44634912614208133
863.59885261835586334
861.66606353591339484
859.80629471472605019
857.93931976394480898
856.07723293137723886
854.26091593307785388
852.36193870941747264
850.50123098267999922
848.65582126289552889
846.82899623301386782
845.03793699489062874
843.23206676493668965
841.37780261090119893
839.58438486333307083
837.76193359424792106
835.93752375600297455
834.06180261220595185
832.18119317944706381
830.314661122163443
828.42518701900871747
826.50022575423895432
824.61960008439837111
822.78624985288888638
820.9031316872374191
819.03877426436156384
817.17333224208846332
815.17922181589869979
813.25406518157512892
811.3440970542113746
809.39951211984055135
807.50696578157919703
805.57783601751850711
803.70935026803203982
801.8330048780121615
799.89756948629644739
797.95452651800417243
795.96470721696891815
794.05006302701451659
792.13457958270487325
790.15311420019190791
788.16161722171727888
786.22917789471443939
784.29001905712630105
782.37277266019623312
780.46412689262785989
778.55469920226073555
776.5230519439926411
774.53292664722528116
772.58930025594247581
770.6270672985327792
768.70442679701170619
766.76973027175836251
764.80188984886831349
762.8499773908415591
760.91233434323351048
758.94393424007103022
756.9623494526746299
755.02884229852747922
753.07412901269378835
751.11693137520126129
749.11352419364652633
747.14922243038529359
745.20988682191023145
743.24584608648785888
741.31632453016959516
739.35263066092306872
737.35418067697742117
735.37994454358886287
733.40659903524613128
731.427743859022371
729.47192264416344187
727.42172802917275476
725.36589364371320698
723.28370391928422123
721.21753730570731022
719.16201328043200647
717.09485172993299784
715.04386320838113988
713.04762386284789955
711.01143320465973829
708.9855823130249064
706.95753602620607126
704.91195839197746409
702.90673507067208448
700.90355567256665381
698.85935429727373958
696.85767214861095908
694.85268950188537929
692.8153817035135944
690.74912696828073422
688.69989113714825635
686.65726751671252259
684.58532606632820716
682.57007644601139873
680.54534155757903591
678.52338052659240475
676.4657103893182466
674.37834597748440046
672.3213152452532313
670.24952802435586818
668.20526942376091029
666.08019481095402625
663.99124792454279032
661.9349448825428226
659.86316423672803921
657.8104657692707633
655.71156425223523456
653.64529789553557748
651.59583432415365678
649.51463551074846237
647.48882978857443504
645.45579510579602811
643.3917525052252131
641.37173874102040827
639.32162142113475056
637.26144062114212829
635.19298204316351075
633.10219395206820536
631.05545805062695308
629.03662309128719698
626.99881387683990397
625.00759914488537561
622.91050624676392999
620.87626764213769093
618.8040949195678877
616.72620695988177886
614.63535855787392848
612.53929996839974592
610.46432828512956803
608.31916688373769375
606.254228729675674
604.13987713643723509
602.02969481506056582
599.89184612695385113
597.78331083809962365
595.68810810058585048
593.56101530242585795
591.44567838022487649
589.2606689837000431
587.17849831195576371
585.08420862868365475
582.94070663180821157
580.82058139707942246
578.75101603551320295
576.64257639944412404
574.51355324123858281
572.40372941273858487
570.32066878405566968
568.15624014425111454
566.00319112641693664
563.90131667192008535
561.7881119359992681
559.70609117194942428
557.55064901488719897
555.41865033582598699
553.28862436099825572
551.17600637016494147
549.03327506136372449
546.90784485043297991
544.79239526344656497
542.67163115194796319
540.46027783208273831
538.3688459569079896
536.32888183930674586
534.24090198473311375
532.07462536053662916
530.00758337959450728
527.92538943910994931
525.79298743347419531
523.68284714701917437
521.54068634313023267
519.34306084366778578
517.18510374613924796
515.02989303938045396
512.82944207857701713
510.64239423610933954
508.45690168637861461
506.22756115153958945
504.10148161924126953
501.96095141731655076
499.81169080677585725
497.68639893096957394
495.52280691993473738
493.30482361107078759
491.10581999039038692
488.88668758806608139
486.72709900125545346
484.57333980958594566
482.37787004733388585
480.1802441456218844
477.98108190690368247
475.78412405847245736
473.60825551982316028
471.41586679929343973
469.20027455327505095
466.9755373211182814
464.77743341735617832
462.59945770392278064
460.4711474958950248
458.29978092683148816
456.06435196747440841
453.82989174646684205
451.67235090757014859
449.44032247724680929
447.26760474614690111
445.05943914063249167
442.87004922308221921
440.65527679732747401
438.49173725936674373
436.28676477281976531
434.0488542363104898
431.81182723066643803
429.55065361621251441
427.26503756578409821
424.99569409106186413
422.77089032014072245
420.49062348765176012
418.24592614437318616
416.03016023424839887
413.7752479109742012
411.5540504881863626
409.30464193450814037
407.09369478489793437
404.86754927297295126
402.65771765523345493
400.41631348835755944
398.20306599554709237
395.92371023121825147
393.65061178586933011
391.35056586730451045
388.99822641670175472
386.72689131746955127
384.39951740795470414
382.08571252854216027
379.83555412512811245
377.55227292055388943
375.28688866946470171
373.05832881339773621
370.86110423606152153
368.59819360680847922
366.33817273838707251
364.05204914751641354
361.85511376111497839
359.58916964490532564
357.33967333810295486
355.05159346021395095
352.79966467833855859
350.57768978270217985
348.29410932617406615
346.00392812099443063
343.7190228286550564
341.45301063596855329
339.20156953122057075
336.90682262179171857
334.65474030712505282
332.39766428278471722
330.15218353708945642
327.81873272584078904
325.52689132903026348
323.23716212336489662
321.00105297782744174
318.69527316991576527
316.42303679449406673
314.13732125634692238
311.82024347722199309
309.45892965564479482
307.11671990488508754
304.74086465802685098
302.39315407156209403
300.08599625447305925
297.85639290481958597
295.52447875704416447
293.206082313477566
290.86160210568777984
288.51451941640760879
286.2531872166958351
283.93675097987778599
281.61613639918869012
279.29072813648690499
277.05257889907170465
274.67771687994235208
272.42867323528969337
270.12557891531332643
267.84337072857022122
265.52405260651948993
263.29591096233872349
261.01600816428657481
258.69849709053562492
256.42275384106932279
254.17086451223659083
251.86132382951072373
249.61681541211828517
247.32898604899884276
245.11319665867668505
242.85124333974565047
240.63870390750722095
238.36972584248678686
236.21603778403411411
234.00210016228982113
231.75226773375990774
229.52633423533421819
227.24563834869886136
224.94978115346162895
222.68768005929902642
220.41668019757281627
218.16626680595723542
215.87477426183610874
213.58723230716319108
211.32332820093267856
209.03781644029817244
206.80951025665308407
204.5325079161721078
202.21943182350111101
199.90310046701131341
197.56348176790041293
195.23300320675505759
192.9051571703593595
190.62303538596654562
188.25562732349868611
185.898751121916888
183.60901487509241292
181.27984078827836356
178.97424337795376914
176.6498983346028524
174.30507032100507558
171.91533131732015249
169.59452374941812991
167.2479113564560862
164.9111119885283756
162.51992525852523386
160.18925080681052009
157.86356629294004961
155.49873919287847457
153.13259603708939949
150.75876369970416135
148.39948693219955089
146.07307489310181836
143.69641629449398579
141.26785301512887827
138.94326458972511773
136.607915307844479
134.24787846221659038
131.99096577508120731
129.57359631290916013
127.22322844701619715
124.77538720710089137
122.35490176727698497
119.98887140787326189
117.57268445478781871
115.21562830247049192
112.82616877922963283
110.49299719560936239
108.13291807950128032
105.76141520877017399
103.40730973165776163
100.9893264663948429
98.584439879609234936
96.192705463472407246
93.769783334102910999
91.371450988809115756
88.916662615124963054
86.480684389343451812
84.052593451662858115
81.648090924066679008
79.222224811229779107
76.7902297903424369
74.379086526259158063
71.912846639948853067
69.515649569308365585
67.106683402037418773
64.702170276458346621
62.287140927681697633
59.889420705757935082
57.512729340077981988
55.188208149291199334
52.843979994874167971
50.573363085733944899
48.144885268500502207
45.777553780317930432
43.383745194440614057
40.951981189671514016
38.530133401971880858
36.084704649639611773
33.661036007616104371
31.261749845464890996
28.859417789445529934
26.394068617590125569
23.977661838365076363
21.546213945993503813
19.125450385260197805
16.635870575851015474
14.131847362321147799
11.710001036801408247
9.2859904730737792278
6.8011054910538915053
4.3573488434211373743
1.9511338729351730414
-0.46284417996968318931
-2.9300724699760873904
-5.3308981157601369461
-7.7697218893666999406
-10.189326825655619757
-12.636848136325820491
-15.023328367582346132
-17.469623149577849119
-19.862449632683393475
-22.304218535622354125
-24.703009278711636654
-27.088010537905731212
-29.537000809175040672
-31.926196720763009296
-34.398455451006611838
-36.929052400157239333
-39.501102814725378209
-42.015901027632281739
-44.446250541470384121
-46.959688458787866239
-49.458556199144858567
-51.883832604354338969
-54.270856786919587478
-56.725405167513990534
-59.152011074619132103
-61.682390399058419916
-64.172755542071485024
-66.640513990525192867
-69.062364682973935714
-71.530946116419443115
-73.975100387754608278
-76.442950156770734793
-78.902890124272900607
-81.335602886158469005
-83.811516047449089228
-86.268049037070284157
-88.736582789502051583
-91.214321879780584368
-93.669660124478184571
-96.207417796188948955
-98.735476920814221558
-101.24174400932862739
-103.70634347067348813
-106.2197858582440233
-108.6929494204796498
-111.22237873806186315
-113.6579334263524288
-116.1786292714740938
-118.64140691731233801
-121.13302324720463332
-123.60440139172597185
-126.08013336815852767
-128.60803497454904232
-131.14349751120519727
-133.58519392487693267
-136.16532031928215929
-138.67789682704537313
-141.22746291382230766
-143.76038428879479625
-146.27724801833460333
-148.7631747773844495
-151.31624007598190929
-153.84595099522960027
-156.37566841556963482
-158.89665464961004204
-161.42008415697046075
-163.97390358385720788
-166.47357883814839852
-168.99039806654619156
-171.54194771447370726
-174.05427508159800709
-176.57877153309595997
-179.1123668271710585
-181.66126180850656624
-184.19907438585426007
-186.72028625709123162
-189.26487414002775722
-191.79556127064452653
-194.33395577470798798
-196.82783227176858531
-199.33058569385178771
-201.84897762725523762
-204.39441990317590125
-206.99523629704563632
-209.51238943314587004
-212.0409510936978279
-214.5334571342761194
-216.98818499074076271
-219.52779733813488861
-222.04653595244118947
-224.60681175003540488
-227.12548073569439566
-229.675795266916424
-232.20863733015647767
-234.76773152400139111
-237.31144297871981053
-239.90814348739715456
-242.48739066695713973
-245.06467866712154091
-247.62647302323122744
-250.20791117751804222
-252.83867156526670783
-255.49679643378468086
-258.06979388468647585
-260.60489631702296265
-263.19621090261779273
-265.77559471901133747
-268.2928358330195806
-270.85529793503053497
-273.44003719420436482
-275.99189198396408074
-278.50562876622984732
-281.08020964351487692
-283.68300179985624254
-286.22303379209250807
-288.80054286424416432
-291.41721788081156319
-294.01397481166611669
-296.63769436825293724
-299.19645707597675255
-301.78968285005191774
-304.40074285991710212
-307.01873917369107403
-309.6815988778869837
-312.34296705080674883
-314.97176942056114513
-317.6413375914399353
-320.3179785951644476
-323.01362376697221634
-325.69095869294795875
-328.39635886272668586
-331.11239963448713297
-333.76468462741894427
-336.35693600608533416
-339.03885126824860663
-341.70491207545063617
-344.35380334273162362
-347.02861191122127593
-349.71478080598768656
-352.4078827919143464
-355.03121671228080913
-357.68323804811274158
-360.39136323702945219
-363.02757866548540733
-365.67189797822595665
-368.29274087573253382
-370.95754160650380982
-373.57003359860721048
-376.24081319383225264
-378.83739061674327786
-381.54223321062170271
-384.2163765030727518
-386.84785330039403561
-389.54651585991223328
-392.20375334160786451
-394.90721034129961708
-397.6381860380905664
-400.32937261313549016
-403.05258327841767141
-405.75636340450824946
-408.50650936481912368
-411.1548276301876399
-413.88138908767905377
-416.58296057717694794
-419.36391040946841713
-422.05643657311509287
-424.75218354006523214
-427.36583925514867133
-430.07115680580250228
-432.80426685489106831
-435.51383324318044288
-438.28946065504550234
-441.04971792153446586
-443.72385050494034431
-446.46917250565701352
-449.17902665660898265
-451.92949863749339556
-454.73378106797343889
-457.48340252518244142
-460.15164883212878522
-462.86243296773892553
-465.6173919351050472
-468.37623905588270645
-471.11779566887474857
-473.80157883191861856
-476.43496812150556252
-479.16334026400903667
-481.81130271926082287
-484.50812611378557904
-487.24451453219319319
-489.98948442194841846
-492.72946728346528289
-495.4677336128294769
-498.17877306450628794
-500.94928088568730118
-503.66486520774253677
-506.42770281647216279
-509.10629582223515399
-511.7805620803563329
-514.48819358167622795
-517.24141507378863025
-520.02157712169309889
-522.80995905245254107
-525.55655362287700427
-528.33291228622738345
-531.09333289991059246
-533.81965464037830316
-536.54430621752396746
-539.24637285552319099
-541.96874352126576468
-544.7384761339698116
-547.44554231462768712
-550.24368191284440854
-553.06920557025478047
-555.79615317545381004
-558.54272295518524061
-561.29807537455269539
-564.03454782431253989
-566.81855226898642286
-569.6662142172096992
-572.45119117126012043
-575.28111698103612071
-578.13475854797286502
-580.93841638983985831
-583.71047068993755147
-586.50150797772073474
-589.3158230220153655
-592.11314269215597506
-594.91811017669817829
-597.76611553822272072
-600.61413980067550256
-603.47427059362632917
-606.29866791259485126
-609.07903077530863811
-611.86528967834510695
-614.67487719047926475
-617.45456120573044245
-620.27911292028420576
-623.07087430563922226
-625.9314018849254353
-628.7347356137350971
-631.54489436422977633
-634.33832186833978994
-637.10711777749531848
-639.87114481272897137
-642.61768571683194295
-645.36577962801823105
-648.15212390188867175
-650.91466271490980944
-653.75391097752526548
-656.63721421807395018
-659.48707794919857861
-662.29225005550711103
-665.07742912201047147
-667.87092827914500504
-670.75632511215508202
-673.53119467897454342
-676.31540323699391593
-679.13228787707009815
-681.96448981342689422
-684.74406323003461239
-687.54914122867614878
-690.38073572176278958
-693.16980173133129028
-695.93256254658638227
-698.71777650630656353
-701.51991592164563372
-704.34122859710464581
-707.12011801343305706
-709.9477138742021225
-712.733666490980454
-715.48913324258603552
-718.40711701486111451
-721.29976767263076454
-724.14022623022810876
-727.00410263302910607
-729.87990974770968933
-732.71773149271825787
-735.59258197942767765
-738.45765291281884402
-741.30315125350250582
-744.2163229318489357
-747.09074335299283121
-749.98074537630134273
-752.9256718605114429
-755.82681060916729621
-758.79014631725328854
-761.63727465652641513
-764.50852658827375308
-767.42550131615143982
-770.3403843674318523
-773.27929942983587353
-776.21230707142547089
-779.11326660306190206
-782.03600938101931206
-784.95854940857304882
-787.88088646837843498
-790.82967635679835894
-793.72420293546258563
-796.69779540658589667
-799.60058413299395852
-802.41981272250779966
-805.29010289501445641
-808.19466294715982713
-811.18239425404078702
-814.11598560526033452
-817.00983415275163679
-819.90520584076546129
-822.81712743580374081
-825.67706303502018272
-828.60416422206094467
-831.4622522088087635
-834.4607989118653677
-837.3882481294452873
-840.33986584473268522
-843.22018321193638712
-846.18274779959335774
-849.12584123289559557
-852.11703587419412997
-855.16935811800533429
-858.09735159775004831
-861.05888574087396137
-864.02316444439088627
-866.97700714292705015
-869.95107184960238556
-872.90123102341408412
-875.85235141220857713
-878.76134311063310633
-881.70160180106552161
-884.63381823711381458
-887.58395324658772552
-890.51832367513031841
-893.51338821149352043
-896.45493347221440672
-899.44624360273326147
-902.44810196347759756
-905.43192933452530724
-908.42086456923993865
-911.41131978569308103
-914.39777971942896784
-917.34863617609903486
-920.31124467539052603
-923.25020731698521104
-926.22525808985619733
-929.21327882124217012
-932.16222255069567382
-935.11669238417687211
-938.13238743944998532
-941.13762094707976757
-944.22853594966579749
-947.21910881179383068
-950.1983114379734161
-953.17350988082330332
-956.2200004605514323
-959.24282624516479245
-962.20688361063969296
-965.11804783967238563
-968.11290030269992712
-971.03766382819071623
-973.9960705994823229
-976.95338068562261924
-979.93332711396055856
-982.88979612026435007
-985.94119875117951324
-988.90869304327270584
-991.9016547668217072
-994.8969852683442241
-997.85610350797833235
-1000.84263764087666
-1003.7887621083908698
-1006.7760523233655476
-1009.7825297200331534
-1012.7902016050875318
-1015.8375982711612551
-1018.8507801651404634
-1021.8485378413025728
-1024.8715980562274126
-1027.9190144851340847
-1030.9731597510931351
-1034.0863494454399643
-1037.1238484816017262
-1040.2280727474853848
-1043.2377006464223541
-1046.2929139711052358
-1049.3373417133534531
-1052.364332222200801
-1055.38199906449222
-1058.3948203447678225
-1061.4346240405741355
-1064.4654567222596597
-1067.5648274343657249
-1070.5909806698193734
-1073.6624344494914567
-1076.7038962165097473
-1079.8227523766393006
-1082.922431303257099
-1086.0111386646831306
-1089.1517594873625967
-1092.2458631621593668
-1095.3701717422316051
-1098.4558219627274411
-1101.6540737704194726
-1104.7992067676568695
-1107.809300624391426
-1110.8907847716257038
-1113.9841598595849064
-1117.0896823122454862
-1120.2360217131072204
-1123.322137470283451
-1126.4209571633650739
-1129.5015819877137346
-1132.6776845368494833
-1135.7989778966243648
-1138.9569975109047846
-1142.0942092565273924
-1145.1804039420856043
-1148.3162113529185717
-1151.4673864540638988
-1154.5802319726510632
-1157.7587561397260743
-1160.8971154773960279
-1164.0321262512079556
-1167.2011634343382411
-1170.4068979481210135
-1173.5575406030495742
-1176.7745478767606073
-1179.9941942600050879
-1183.1409262651470726
-1186.3379656043664454
-1189.4628231501221762
-1192.6754279872636744
-1195.8063071197948375
-1198.915980410793054
-1202.0725560591902195
-1205.1943695170186857
-1208.2785290413141865
-1211.3996450217314305
-1214.5809848518756553
-1217.7511928072544833
-1220.9663310862435992
-1224.110451825310065
-1227.3185925744926408
-1230.4939253147263116
-1233.7419617288442169
-1236.9091570519151446
-1240.1057637017349862
-1243.3590096509869909
-1246.5500767043133692
-1249.6926285832939811
-1252.8759530012578125
-1256.0424474670655854
-1259.1893172593020154
-1262.3766644501065457
-1265.4798064503404476
-1268.6216735534048894
-1271.7955583905238655
-1275.0332338726698254
-1278.2586739852552
-1281.5318540196917638
-1284.7639076654254495
-1287.9424133564789372
-1291.2227099665064998
-1294.4316137548596544
-1297.6494674260238753
-1300.9098843090432638
-1304.0898221620725508
-1307.3365364886960833
-1310.6080919550622639
-1313.7996520337553648
-1317.0269737392918614
-1320.2254222216779453
-1323.4976749225727417
-1326.7754395360364015
-1329.9635373666881151
-1333.1618298764608426
-1336.4134517300019525
-1339.6706244324834643
-1342.9034408907766647
-1346.1248501411673715
-1349.3421726769731777
-1352.5530267493613792
-1355.7218726906146458
-1358.9255041530223025
-1362.1883407554810219
-1365.437361644536395
-1368.6613933529392853
-1371.9559924392362973
-1375.2924210518140171
-1378.6192376632795913
-1381.8487618556710004
-1385.099954307801454
-1388.3066112571277699
-1391.5820383071679771
-1394.831350793212323
-1397.9583311266460441
-1401.2059324784231649
-1404.4510626677231357
-1407.7658608806923439
-1411.0616235426673484
-1414.383197827782169
-1417.622427436088401
-1420.9031742362121804
-1424.1804281466047541
-1427.5059471677936926
-1430.7909421319377543
-1434.1443700084109878
-1437.4449453366289617
-1440.7603351229813597
-1444.0845852922795984
-1447.4001816759141548
-1450.7329667376295674
-1454.0896316835915059
-1457.4033511131758587
-1460.7599318104155373
-1464.0745041371742445
-1467.3968657422667548
-1470.7592772128568868
-1474.1144523188859239
-1477.3727695738177772
-1480.7666159143200275
-1484.2157452316384934
-1487.6087828620254641
-1490.9718566331487182
-1494.274604741295434
-1497.5808251252174159
-1500.8640838574563077
-1504.1860812717311546
-1507.524603391829487
-1510.9261663182880966
-1514.2961307586199382
-1517.6458157844156176
-1520.9263013173306263
-1524.2625174621030055
-1527.6230603547082865
-1530.9451701419363872
-1534.304221902147674
-1537.6854128297263742
-1541.025275180498511
-1544.3606588734187426
-1547.7203153257135
-1551.0101235687691315
-1554.4148514869591509
-1557.7130866137829344
-1561.1039177220177407
-1564.5082907582632288
-1567.9667241352083238
-1571.3246167313220667
-1574.805325464164298
-1578.1933624211344522
-1581.6071986159226981
-1584.9912236217041936
-1588.332754926391317
-1591.649348300867814
-1595.054841253361019
-1598.4559246861240354
-1601.8921236431447142
-1605.2773688983058946
-1608.6882178517030297
-1612.0765979794498435
-1615.5728149216877227
-1618.9733670021253147
-1622.3185355346556662
-1625.7275359439886415
-1629.1713019325113692
-1632.6254943101810113
-1636.1071095636555128
-1639.5612979320089835
-1642.9936398631784868
-1646.4276481511437851
-1649.883643433330235
-1653.2601986370586928
-1656.791326279732175
-1660.226750310952184
-1663.7022836473897769
-1667.2042122895220473
-1670.7197618980339939
-1674.238566425686713
-1677.7039486885921633
-1681.1977852751183491
-1684.6834812268036785
-1688.0985438664038156
-1691.5413784826062056
-1694.9357282419148305
-1698.3701147822466737
-1701.784788784144439
-1705.2759636610569487
-1708.7312213319166858
-1712.1387235289307682
-1715.5938872133303903
-1719.1622000651257167
-1722.6694801746684789
-1726.1623842041301486
-1729.6782153304116036
-1733.0905078699308888
-1736.5718839045623554
-1740.1174199923771084
-1743.7195896674527376
-1747.3202462578938139
-1750.9007347972963089
-1754.5362788101097067
-1758.1083386775833333
-1761.6234190306097389
-1765.125799548378609
-1768.6805079003981973
-1772.2441508682011317
-1775.839584841235137
-1779.4401340748042912
-1783.0288890675824405
-1786.656831223658628
-1790.2002195449658757
-1793.812271578406353
-1797.4012850361800702
-1801.0060410095611587
-1804.633762298640022
-1808.1801693701770546
-1811.7375405416878493
-1815.2979495946485713
-1818.8722711860059462
-1822.4444022324739763
-1825.9999477488740922
-1829.5718005750131852
-1833.0647992469507699
-1836.6879184326767245
-1840.3160564528682244
-1843.9030347256029927
-1847.482280176399172
-1851.1224975500133496
-1854.7719523709147325
-1858.3596193386906634
-1861.9766418105441517
-1865.642048243579211
-1869.3348777805701957
-1873.0090836517440493
-1876.6099034137844228
-1880.2371909475768916
-1883.9332395029771305
-1887.5256002136845837
-1891.2108443761424041
-1894.8312067601416402
-1898.4351955507042931
-1902.109523598643591
-1905.7944685133884377
-1909.4603275440640573
-1913.0310540940479314
-1916.6955661431024964
-1920.38328093079258
-1924.0480791527006659
-1927.7211376255681898
-1931.361000998188274
-1935.0770080847728423
-1938.6861218705130341
-1942.2791177682149737
-1946.0148655882869662
-1949.7029563497219442
-1953.3993936654835579
-1957.1169672280536815
-1960.7754778668204381
-1964.4332894098583893
-1968.1193154934762788
-1971.8156077563205599
-1975.3759091811637063
-1979.1950132153910999
-1983.0235436917980678
-1986.7877000647617933
-1990.4010191421191394
-1994.0521603002398479
-1997.7550258491380646
-2001.514230028431939
-2005.215532002544478
-2008.9340728829981799
-2012.6609789086410274
-2016.3348770824743497
-2020.0326416777370468
-2023.7998187279590638
-2027.5504458566210815
-2031.312552894133205
-2035.0461045148440462
-2038.8270525870477741
-2042.6067667114323285
-2046.4432557667998935
-2050.2759823385667914
-2054.0342635243800942
-2057.8391850110374435
-2061.6833987902291483
-2065.5082491706766632
-2069.377359570722092
-2073.1828862081597435
-2076.8802539507405527
-2080.5704129093896881
-2084.4172644478203438
-2088.2650880347455313
-2092.0787412394442981
-2095.946556485783276
-2099.7927627551312071
-2103.5421285433399134
-2107.3090615200198954
-2111.1555461726479734
-2114.9035248924737971
-2118.6842020043281991
-2122.5391537817235985
-2126.3730130545682186
-2130.2539833366549828
-2134.0040266386222356
-2137.8948795499395601
-2141.6978951863761722
-2145.513578455971583
-2149.3084565715994358
-2153.191114743948674
-2156.9374911362660896
-2160.8487841733794994
-2164.6760230522736492
-2168.5280207234168302
-2172.3709877373353265
-2176.1559954701633615
-2180.0259186470898385
-2183.8910619516464067
-2187.6493196904943943
-2191.5047458094518333
-2195.3596492194333223
-2199.2114070681327576
-2203.1539322648827692
-2207.0277800863509583
-2210.9324023050908181
-2214.8409302135346479
-2218.7241159942150261
-2222.7238259288883455
-2226.5978177572869754
-2230.5960829889627348
-2234.4997473385483318
-2238.4140400283199597
-2242.3528614889023629
-2246.3195399279115918
-2250.2876240642881385
-2254.1866713703584537
-2258.2606191273325749
-2262.2884821766433561
-2266.1957927260086763
-2270.2016503349414052
-2274.0841779986467373
-2278.0046658817113894
-2281.9178269090198228
-2285.8900378525036103
-2289.8302820170497398
-2293.7797824851563746
-2297.7360617104982339
-2301.6592233359747297
-2305.6416972978136073
-2309.6840070009125157
-2313.7659994290083887
-2317.7308242226990842
-2321.7567066032374896
-2325.7382040088391477
-2329.6712523357909959
-2333.6388261899569443
-2337.5185473487204035
-2341.6010131040970919
-2345.5711722080623076
-2349.5975724419258768
-2353.5492248074829149
-2357.5572168665194113
-2361.5530639164085187
-2365.5264765969668588
-2369.5892915482545504
-2373.6676304704851646
-2377.7068809827646874
-2381.8898545746314994
-2386.0928599559097165
-2390.2264067043606701
-2394.3396445753455737
-2398.3998250529248253
-2402.4106520177360835
-2406.4376869271818578
-2410.4740383509747517
-2414.6178058121040522
-2418.6893535782555773
-2422.7731443856514488
-2426.8313105421943874
-2430.9667941842099026
-2435.0378943374903429
-2439.1463823811709517
-2443.0896160470301766
-2447.1231476353837024
-2451.2392091527840421
-2455.3370809836055741
-2459.3876684646220383
-2463.5495010726026521
-2467.6915635835989633
-2471.7804034393534494
-2475.8970484204642162
-2479.9984928226313059
-2484.0207043647010323
-2488.1796398092901654
-2492.3171731282573091
-2496.3738124545252504
-2500.517100214814036
-2504.5878020938462214
-2508.8339505610488231
-2513.0322931551049805
-2517.1765866480013756
-2521.3185715359622918
-2525.4574498019615021
-2529.5283298204681159
-2533.5899734866516155
-2537.7183887605010568
-2541.9039332195252427
-2546.0096970204385798
-2550.3070314442629751
-2554.3951129162755933
-2558.5253474884393654
-2562.6195498708257219
-2566.8464824609100106
-2571.0319541843896332
-2575.2453155887169487
-2579.521948872941266
-2583.7532177415118895
-2588.0284169114656834
-2592.1908826782546384
-2596.3909885568605205
-2600.695850225952654
-2604.8930255674677028
-2609.1886075579527642
-2613.3605578462356789
-2617.6745660934079751
-2621.9450964503712385
-2626.2688295734437816
-2630.7654153577482248
-2635.2171753304369304
-2639.4618553970872199
-2643.7651970283914125
-2648.0350840141641129
-2652.2999352041515522
-2656.6242501148949486
-2660.8597934505014564
-2665.2124884577619923
-2669.4790677622686417
-2673.867115264622953
-2678.2067194308701801
-2682.5489192265913516
-2686.8932621157223366
-2691.2695897863295613
-2695.6142657101913755
-2700.0338325783841356
-2704.3456387075925704
-2708.7151488525478271
-2713.0943333888444613
-2717.379789881591023
-2721.741917116528839
-2725.9538917473932997
-2730.4020222464259859
-2734.6219442737155987
-2739.0783276914553426
-2743.4764806181665335
-2747.7964386135049608
-2752.1305688126290079
-2756.3430578220818461
-2760.6802277229667197
-2764.964733825122039
-2769.3219805225126038
-2773.6616019829225479
-2777.9941148935986348
-2782.4190431306292339
-2786.850550934912917
-2791.2919086606557357
-2795.7930511860558909
-2800.2114282944235129
-2804.7130179887658414
-2809.2769513236198691
-2813.6841981052593837
-2818.2698728756950004
-2822.7323582252834058
-2827.4374355175332312
-2831.8854783756473807
-2836.4229668946040874
-2841.2446970742362282
-2846.1650950142488909
-2850.8033821584854195
-2855.3692916305203653
-2859.958015090333447
-2864.5778935611233464
-2869.1849883008953839
-2873.7462126745222122
-2878.2146116080480169
-2882.6675484668321587
-2887.2186126388883167
-2891.6775698561446006
-2896.2686964819108653
-2900.8921260415531833
-2905.3300213035627166
-2909.8818320787258926
-2914.3606290682591862
-2918.8125987515004454
-2923.3062180161105061
-2927.9803810735857041
-2932.6440463762178297
-2937.1629958429025464
-2941.7636507308038745
-2946.4120814825405432
-2950.862092249642501
-2955.3310182478644492
-2959.8641842050460582
-2964.4136850640325065
-2968.8212698007432664
-2973.3190235492966167
-2977.9250894643460015
-2982.8170640290181836
-2987.3446185596571922
-2991.8222715663405324
-2996.3655663486106278
-3001.016856470212133
-3005.7277106489455036
-3010.4219366891820755
-3014.9193145139520311
-3019.6916806185158748
-3024.4688364111875671
-3029.1434525755844334
-3033.738913548014807
-3038.3554308756988576
-3042.9667480962848458
-3047.6792483535191423
-3052.2797136111184955
-3057.0121643156353457
-3061.7620038772406588
-3066.5943245016114815
-3071.2767824727347943
-3076.0415400378979029
-3080.7983882683761294
-3085.4960000581845634
-3090.2064467326317754
-3095.0708057371803079
-3099.7806339020285122
-3104.6074232780824786
-3109.4307396245790187
-3114.1472405640729448
-3119.1145639743040192
-3123.8990372557564115
-3128.8625128247476823
-3133.7747502074666954
-3138.5459899087077247
-3143.3496367106936304
-3148.0405251977085754
-3152.8516423550854597
-3157.6581433680235023
-3162.3586237338158753
-3167.1220357800893908
-3171.9696189225619491
-3176.9156786005514732
-3181.6254014101509711
-3186.6239860663113177
-3191.5300634234004065
-3196.4265704124914009
-3201.4321098719201473
-3206.2350111804307744
-3211.0774498124114871
-3216.0655024102197785
-3221.0508843513325701
-3226.1632971368117069
-3231.1052950230623537
-3235.9009687954908259
-3240.8061024705002637
-3245.6999988084457982
-3250.7447979149064849
-3255.740837809779805
-3260.5282356808220356
-3265.4756471447512922
-3270.4644064772378442
-3275.5251665672012678
-3280.7313282823865848
-3285.8699887026564284
-3291.0418692660273337
-3296.4371902928860436
-3301.5763591310251286
-3306.7331826292333972
-3311.7914404974198987
-3316.8939696939128225
-3322.0872029678898798
-3327.1819697651226306
-3332.3273794600831934
-3337.4614272766752947
-3342.5166190283630385
-3347.8872570564908528
-3352.8209482584597936
-3358.0048552738298895
-3363.1321878527737681
-3368.0804595810723185
-3373.1746542460846285
-3378.1333193250047771
-3383.1035643103200528
-3388.3246005845212494
-3393.3290294438729688
-3398.6680502793988126
-3403.8054113106727527
-3408.7485215018277813
-3413.8582309269390862
-3419.6608527002626943
-3424.8750149173383761
-3430.1212150753453898
-3435.1297817723871049
-3440.1832868638134642
-3445.421403509571519
-3450.4310235391985771
-3455.6716560375643894
-3461.0152118001828967
-3466.378031972944882
-3471.5097004998638113
-3476.5009312581464656
-3481.5634930669261848
-3486.6047582293967935
-3491.6946389745316992
-3496.7950033131592136
-3502.1329561298539375
-3507.298934882188405
-3512.4445856156817172
-3517.5259652838199145
-3522.7816113424360083
-3528.0562092465825117
-3533.1211774394791973
-3538.4249581158046567
-3543.4673816189292666
-3548.7339766199297628
-3553.9022584421727515
-3559.2077981851666664
-3564.3960414894650057
-3569.6632217172200399
-3574.8354032996671776
-3579.5614231783556534
-3584.7495475179875939
-3590.0024766720357547
-3595.231141883197779
-3600.3277324412370035
-3605.4001352451900857
-3610.5759230086478055
-3615.7785519917629244
-3620.9878720830556631
-3626.2926125462786331
-3631.587494265677833
-3636.8442475695119356
-3642.0467012889998841
-3647.4757193409532192
-3652.8614397128635574
-3658.4019310956800837
-3663.8257234994971441
-3669.2739622932463135
-3674.7541294071907032
-3680.1714500658003999
-3685.4285733448004976
-3691.0244959137612568
-3696.3094526106542617
-3701.9856141781478982
-3707.5247617328741399
-3712.9644750078996367
-3718.5151063030616569
-3723.8705032415559799
-3729.3510207983099463
-3734.7780546354174476
-3740.0848388044719286
-3745.3797286702902056
-3751.1929507821355401
-3756.8042524039974523
-3762.6346476857579546
-3768.1625109221135972
-3773.5291203496663002
-3778.9923184723425038
-3784.2376055151407854
-3789.5920855961476263
-3794.9512773068613569
-3800.402852097259256
-3805.7636510295051266
-3812.3977210599646241
-3817.7978693560175998
-3823.252083775754727
-3828.5986826241796734
-3834.1619124148642186
-3839.3585661276356404
-3844.7595432231410086
-3850.3459248205140284
-3855.7472974160082231
-3861.2956510782764781
-3866.7684704695707296
-3872.3833629709351953
-3877.7380662969726473
-3883.1384290876808336
-3889.116937727883851
-3894.9165301012631062
-3900.7876572166574078
-3906.295534489856891
-3911.8899565718606937
-3917.2964836845649188
-3922.9570080136663819
-3928.2780648671837298
-3933.8719922562336251
-3939.2896794369930831
-3944.8854041590225279
-3950.3835611547897315
-3956.314853041038532
-3962.1214224099280727
-3967.9192313387525246
-3973.4745536114041897
-3979.0895048723537002
-3984.6372363815680728
-3990.4746618186359228
-3996.3969208866233203
-4002.32065706854155
-4008.3094462844151167
-4013.8012407019286911
-4019.4956982248540953
-4025.4511769993132475
-4031.3330060329517437
-4037.1795834414042474
-4042.6591801551676326
-4048.9529533258446463
-4055.2624386099096228
-4061.4535132139139932
-4067.835604151224743
-4073.9278428196876121
-4079.9476653404562967
-4085.8568871810216478
-4091.8202711328017358
-4097.7140342504881119
-4104.0435930945895961
-4110.2346750777132911
-4114.959456692187814
-4121.0115458611126087
-4127.0111854037259036
-4132.7937065687738141
-4138.8598146588774398
-4145.0650455954873905
-4151.1764788221789786
-4157.3996072205673045
-4163.6968357750156429
-4170.0009306786487286
-4176.5382863069307859
-4182.9882758111998555
-4188.7646200897625022
-4194.8780588771451221
-4200.9909541200886451
-4207.2507386126626443
-4213.2089715075844651
-4219.0031458822049899
-4225.4820236124542134
-4232.0607404937009051
-4238.2465422973746172
-4244.6924721787290764
-4251.0234412122217691
-4257.6184782804966744
-4264.4776943638144076
-4271.7077746586919602
-4278.3595968865338364
-4285.008352821583685
-4291.9248591716877854
-4298.5749889405497015
-4305.6025548279021677
-4312.24508280045211
-4319.316270228184294
-4326.0682126279371005
-4333.1012678394226896
-4340.3147384188951037
-4346.9812540622933739
-4353.9702531373086458
-4360.3217809786301586
-4367.1737372135285113
-4374.0164204957673064
-4381.2767407692535926
-4388.1349055638956997
-4395.0427941673233363
-4401.6559328161847588
-4408.7986201164731028
-4416.014845216820504
-4416.014845216820504
