49   25   28
58   32   29
19   59   27
30   61   62
39   38   2
13   35   10
54   41   13
38   12   53
10   52   11
20   46   24
11   43   14
22   59   14
24   17   38
37   26   2
4   14   55
40   27   59
4   8   12
41   44   9
57   56   47
37   63   4
47   21   19
8   6   42
48   43   14
44   41   43
50   23   17
2   60   28
37   44   21
43   61   33
57   61   28
51   22   19
28   50   19
5   6   37
25   17   45
44   38   3
11   46   10
49   40   18
6   41   54
57   53   37
53   36   6
6   47   15
39   32   35
8   8   9
21   4   52
45   36   15
29   15   49
63   45   3
52   17   21
8   53   28
38   33   61
23   19   13
20   39   27
12   18   45
12   33   59
51   46   59
0   36   61
43   39   60
16   32   62
43   29   12
44   39   11
29   29   55
14   58   14
18   38   12
11   37   37
41   7   18
37   52   41
35   19   50
32   23   62
31   4   55
20   43   3
30   52   44
29   41   2
62   17   18
31   22   22
36   29   18
41   29   22
56   61   1
2   2   37
42   40   45
63   37   6
21   38   48
25   25   51
33   21   20
8   50   11
24   12   53
50   19   11
45   1   11
3   43   17
33   40   21
28   18   44
47   24   23
20   22   30
31   41   55
46   30   31
46   14   58
45   27   59
26   32   54
47   0   11
24   39   28
38   29   20
52   1   15
44   52   48
8   36   55
53   31   29
38   7   22
26   16   52
27   42   1
62   14   22
22   12   5
51   37   17
32   33   30
2   63   25
3   51   24
14   44   18
41   18   58
48   6   12
21   15   49
58   46   53
16   41   56
31   30   38
25   58   28
6   23   14
49   62   24
29   11   11
52   36   13
57   25   36
12   35   23
48   23   39
38   33   9
58   5   56
3   49   29
37   47   29
38   7   7
51   32   6
33   62   59
33   23   5
7   3   63
23   20   63
33   58   56
36   11   2
40   26   43
7   21   2
50   20   22
23   15   1
1   10   12
47   52   41
27   21   2
35   49   25
37   30   9
22   10   13
32   2   56
17   25   26
54   42   10
50   30   11
45   20   39
58   44   50
58   61   60
50   62   35
5   0   8
48   28   12
16   35   60
11   42   8
37   9   46
18   46   15
35   14   51
58   46   35
28   12   14
51   43   13
22   50   21
39   21   1
39   54   61
33   14   53
4   59   16
27   30   23
8   54   35
6   25   7
44   51   60
0   53   39
33   42   49
13   36   13
20   50   43
52   51   43
9   56   62
33   16   15
34   20   8
26   7   8
47   18   0
38   3   20
39   39   43
61   26   42
11   22   34
50   31   4
1   2   23
48   48   3
38   43   32
33   24   8
45   51   18
21   28   52
48   49   35
33   34   13
47   26   22
18   8   29
31   46   36
32   32   36
9   8   3
63   4   46
26   3   1
46   22   56
37   2   43
32   12   2
38   8   15
15   8   60
37   32   40
49   51   2
29   42   5
48   37   20
45   33   11
39   22   0
62   1   25
45   43   62
6   49   15
37   4   43
30   6   60
12   19   45
19   31   51
7   22   7
28   47   45
39   32   62
40   16   42
21   31   44
45   22   61
38   23   24
8   62   59
17   6   18
38   32   9
32   1   48
59   4   1
20   15   19
41   39   15
50   48   20
45   3   15
7   5   61
37   50   23
16   41   4
43   27   4
47   35   11
6   62   20
42   32   40
47   55   21
11   57   11
38   30   11
36   61   56
56   9   10
24   52   45
49   34   52
45   33   60
22   41   4
6   62   60
54   55   30
35   23   4
39   48   2
47   29   35
31   42   61
52   54   25
50   19   26
3   2   3
46   18   55
44   35   52
50   10   44
30   11   60
38   34   20
52   28   51
54   39   13
36   2   37
14   19   26
6   21   15
49   32   37
14   36   22
14   52   19
60   55   14
35   22   0
14   57   7
43   26   45
39   50   19
26   31   54
37   57   45
14   32   18
33   19   0
28   29   25
37   61   2
11   24   31
6   45   17
6   26   9
57   62   63
4   54   19
32   17   53
26   30   61
23   24   62
29   7   4
33   32   29
33   33   22
7   30   6
14   48   11
10   58   3
42   43   0
6   53   23
41   0   21
63   61   1
53   25   51
27   25   63
46   33   7
12   38   54
7   14   59
49   41   17
25   29   16
13   28   57
46   17   60
13   25   9
28   53   22
47   23   25
57   4   29
30   2   2
48   25   18
41   16   19
49   48   21
22   52   50
21   24   44
45   21   54
26   15   52
42   41   40
33   7   54
22   32   21
47   8   53
48   32   24
41   35   49
38   39   13
46   27   37
46   4   38
30   27   47
32   19   52
26   63   3
51   23   32
51   41   11
17   31   41
2   0   34
53   33   61
27   23   29
14   60   13
22   31   21
2   2   23
41   45   1
18   37   12
6   56   27
44   23   54
47   50   29
2   61   35
29   62   63
51   38   8
60   32   2
5   9   8
7   29   6
45   41   37
45   4   18
5   19   34
38   11   1
15   19   39
46   30   11
49   58   24
4   62   12
62   29   15
22   58   28
50   20   8
55   22   39
31   14   38
48   3   19
48   61   5
41   46   18
3   8   0
29   8   16
25   47   61
48   29   28
8   52   11
60   8   27
42   53   23
49   35   56
33   18   31
35   18   51
63   9   25
44   62   17
7   23   7
26   13   11
18   33   24
28   32   25
35   8   3
33   39   21
14   34   20
52   53   27
4   46   2
26   29   63
2   58   7
32   4   43
16   18   55
20   23   26
51   40   3
58   49   28
18   26   19
17   34   37
45   30   14
0   61   39
47   11   54
30   58   0
20   13   27
22   34   1
41   44   23
13   34   6
18   43   15
26   28   62
33   57   49
3   37   7
3   62   28
30   42   30
49   4   36
45   54   54
6   50   19
50   46   13
39   43   9
54   11   15
6   0   30
48   22   16
38   24   12
63   16   21
63   34   8
10   6   11
29   63   57
8   59   27
40   22   42
52   50   22
10   19   24
31   62   8
43   1   44
31   48   43
45   28   13
62   23   18
0   22   48
23   3   7
33   18   0
50   32   39
4   10   13
8   51   7
25   3   10
48   39   7
44   26   19
51   51   5
9   46   3
34   32   48
37   63   51
1   62   14
44   21   22
53   34   31
50   26   58
11   57   35
26   54   49
24   16   51
39   36   10
9   55   35
27   3   46
59   54   26
54   34   4
47   14   14
19   21   42
27   17   0
1   57   60
16   19   25
26   8   15
4   7   9
52   26   19
28   58   3
18   42   17
31   23   38
3   56   20
10   25   42
10   55   55
49   55   20
39   35   60
34   21   49
4   48   7
19   52   17
41   34   44
13   46   28
39   60   60
38   29   7
57   46   34
35   47   23
10   61   16
16   17   25
5   9   39
54   40   10
34   12   52
8   42   22
22   35   0
47   3   11
21   54   40
47   46   33
8   2   23
37   2   4
49   33   24
4   61   18
1   7   9
51   1   42
33   26   7
45   34   29
21   26   44
48   46   50
61   25   22
22   29   27
9   62   62
39   40   2
33   30   28
51   58   50
11   0   6
33   41   16
11   39   37
12   27   46
62   21   25
50   1   35
24   46   30
41   21   23
47   43   32
8   38   56
52   49   45
49   28   10
13   20   14
35   34   16
41   48   26
37   61   42
45   29   10
38   17   8
45   23   45
50   27   3
44   61   40
50   18   30
60   48   2
42   39   39
58   41   35
10   62   60
18   35   17
27   32   23
48   22   58
11   49   11
20   13   56
63   62   59
50   0   36
46   37   20
42   24   54
4   62   33
56   0   10
47   21   60
49   32   19
51   51   42
9   13   5
45   52   12
54   53   31
57   55   27
13   31   5
38   2   15
37   26   29
56   20   19
41   14   57
42   13   36
31   28   37
43   26   62
44   30   32
4   3   14
62   61   17
25   60   26
4   51   11
8   13   48
43   35   7
46   21   3
63   36   60
16   55   48
38   18   7
52   46   54
37   18   58
0   26   48
13   33   14
43   19   42
46   34   36
48   20   38
49   33   10
26   37   36
32   41   57
44   49   0
38   41   48
36   39   14
17   15   54
14   12   60
48   0   10
9   61   5
38   14   48
15   21   38
0   55   39
44   18   29
45   38   33
30   4   57
47   26   60
18   5   32
17   27   26
59   46   47
30   36   32
53   25   39
44   35   6
6   51   14
62   45   0
21   16   47
24   40   34
35   11   1
29   47   7
23   54   18
33   20   12
4   56   17
51   43   63
4   0   16
63   0   45
14   15   54
44   38   30
6   48   20
24   27   34
35   3   9
45   23   28
22   47   24
27   3   9
53   58   27
47   19   10
60   40   4
14   14   59
20   16   33
33   32   14
41   30   10
46   24   11
20   20   30
44   23   20
48   44   11
8   58   26
24   30   25
8   47   19
10   27   10
15   32   12
14   15   40
16   20   60
39   37   0
42   40   2
9   3   5
47   15   2
21   63   38
48   35   45
41   26   30
35   2   11
22   29   60
53   30   29
36   60   49
2   57   52
63   7   12
13   54   58
52   42   5
8   3   25
47   34   30
51   59   46
54   35   4
41   26   7
43   45   11
36   3   5
33   2   58
40   17   3
2   55   43
2   61   2
53   23   54
26   11   8
31   39   46
6   13   54
50   24   28
39   36   37
27   37   7
53   62   29
11   53   11
41   17   28
25   42   62
61   4   63
11   35   39
45   38   61
8   59   3
45   63   12
42   37   41
12   36   57
45   48   33
37   43   1
33   10   52
20   25   20
48   42   23
41   14   20
24   9   46
50   51   58
14   31   13
22   46   29
49   22   27
34   8   13
43   24   44
48   23   15
61   33   16
38   27   51
39   53   5
19   22   17
47   63   17
50   31   33
44   28   60
42   38   36
62   16   21
38   63   20
36   35   49
45   34   42
39   51   8
13   13   53
10   18   48
50   43   10
4   2   14
17   32   36
36   0   61
28   12   60
37   27   6
23   16   10
43   25   2
33   34   26
8   45   4
44   40   3
45   46   17
52   5   57
32   32   53
46   28   12
13   18   52
48   41   38
20   12   63
25   55   24
20   56   48
49   59   4
20   14   62
25   38   9
6   59   2
38   21   17
33   52   48
25   7   14
25   21   41
37   52   27
46   36   6
6   27   14
53   59   25
53   8   53
38   35   53
61   38   10
26   62   61
63   10   44
13   8   37
8   56   22
58   48   24
63   40   4
45   23   14
16   25   63
41   8   18
23   16   38
39   14   54
3   55   24
4   11   58
3   58   26
49   35   43
20   4   52
18   58   17
33   12   1
22   35   41
17   26   26
31   59   7
25   59   14
50   55   60
7   16   63
50   25   34
42   54   23
20   16   46
27   21   19
20   31   40
19   18   45
22   21   32
32   10   57
37   12   56
59   5   63
37   60   52
6   34   15
38   41   6
57   59   26
26   59   30
10   59   13
28   49   18
48   41   14
36   13   6
52   29   1
41   41   5
33   44   53
42   14   33
8   55   30
45   24   53
35   0   14
31   24   30
31   29   38
15   14   2
31   53   3
13   39   21
49   24   22
33   41   52
62   10   26
41   34   10
10   25   61
44   19   62
53   27   48
41   32   56
41   29   6
30   63   5
22   38   18
32   24   3
3   34   23
25   41   62
9   63   31
36   32   15
63   39   62
51   35   11
33   45   20
56   58   36
31   57   26
32   24   40
38   61   15
34   30   47
28   47   61
30   33   24
61   21   24
7   2   63
0   30   54
16   11   63
8   48   14
6   55   22
31   51   7
37   29   6
22   24   19
17   13   58
49   54   21
40   18   57
38   27   10
39   59   12
54   10   15
48   2   30
22   37   19
56   14   14
2   58   27
1   61   16
36   18   13
22   22   2
43   2   35
20   13   4
47   38   1
48   25   61
52   11   37
61   19   35
18   40   4
55   29   44
30   27   34
18   55   46
52   35   12
42   35   46
61   57   54
48   21   54
49   50   19
51   61   57
36   1   3
13   38   16
6   39   53
6   59   23
58   43   24
45   17   2
62   17   30
23   14   6
9   62   31
58   21   29
59   62   3
56   44   14
36   63   49
21   20   8
39   41   35
33   16   42
14   56   18
52   45   41
52   55   30
9   4   5
38   62   2
51   49   44
30   0   1
47   13   19
18   40   40
18   40   20
43   43   11
47   51   26
32   39   53
10   32   33
7   6   42
62   5   8
52   24   20
45   37   44
41   62   0
11   52   34
33   28   22
16   19   10
42   22   56
33   24   25
43   32   3
42   27   54
50   17   25
46   26   24
53   3   13
17   23   21
36   56   10
17   37   4
51   42   14
56   42   18
43   30   13
22   37   7
22   17   11
31   52   4
61   62   56
47   36   2
33   26   29
1   51   4
51   51   19
54   51   13
17   36   5
11   19   34
61   55   12
15   28   28
50   30   28
52   30   27
38   4   15
8   52   36
21   46   15
38   15   19
44   23   42
28   2   11
24   14   2
12   37   0
26   4   4
25   37   12
2   1   26
50   14   28
38   25   5
47   17   61
46   48   40
39   39   11
60   5   62
48   27   41
38   26   24
46   8   35
1   14   7
23   16   53
45   26   10
13   15   48
11   34   39
53   22   39
15   17   40
3   38   14
43   21   63
46   16   4
3   57   26
54   15   11
2   61   19
9   7   4
47   41   29
48   62   29
10   17   14
27   29   59
58   23   20
41   3   20
0   5   55
46   45   43
54   9   14
33   19   23
3   46   18
61   32   14
11   55   34
33   29   15
13   5   50
20   21   40
36   56   56
0   63   47
60   37   4
37   62   54
8   7   7
44   36   11
23   28   1
41   24   27
39   34   52
12   34   20
42   30   31
16   46   3
17   12   62
24   20   3
29   59   59
44   24   53
48   35   24
9   56   16
44   62   41
33   60   53
37   36   8
49   29   22
51   44   48
41   33   24
27   23   7
29   38   15
38   35   13
50   29   15
53   57   16
41   27   53
41   4   20
9   57   35
58   25   29
43   62   42
10   49   5
8   9   2
12   33   22
46   6   42
16   18   23
53   44   44
34   17   11
62   30   17
14   45   21
47   22   2
37   48   42
31   25   35
17   34   58
46   15   3
50   34   29
60   57   54
43   33   62
48   63   21
50   6   41
20   54   25
18   23   23
11   25   36
28   59   61
11   32   34
17   22   27
41   23   27
52   23   41
30   58   52
5   14   7
27   16   6
38   43   13
30   7   55
13   27   15
36   27   44
48   14   57
54   43   14
38   63   63
35   7   57
45   61   38
18   9   31
30   35   26
45   24   11
31   35   46
23   9   7
18   58   4
44   27   53
44   24   11
38   38   25
42   28   46
32   0   3
38   19   15
63   57   62
45   28   40
50   24   8
24   29   55
45   55   17
29   12   8
30   60   0
8   10   3
51   36   16
16   21   24
49   60   54
16   28   51
33   27   26
44   41   4
39   61   12
13   26   15
41   24   55
30   59   3
55   24   24
42   8   61
44   27   40
28   8   17
13   19   45
62   3   8
24   17   1
47   28   62
2   51   1
5   2   4
50   23   55
15   27   27
47   33   17
21   17   4
44   34   1
61   36   58
45   25   62
28   17   3
27   24   25
27   26   27
22   51   52
18   31   50
0   51   9
3   50   17
37   53   56
44   26   62
50   41   11
33   48   44
63   27   12
18   59   11
35   50   24
25   18   38
41   36   13
41   21   52
35   12   9
4   60   23
45   61   17
43   22   44
27   6   53
34   13   12
50   4   41
44   49   35
31   34   51
10   28   7
24   29   27
13   40   32
4   50   12
14   46   16
39   56   62
62   19   26
0   43   19
58   18   26
38   60   2
51   17   25
22   36   6
