21   51   33
5   29   35
59   61   28
15   62   39
62   30   50
34   8   42
44   51   33
10   0   49
26   0   62
57   3   55
36   29   32
62   24   10
1   58   6
31   16   13
40   10   37
7   51   33
7   18   62
18   1   62
10   13   47
13   38   62
61   45   32
30   42   12
2   20   36
12   54   34
21   24   35
15   33   18
51   11   63
9   9   48
43   8   55
55   24   7
17   60   39
6   55   46
44   4   61
46   7   21
2   23   11
33   23   41
18   60   18
48   6   34
44   51   13
46   44   63
10   39   21
20   33   23
56   0   1
36   23   63
61   59   18
50   36   28
53   7   9
5   26   49
40   39   6
13   48   14
58   29   6
39   33   27
40   31   4
49   61   61
52   22   17
57   13   46
11   37   36
21   0   5
30   60   42
29   26   26
55   51   43
9   34   36
39   23   29
45   58   0
40   44   32
34   26   5
6   45   63
23   45   11
13   56   53
19   38   15
11   16   13
57   62   50
13   55   37
14   7   16
61   16   20
63   30   50
51   5   21
48   46   18
9   28   46
22   8   31
0   52   19
32   31   27
24   51   25
9   39   52
35   39   9
47   0   44
11   36   60
29   40   36
39   44   34
60   17   28
27   45   2
6   4   36
28   34   13
18   27   39
25   57   57
18   44   44
12   25   37
7   27   46
14   28   12
53   17   23
22   19   51
39   20   32
60   60   13
63   23   27
30   13   32
58   3   22
7   36   61
0   1   15
23   20   30
46   45   16
52   2   26
12   61   41
46   36   4
11   62   35
7   54   25
5   33   27
56   49   52
16   0   57
16   3   43
49   62   51
28   55   39
31   33   20
3   21   20
9   45   29
57   63   53
48   2   51
61   39   16
46   3   57
52   10   61
34   49   32
41   32   42
48   51   58
6   20   45
36   31   43
51   31   58
20   24   5
2   22   3
4   33   50
11   45   48
0   7   35
59   0   52
60   3   59
50   20   47
37   37   19
4   28   10
20   30   24
19   37   2
11   0   44
7   61   26
26   21   52
5   50   58
5   13   32
33   2   32
16   44   15
9   16   36
57   13   10
27   35   34
38   53   43
5   10   30
17   2   41
59   50   49
42   61   24
60   56   40
35   25   9
7   49   5
16   2   42
17   13   13
9   42   25
5   23   3
14   33   38
13   28   33
37   27   39
14   0   21
33   20   51
22   31   40
62   33   63
14   2   32
58   42   47
26   49   16
42   40   27
28   42   41
63   17   37
19   34   28
49   1   21
13   54   44
38   53   55
2   19   35
62   31   9
1   24   61
40   12   15
55   44   55
32   8   34
61   60   53
36   14   26
29   21   16
57   2   18
37   49   8
27   4   30
7   35   57
15   40   27
37   2   35
45   1   8
48   30   58
4   46   36
43   48   51
63   18   44
5   43   33
9   37   60
4   52   49
13   19   42
53   56   55
46   48   20
39   42   32
11   36   53
54   21   17
17   34   30
12   12   40
56   26   39
17   9   48
24   39   46
44   46   28
60   24   32
0   29   33
12   36   45
8   12   32
30   29   54
46   32   54
58   6   28
14   48   33
7   55   52
23   52   38
20   28   54
56   1   53
39   24   31
63   48   57
43   32   29
35   30   1
55   4   16
57   19   6
1   16   16
53   38   16
58   52   56
5   34   16
21   48   26
54   55   6
14   59   59
14   49   2
26   57   20
36   17   39
60   10   6
15   3   44
4   25   24
34   44   17
42   43   13
6   12   3
18   19   35
53   49   49
48   29   1
12   63   14
8   22   25
40   8   39
61   41   19
47   0   8
58   32   60
54   6   28
18   15   62
36   17   34
23   14   51
19   27   25
9   19   35
24   61   39
56   50   57
33   39   41
10   40   36
9   23   48
25   3   61
26   4   42
63   11   18
8   14   62
58   20   18
3   39   6
8   20   18
55   4   21
40   49   12
53   49   43
7   60   40
40   30   61
7   9   32
0   9   7
23   43   1
62   0   42
4   41   0
7   0   21
2   17   48
19   39   23
53   37   57
49   14   5
40   48   17
11   17   5
53   59   50
34   0   35
7   16   42
40   41   0
54   56   30
23   37   63
59   49   13
19   22   42
62   47   48
34   40   9
3   1   41
19   42   6
37   4   6
18   13   22
59   11   8
18   15   63
13   39   20
12   52   16
58   1   33
48   2   6
12   17   14
24   4   15
7   26   52
29   13   48
3   18   11
48   11   30
4   2   41
49   49   40
58   32   21
47   46   6
57   44   13
34   45   2
31   9   53
32   29   12
4   14   25
44   8   44
7   55   13
13   5   16
11   17   17
11   27   20
49   38   7
36   53   32
21   18   28
2   22   61
53   6   44
39   62   30
24   47   34
2   31   38
36   44   43
53   21   14
34   46   53
4   20   54
38   44   11
10   7   13
36   31   33
56   63   51
17   5   15
33   45   2
5   8   24
2   34   28
12   16   20
27   24   21
11   7   6
50   34   46
40   48   53
10   1   26
1   37   31
31   52   58
21   43   57
3   17   54
45   56   5
43   57   13
5   54   35
34   8   27
7   40   22
61   39   21
2   5   52
30   45   17
2   31   47
3   12   5
7   47   48
57   24   33
7   24   61
56   27   7
55   24   12
47   28   54
10   46   31
41   48   55
54   53   43
29   54   55
43   17   30
23   57   29
15   4   43
38   48   7
49   54   50
9   18   25
52   18   16
19   47   42
57   7   34
27   60   32
43   38   34
14   24   33
5   54   48
42   56   7
31   1   41
60   55   38
8   15   21
42   35   62
21   33   37
29   57   35
15   33   33
31   8   6
22   24   14
31   51   53
7   48   32
36   53   26
26   62   35
45   7   44
55   24   36
5   48   25
2   2   21
17   5   36
26   60   26
39   62   5
58   23   3
11   30   10
4   61   6
57   2   6
50   1   6
35   22   45
52   40   19
51   57   19
60   5   21
51   17   49
16   1   39
15   39   54
14   56   5
4   47   54
5   60   26
23   46   62
43   50   9
58   28   11
17   45   63
34   23   27
16   61   23
12   55   42
35   53   31
23   21   19
39   10   42
57   55   41
11   9   48
12   61   37
38   46   36
7   39   63
44   5   63
62   42   58
11   39   30
51   4   56
38   35   2
54   53   19
60   14   49
51   8   42
49   10   57
34   63   11
31   56   56
39   18   37
43   0   24
18   63   26
12   42   27
41   15   45
45   47   31
42   10   1
33   6   39
42   11   16
44   2   50
32   1   14
23   56   20
26   24   28
27   24   41
38   5   41
49   43   52
2   23   27
0   30   19
30   20   12
40   34   58
15   4   19
47   6   51
4   16   59
49   41   49
11   45   26
25   28   43
34   17   3
51   24   35
58   11   49
24   11   16
52   14   11
49   14   10
35   44   42
21   3   18
50   50   28
41   56   51
3   20   23
30   33   19
0   32   60
58   4   9
5   34   28
33   49   14
7   52   22
27   26   42
36   17   42
50   24   51
51   13   1
28   16   29
36   6   53
37   46   9
21   22   42
23   13   31
50   54   49
47   48   0
3   21   37
50   47   34
17   13   45
61   62   25
15   1   42
30   56   51
19   55   25
20   45   13
8   58   16
55   55   49
15   0   28
22   34   38
4   48   38
42   43   17
25   37   52
43   32   54
56   18   12
56   30   27
57   41   0
30   4   53
18   7   20
22   0   6
23   18   36
10   27   23
1   14   62
51   19   3
41   57   15
35   12   30
60   25   30
31   57   51
10   49   29
50   37   51
54   1   31
20   63   0
42   58   25
53   9   53
24   29   17
59   20   38
22   59   59
42   52   48
27   59   37
52   8   57
20   49   5
57   43   58
5   8   3
38   8   33
56   2   34
12   48   14
46   10   16
35   40   57
6   44   35
57   15   9
26   14   40
43   49   48
34   60   26
4   32   23
4   7   40
36   43   11
13   34   63
7   30   49
28   37   28
2   7   63
10   42   38
2   61   53
26   51   14
59   22   10
7   40   24
34   28   8
52   7   53
8   33   14
36   61   30
53   22   12
8   59   19
46   47   30
59   1   57
34   7   30
40   14   41
20   60   34
18   5   57
23   33   2
25   40   23
26   14   32
43   8   28
29   22   46
32   39   41
11   22   16
50   16   50
56   17   38
32   15   18
3   19   16
28   62   62
7   0   36
36   43   29
16   2   41
6   31   39
57   22   61
1   29   29
25   1   52
33   53   25
19   26   32
7   40   11
59   14   62
32   35   40
49   23   7
29   31   39
33   53   8
39   5   14
20   57   35
38   55   49
29   27   32
59   18   59
57   26   19
59   34   28
60   9   45
61   56   6
17   40   57
46   24   1
24   44   1
31   21   63
10   26   3
46   24   61
54   2   42
59   2   19
19   12   33
19   46   63
15   33   15
42   32   33
7   10   25
58   1   51
2   24   49
14   59   39
34   37   19
55   26   6
40   62   12
31   45   19
22   61   4
18   2   44
9   11   3
3   15   7
35   36   35
2   14   38
12   5   23
44   36   29
37   27   38
46   33   33
18   10   13
20   37   53
29   25   21
60   22   59
42   25   8
42   20   23
17   16   2
60   59   33
30   35   2
4   26   33
0   54   13
19   35   57
14   41   54
15   21   62
1   50   30
56   22   11
25   23   5
19   27   16
0   12   40
17   36   45
14   50   42
20   63   37
35   0   50
26   37   15
25   22   30
3   22   6
57   48   59
34   48   58
8   30   7
15   50   42
13   8   5
22   45   17
41   63   50
41   54   18
8   48   50
16   52   9
14   37   36
24   4   20
53   54   13
59   24   47
15   9   26
46   0   33
5   32   63
4   1   30
17   50   44
1   63   35
55   56   28
8   12   7
34   7   45
29   15   7
48   7   18
40   38   47
52   61   11
39   3   12
47   38   27
24   60   29
40   58   22
3   27   63
46   39   21
55   17   3
14   30   39
23   22   17
8   21   27
59   13   63
21   60   30
27   42   27
30   37   43
52   11   5
35   46   44
18   61   15
29   57   52
24   22   51
35   49   5
52   36   3
56   3   30
19   50   46
34   21   42
28   25   23
18   2   14
10   33   11
40   27   33
51   42   40
38   49   21
1   42   63
55   7   49
27   45   33
14   11   10
28   18   12
29   12   25
42   10   8
38   48   41
15   31   60
35   58   29
34   33   29
26   16   25
1   20   54
25   52   54
50   10   57
45   6   61
18   21   17
34   33   45
1   14   42
59   40   24
8   24   15
36   5   52
58   59   55
23   0   31
44   54   6
62   49   31
40   0   8
54   55   59
41   53   44
54   9   53
15   6   56
29   43   44
56   25   47
21   40   40
62   18   59
0   63   41
14   6   26
52   58   28
9   13   23
5   32   21
41   49   9
6   25   30
54   45   57
16   51   35
60   35   21
35   19   22
49   13   14
0   46   26
39   18   27
3   47   52
30   12   25
28   14   30
30   16   61
62   1   38
15   53   24
16   22   45
53   48   0
21   44   60
40   23   14
34   34   57
55   58   32
54   14   25
60   55   39
22   6   0
45   50   9
18   15   36
12   60   52
43   34   55
60   33   27
40   51   40
24   16   19
36   46   41
61   4   31
58   27   56
10   49   54
5   5   1
36   9   35
15   15   27
10   57   44
7   43   52
37   36   43
33   47   18
30   45   19
47   51   3
24   55   37
39   21   61
0   20   11
43   42   49
11   6   22
5   11   22
34   32   40
47   36   48
63   59   30
19   62   6
29   13   32
16   39   37
9   25   38
6   1   7
47   42   63
7   12   21
52   14   8
61   8   18
3   55   46
62   23   48
55   41   28
17   48   13
16   45   24
46   0   23
31   21   14
59   4   49
47   44   57
38   52   14
14   61   4
19   9   42
27   40   32
30   0   17
21   59   0
33   41   35
30   11   10
4   33   21
24   12   32
15   40   29
2   17   18
63   58   37
38   48   59
11   31   0
55   7   1
19   36   1
63   35   48
27   61   39
49   36   0
31   6   26
63   21   35
31   58   35
9   60   48
47   30   46
31   4   31
31   3   52
36   58   20
29   15   40
21   15   2
5   21   12
10   33   57
5   26   18
9   56   47
42   29   24
63   24   30
51   14   47
13   56   25
43   45   43
24   29   16
55   44   34
38   57   48
42   10   13
60   16   34
14   21   35
20   48   17
31   63   29
19   54   52
46   9   37
21   51   38
16   35   46
19   1   35
34   40   44
41   1   0
61   36   22
15   35   38
4   49   35
33   21   46
31   8   35
11   36   29
26   44   44
13   53   35
8   19   14
60   62   56
56   48   18
42   59   26
1   7   40
17   31   35
19   27   43
12   11   35
15   3   31
1   61   53
63   23   63
21   7   23
18   27   7
7   50   54
37   12   27
2   14   22
34   18   43
32   20   26
34   55   61
2   46   20
25   35   29
22   3   26
34   1   5
34   35   24
53   43   59
37   59   40
19   28   18
21   19   24
8   30   33
13   9   26
50   54   51
60   61   12
25   60   5
29   20   14
15   60   25
23   61   56
3   37   50
8   26   39
34   32   0
23   57   37
35   6   44
23   57   25
34   0   9
38   0   44
42   57   19
32   24   22
58   14   12
36   16   31
35   57   35
38   54   45
59   26   46
24   53   9
36   43   58
50   35   48
15   30   46
24   9   28
57   17   18
31   35   35
21   25   22
6   8   9
35   27   37
58   14   47
61   17   63
31   50   62
20   15   2
19   60   56
61   54   49
31   32   12
16   4   18
1   57   37
3   58   56
4   36   18
45   10   19
54   29   31
55   9   47
0   42   38
42   52   3
28   2   41
39   7   11
34   9   40
6   63   6
55   22   16
16   53   30
63   52   31
12   53   5
39   40   63
49   5   28
46   53   40
20   0   13
19   55   16
16   42   57
34   48   7
19   19   5
28   29   41
13   22   56
40   8   40
36   9   61
58   46   18
32   35   46
0   17   37
33   27   49
27   55   34
51   31   47
38   51   57
15   10   24
39   13   34
28   34   40
40   4   51
39   52   47
12   46   6
5   16   5
59   32   9
19   29   22
1   16   45
30   31   10
9   41   24
49   17   47
7   44   26
22   58   57
16   49   42
56   21   2
56   60   47
47   12   49
61   25   38
55   13   59
25   31   34
41   46   5
11   8   7
41   56   43
53   7   15
59   35   60
51   36   34
28   33   25
26   9   39
28   0   7
40   22   23
0   22   17
14   53   6
11   59   40
29   45   58
55   35   15
27   41   26
33   51   7
45   45   10
1   45   58
21   48   5
21   2   13
8   19   2
0   6   6
20   18   3
6   51   59
52   63   49
46   13   52
55   50   39
48   28   4
7   33   50
15   54   53
47   10   31
39   10   30
58   61   34
56   24   37
48   57   49
44   42   34
39   21   18
46   61   8
34   60   42
63   33   31
63   21   32
21   11   20
20   53   16
5   28   61
55   40   9
53   60   57
25   7   30
20   39   1
21   19   36
19   30   38
54   52   0
15   63   34
45   9   18
21   50   14
12   60   62
63   38   60
54   20   39
33   0   7
59   22   39
36   21   12
4   25   7
58   37   23
16   5   56
42   41   63
21   25   14
2   18   45
22   60   38
51   6   6
8   30   6
61   61   36
15   17   17
21   5   42
5   50   23
33   44   11
32   43   34
1   49   28
48   9   29
34   26   60
55   2   58
56   53   59
4   34   52
54   16   35
12   62   28
61   5   49
15   36   11
3   50   2
17   21   3
61   16   14
17   41   15
24   20   53
11   43   46
12   51   29
21   15   37
5   38   49
21   63   32
31   40   22
17   24   18
12   60   18
62   36   59
6   56   52
45   44   8
16   44   32
0   2   5
50   5   58
14   63   52
27   50   62
39   22   57
18   53   62
14   16   4
13   37   52
60   59   49
29   28   5
34   7   6
31   17   10
55   4   20
49   29   36
55   63   40
28   61   42
30   9   18
57   26   27
1   15   7
26   6   49
7   39   20
41   27   40
47   60   58
57   12   49
19   27   10
50   51   53
60   21   37
61   44   28
34   44   36
20   21   52
57   18   48
43   55   6
37   2   22
27   10   37
17   17   14
57   16   1
21   47   62
41   26   5
27   27   22
19   14   35
25   25   1
52   34   54
6   14   1
12   31   36
47   2   52
57   27   20
31   60   39
33   36   6
18   59   49
8   32   46
9   14   20
12   9   36
26   0   30
32   43   36
33   1   42
57   16   3
48   42   47
18   55   30
0   40   49
56   25   63
20   25   17
25   63   8
17   56   4
0   39   18
9   6   32
16   30   20
16   25   22
33   62   41
52   8   50
16   34   28
49   45   37
55   62   31
38   8   37
44   38   58
45   45   51
3   0   35
32   29   24
53   35   18
39   18   40
43   6   44
40   21   9
36   25   30
18   51   33
29   16   9
35   11   35
3   27   52
3   9   33
18   14   37
43   60   19
25   42   14
54   27   62
22   0   10
23   26   14
16   59   36
11   4   2
25   38   45
43   3   53
32   35   6
53   55   10
55   25   20
54   50   12
58   22   7
45   11   28
19   5   52
2   29   31
20   32   15
41   1   45
56   6   50
50   45   40
36   20   9
18   44   63
7   54   49
19   38   21
32   0   42
46   56   39
29   4   34
23   32   9
46   48   6
0   30   52
48   57   61
35   31   54
46   62   22
11   6   0
40   48   27
55   55   9
0   0   9
56   17   14
49   63   30
29   14   63
55   6   14
3   46   54
17   38   26
20   37   22
49   45   55
63   18   61
54   54   10
35   47   38
40   63   28
19   49   62
56   47   25
7   48   21
27   35   29
39   22   28
9   38   62
25   60   55
33   3   21
28   62   6
23   37   52
51   15   59
56   21   26
55   45   47
31   34   11
8   29   26
13   50   17
43   61   27
54   13   50
19   7   41
4   52   47
22   58   53
14   61   18
57   19   16
51   28   41
61   35   48
60   4   58
58   58   52
20   20   59
0   33   36
21   0   29
39   50   58
2   41   29
8   19   56
34   34   39
43   53   29
32   4   17
30   37   24
44   46   17
13   37   0
19   61   62
29   1   62
47   59   32
17   19   50
30   31   1
35   44   47
40   40   8
12   7   25
27   3   27
25   62   6
48   5   33
11   5   47
34   3   7
4   20   6
59   6   15
0   31   31
63   34   49
23   53   49
39   2   0
47   34   28
12   44   21
60   2   53
27   61   7
5   17   48
0   9   1
15   2   11
62   21   11
19   33   26
14   18   3
6   4   32
12   61   35
19   5   29
53   8   14
50   47   8
16   60   14
4   20   23
15   54   17
19   17   6
18   22   15
13   10   2
61   38   44
35   1   42
21   1   38
5   48   52
12   13   38
6   2   25
49   2   19
34   18   7
60   37   58
55   56   55
55   5   36
20   33   21
56   5   3
5   13   25
35   41   15
5   20   10
10   29   10
23   35   40
39   60   26
18   63   16
19   25   33
53   15   36
4   17   56
16   55   5
44   3   14
15   59   26
56   40   58
26   37   8
2   35   48
46   54   29
14   16   63
53   42   19
54   60   60
23   35   24
14   12   24
48   62   56
56   1   33
37   29   63
56   51   49
14   50   46
0   50   27
5   62   52
47   1   26
50   2   18
32   63   30
61   42   31
5   44   20
43   47   32
1   2   52
55   52   20
14   29   46
47   1   40
10   5   1
28   33   52
39   55   55
10   37   16
2   10   49
27   46   31
53   37   63
40   27   42
4   12   26
53   53   12
44   42   47
14   58   11
36   31   4
57   26   54
23   43   46
4   34   48
37   33   20
41   61   13
60   35   63
35   40   41
24   31   57
2   45   35
59   16   23
31   7   37
20   26   29
39   1   29
29   18   23
19   45   31
51   28   54
34   20   21
31   25   28
22   9   29
54   20   12
3   10   42
45   49   43
26   28   34
48   22   11
58   4   21
49   61   56
19   63   28
52   16   63
30   51   31
39   24   16
48   47   20
6   9   2
62   23   33
34   48   62
59   62   22
26   62   38
13   53   52
60   54   36
0   47   28
1   33   36
41   46   58
38   7   35
10   30   25
8   55   46
30   21   9
33   63   13
16   51   20
34   0   50
55   61   41
42   3   51
16   32   30
51   45   56
1   57   39
18   6   61
43   33   30
11   56   24
28   55   57
20   55   20
10   62   25
24   2   26
15   52   35
15   55   31
34   2   38
49   13   62
63   23   29
12   45   46
13   24   34
39   7   44
63   1   40
27   29   43
0   56   17
19   32   14
4   28   14
10   57   42
6   26   28
59   30   59
3   14   9
17   5   43
33   44   42
3   62   26
10   47   25
5   44   36
56   32   14
53   30   26
49   10   25
35   60   7
40   6   21
23   21   28
29   18   3
2   20   9
24   1   5
35   1   26
4   18   3
12   0   61
12   8   42
13   1   23
14   9   22
34   34   20
47   57   43
39   60   8
49   58   53
25   8   31
53   16   3
58   0   40
32   52   62
18   48   2
55   0   52
46   54   12
23   62   57
40   27   12
3   23   61
57   57   61
43   54   61
17   0   13
9   42   22
43   26   27
32   30   8
32   39   22
32   21   25
12   34   52
27   44   6
3   16   22
12   48   36
35   14   43
4   18   11
12   20   23
37   13   42
36   12   2
60   22   22
36   13   28
4   6   32
39   62   13
15   28   27
40   62   37
44   25   31
5   7   33
26   37   28
45   58   53
23   50   42
7   14   22
29   54   11
31   29   1
29   12   35
46   43   34
18   53   29
12   41   57
57   38   16
40   59   56
44   44   21
25   21   0
35   13   40
29   54   34
53   55   8
51   30   46
12   4   11
40   23   29
19   61   18
0   16   61
18   11   46
34   55   4
21   17   0
4   1   31
25   11   15
24   8   18
55   43   19
5   40   18
56   2   55
20   58   19
8   7   30
11   36   61
14   28   63
30   1   21
48   8   15
41   38   47
4   51   2
29   12   29
52   49   8
14   62   41
15   61   23
11   13   29
41   6   14
33   36   43
55   51   25
24   30   4
23   52   6
29   4   61
12   45   60
61   57   19
2   10   30
18   1   11
32   58   28
6   29   2
19   36   54
32   51   9
60   11   40
41   3   47
31   15   51
5   8   63
32   47   18
16   38   53
59   0   47
59   1   55
2   22   59
9   32   31
19   55   53
59   15   26
53   26   47
16   26   13
25   40   13
22   55   49
54   44   52
9   25   30
55   17   38
59   5   60
27   49   11
5   36   11
11   39   49
56   32   36
24   34   22
52   33   48
60   37   49
36   0   57
36   8   0
14   7   29
41   13   12
17   38   2
50   30   62
62   11   9
29   24   28
24   53   57
23   52   16
33   34   8
45   10   26
33   27   5
2   37   36
31   49   41
34   62   12
17   26   19
2   36   33
39   40   57
32   40   31
7   23   29
8   27   28
40   16   31
29   41   19
54   22   56
7   8   52
27   4   38
57   58   51
20   35   46
38   14   45
29   49   57
59   25   19
4   36   31
36   48   55
37   21   61
38   45   16
28   23   53
58   31   22
27   6   34
25   39   50
53   16   30
9   47   32
47   52   16
51   11   15
1   33   60
34   62   41
58   17   16
49   48   51
29   0   0
42   3   23
4   12   24
19   10   14
14   15   9
60   10   5
34   8   26
0   21   16
37   8   41
52   63   6
15   19   2
52   55   13
17   55   24
29   3   53
49   63   18
45   60   51
17   16   47
45   11   52
9   7   35
5   47   28
42   50   56
63   9   42
1   48   22
15   49   34
25   22   14
39   61   51
11   31   22
62   16   62
23   39   25
49   19   41
21   15   63
60   40   35
51   24   2
35   51   16
58   25   54
46   25   51
23   60   36
39   11   51
62   48   35
42   19   25
25   63   35
42   41   34
38   46   35
50   13   43
42   55   6
21   44   63
0   53   33
36   42   48
1   24   11
61   41   63
19   58   14
27   3   25
15   30   47
59   34   58
14   62   53
18   61   6
43   57   18
32   60   26
30   23   46
36   63   28
60   27   38
30   12   47
57   36   14
3   6   47
12   19   3
36   19   37
39   8   15
33   30   12
13   16   27
63   41   24
7   9   48
49   26   4
15   49   60
23   60   30
43   15   35
28   42   42
36   34   37
22   17   63
13   48   32
57   11   36
0   10   22
37   62   20
60   59   25
49   6   63
1   8   33
35   5   37
35   5   28
25   44   16
21   25   21
43   35   24
28   27   8
28   29   9
36   29   11
37   39   54
3   41   0
50   2   28
58   45   52
15   45   15
59   0   26
26   16   46
57   58   42
10   16   38
1   30   7
50   5   61
56   59   22
62   27   13
53   46   51
53   40   24
29   7   45
3   38   48
2   38   24
39   63   33
36   12   51
9   11   2
29   6   42
13   50   42
43   61   12
11   9   52
32   3   35
16   52   16
43   2   11
7   31   62
49   16   12
8   22   23
32   60   27
45   8   21
49   50   48
55   40   40
12   36   30
33   47   27
21   0   39
53   16   7
23   21   38
17   8   11
28   27   46
9   17   4
55   57   57
34   44   63
28   51   56
46   10   18
49   5   55
12   3   16
63   57   35
19   8   37
9   35   17
61   57   28
17   46   49
17   54   5
47   49   20
56   26   6
22   47   19
44   45   26
19   59   42
31   6   27
8   0   21
36   3   48
6   7   29
18   10   29
5   24   46
36   57   17
48   30   5
3   22   48
57   34   18
21   34   28
20   60   36
3   53   13
30   32   0
8   22   36
0   17   63
59   49   12
50   54   18
17   57   32
39   56   40
29   25   52
51   4   44
20   15   0
42   3   29
47   34   51
48   33   36
54   39   36
17   2   56
63   40   18
1   27   3
32   54   1
34   32   43
11   26   18
4   48   32
24   44   16
46   11   19
54   30   48
24   21   46
45   59   32
61   28   29
0   11   45
30   11   31
63   16   11
44   46   23
58   46   22
49   41   63
36   56   25
40   37   46
12   21   5
34   19   37
25   4   48
5   20   36
26   24   16
23   55   34
38   47   5
42   45   45
0   50   59
19   18   38
56   11   47
40   48   13
10   49   50
58   52   10
29   50   16
50   40   42
8   45   63
9   42   63
55   9   5
35   57   8
52   57   43
32   31   9
2   36   58
55   33   60
61   32   52
31   32   9
55   5   22
20   26   19
21   5   61
4   19   20
62   63   20
18   43   34
11   23   9
9   12   18
58   13   17
61   18   3
59   60   31
27   56   4
17   49   6
35   8   25
4   14   9
10   60   40
17   55   19
61   2   21
56   57   56
21   33   45
49   16   11
34   36   41
42   30   16
41   51   29
4   11   38
37   27   31
55   38   16
31   53   25
17   40   54
21   4   25
19   17   36
1   13   26
27   46   63
6   17   35
2   3   28
17   28   28
51   15   11
34   2   51
7   31   16
30   28   8
43   61   57
55   20   1
27   58   35
5   41   40
6   37   6
6   36   11
10   19   59
13   44   15
32   36   13
50   40   36
53   12   19
63   23   46
6   11   49
8   33   20
29   20   47
41   52   57
12   29   18
58   48   19
5   23   62
19   9   61
54   22   61
10   35   62
8   35   50
30   44   58
51   6   16
8   25   49
37   43   14
36   34   61
47   43   55
8   19   10
35   43   43
48   45   30
52   16   36
63   41   26
0   16   27
47   50   10
57   63   28
29   25   54
10   22   55
56   38   31
12   42   15
23   31   34
30   0   20
58   47   40
46   53   48
30   41   56
61   33   36
20   54   44
16   51   13
7   53   59
38   51   33
26   48   62
6   43   52
28   19   42
33   60   19
33   62   31
55   22   14
32   8   39
40   12   35
8   12   33
57   18   63
22   36   1
6   22   47
13   57   15
38   42   27
13   19   36
26   18   18
18   24   10
5   59   59
59   30   62
38   39   47
1   1   47
49   34   8
36   19   40
44   3   42
16   37   38
16   36   21
43   43   8
12   16   9
15   16   1
32   28   4
59   39   16
30   40   44
7   17   23
14   31   6
31   1   50
53   10   42
1   13   48
34   38   26
58   22   50
35   46   22
26   12   28
8   31   21
58   8   5
39   0   25
42   10   30
26   33   10
23   53   52
60   45   31
7   57   23
5   16   2
10   29   9
22   36   52
27   25   12
17   55   15
15   60   47
2   13   62
4   16   36
63   46   49
55   4   42
25   14   12
55   43   56
36   2   33
34   58   6
10   60   28
32   8   45
41   8   44
51   51   17
44   5   23
52   58   56
40   58   29
43   49   0
51   57   31
57   17   22
54   53   25
57   4   45
4   29   35
51   19   58
34   18   23
1   12   44
21   7   19
59   51   43
1   38   27
21   21   23
54   38   3
25   16   17
48   15   12
20   38   57
14   28   45
59   40   44
45   2   57
12   61   4
3   26   21
7   36   31
2   2   36
57   1   19
63   22   2
35   27   11
37   55   17
19   62   15
4   3   36
34   6   25
13   63   28
37   33   40
33   46   38
16   50   44
63   34   22
27   49   23
26   45   2
49   36   16
31   29   33
24   56   6
24   59   30
23   54   17
41   2   35
28   25   21
2   3   42
45   62   40
47   56   49
52   47   18
15   42   25
36   37   3
22   43   14
36   48   31
32   11   21
3   7   52
28   60   26
26   60   52
35   6   48
52   18   0
8   26   30
49   62   20
53   29   28
33   26   4
9   17   9
1   33   55
26   26   17
10   0   23
2   36   11
11   62   18
8   17   20
57   5   60
55   48   30
11   33   31
12   34   38
0   4   26
43   6   51
1   45   48
38   55   40
12   52   30
22   42   46
14   4   37
32   4   41
32   40   29
36   37   35
26   12   34
38   49   32
4   55   52
4   28   39
54   16   32
37   62   26
12   5   57
33   55   26
23   20   39
58   41   16
14   18   43
27   53   17
24   4   42
27   5   28
17   9   18
35   17   28
9   6   21
36   43   22
44   3   40
14   7   23
59   49   22
57   46   18
32   50   59
7   13   30
10   2   35
3   3   22
51   51   34
55   33   8
34   5   31
21   47   27
24   36   11
0   14   36
5   15   61
26   22   43
18   18   42
63   44   0
14   45   38
26   6   37
27   2   5
35   27   38
3   14   56
31   25   5
15   20   23
11   63   21
19   22   29
47   37   24
30   7   34
51   8   5
51   63   55
16   1   21
37   19   51
36   41   54
55   56   17
56   43   12
54   58   22
35   23   57
26   22   14
28   45   16
10   5   33
25   34   38
4   29   28
21   57   37
16   59   47
29   30   45
2   41   22
42   10   49
39   40   54
40   56   41
36   63   18
14   48   34
29   17   43
27   7   41
59   11   40
9   26   39
15   49   8
13   57   18
58   27   61
35   43   12
20   63   27
5   51   29
51   27   56
17   42   17
39   62   20
36   27   2
35   58   40
45   39   16
59   14   6
57   5   40
1   17   9
14   28   37
1   5   5
6   58   53
47   44   58
9   43   18
0   19   6
10   2   6
31   23   21
45   60   55
63   32   28
30   9   22
34   34   15
59   10   53
37   32   32
37   48   18
12   37   31
56   13   10
15   34   37
39   58   44
29   19   12
40   41   20
9   23   62
33   26   63
35   43   54
16   2   15
12   18   8
43   11   19
32   14   32
28   28   56
61   6   30
47   10   50
22   12   48
37   9   21
25   58   42
33   4   25
47   36   0
25   12   21
7   58   53
35   8   29
56   45   48
35   28   30
25   6   0
59   12   56
19   13   1
22   49   5
17   52   46
61   54   30
29   7   30
8   35   19
32   50   58
9   19   33
30   4   41
20   36   2
59   5   58
46   51   57
40   58   57
62   29   36
60   39   48
9   60   59
58   45   51
51   10   46
40   33   63
5   54   41
44   33   26
10   31   6
12   51   13
44   53   29
0   22   20
0   22   28
62   31   29
42   63   39
13   14   35
48   50   55
34   55   25
35   55   32
8   13   63
15   20   10
49   3   12
53   32   58
2   28   19
14   33   53
42   44   22
43   31   41
50   63   22
5   49   54
0   23   12
35   23   60
34   44   43
15   63   27
12   10   26
54   4   49
28   12   39
4   27   61
12   1   13
23   19   35
16   60   59
20   60   24
24   56   52
61   60   42
27   10   45
16   61   34
53   28   46
62   12   49
17   43   27
63   18   48
6   19   53
32   56   31
26   32   11
49   45   36
53   15   29
52   18   32
52   3   16
51   12   52
34   29   61
0   39   16
54   33   58
45   7   63
48   8   19
17   1   35
6   27   29
45   0   6
31   35   34
30   4   12
55   43   22
56   54   55
36   36   46
5   24   7
56   5   9
36   3   45
13   56   6
30   37   63
40   31   22
16   38   50
2   22   12
16   27   25
18   17   51
30   23   4
2   17   16
52   59   12
60   31   23
51   42   36
42   44   36
3   0   30
7   16   36
59   57   17
39   49   31
23   54   59
49   19   58
46   63   6
4   7   48
26   57   17
60   11   55
60   35   36
8   21   1
59   14   42
58   37   14
43   4   42
10   34   0
50   56   57
57   9   8
57   39   48
19   7   23
8   45   48
33   63   37
25   25   46
60   26   16
60   42   20
55   35   59
18   14   47
28   27   38
23   25   32
29   50   41
34   63   58
54   56   8
58   1   19
3   4   36
54   19   7
0   20   10
24   17   22
61   17   11
3   18   49
45   39   15
60   2   57
20   49   23
35   30   3
9   50   55
37   0   25
61   20   10
57   43   56
37   53   33
2   29   7
13   57   11
19   36   34
57   38   6
27   4   21
61   4   55
17   61   14
5   62   36
1   19   24
41   8   7
32   28   5
26   37   50
62   36   27
62   23   46
54   10   61
28   0   32
11   34   7
36   32   10
48   41   0
46   54   59
21   29   16
42   58   5
42   17   33
21   54   2
21   13   27
16   37   52
47   17   57
3   17   39
42   47   41
60   22   56
45   11   53
15   5   37
6   1   0
43   12   23
50   41   43
55   39   29
24   49   5
1   34   22
29   46   2
28   2   58
39   63   53
32   14   33
59   22   61
41   61   39
53   10   49
28   63   4
59   11   16
17   41   29
16   62   24
60   37   50
55   15   2
60   58   28
9   47   33
2   1   22
35   54   11
49   56   39
16   3   52
15   21   52
48   63   44
14   24   49
44   4   56
54   25   16
27   10   47
31   15   12
10   46   30
28   0   31
10   18   36
45   62   49
51   59   18
9   48   54
2   19   33
24   55   19
58   32   13
20   33   48
19   18   15
5   30   50
23   35   28
54   61   34
16   34   45
40   0   49
11   63   39
46   39   8
11   2   13
31   11   20
53   32   29
43   19   25
28   42   44
20   47   4
60   26   47
21   51   34
58   9   56
11   14   63
24   35   10
22   34   57
3   14   59
56   60   40
63   11   59
34   19   35
62   62   40
58   9   6
56   21   33
52   2   22
53   3   30
9   15   5
13   51   19
43   30   38
18   23   6
55   25   27
10   25   24
31   14   17
61   0   33
10   33   33
55   36   58
50   1   21
50   56   50
59   63   42
8   11   40
49   48   41
49   8   8
32   10   40
29   19   22
49   19   46
10   29   61
19   3   24
54   60   20
51   3   50
29   55   19
33   23   52
35   46   18
19   33   0
2   28   50
29   46   33
63   13   16
30   53   26
35   61   30
61   25   9
17   57   62
47   44   4
24   60   38
45   62   50
12   17   59
10   28   47
60   44   34
59   20   2
1   21   23
9   61   49
62   63   22
10   63   59
29   20   51
43   11   33
30   40   13
33   36   46
31   57   5
9   9   29
49   5   26
28   17   2
25   5   9
6   48   49
30   44   38
26   15   31
23   28   15
6   35   50
10   37   22
62   11   17
54   29   46
59   41   40
15   15   63
59   32   15
53   36   36
26   52   42
24   47   17
44   12   15
45   57   61
0   6   42
29   8   6
8   29   31
50   38   63
36   14   4
44   57   11
30   10   28
26   40   42
28   4   9
1   43   49
36   16   7
35   59   51
44   2   49
6   12   5
13   62   36
20   23   6
34   46   47
1   12   1
22   30   63
39   61   6
61   9   47
19   27   39
22   43   11
55   1   34
32   56   25
25   0   7
26   26   32
25   3   41
7   63   31
14   0   57
42   36   19
54   8   6
57   45   22
12   38   23
34   43   31
49   48   18
34   55   56
21   51   52
62   58   56
63   45   52
36   31   28
55   7   17
59   33   48
58   56   8
5   1   21
27   39   44
34   59   17
59   49   39
60   44   26
26   30   19
37   28   21
30   37   16
42   45   18
15   16   7
12   36   20
61   42   49
42   4   58
62   39   24
35   29   4
62   23   6
48   23   57
20   63   21
7   40   30
54   2   1
1   62   55
45   42   46
58   11   14
50   33   58
43   0   23
30   30   11
34   33   10
33   61   28
4   19   48
38   31   41
52   4   55
12   19   25
53   56   11
11   31   3
51   25   5
24   1   25
2   36   21
7   19   63
37   12   29
1   58   42
21   4   28
62   19   39
51   45   58
14   5   13
40   59   26
41   46   8
50   52   13
58   52   59
47   21   14
24   32   56
44   57   0
11   50   6
57   45   19
42   30   20
62   9   14
56   52   32
6   33   38
6   34   14
54   27   20
6   28   10
62   9   3
0   50   36
55   43   63
56   63   31
23   33   10
36   5   58
49   49   45
43   35   45
36   20   57
11   23   2
48   4   42
32   49   8
35   27   61
57   60   21
38   47   15
36   12   27
19   38   52
9   43   49
16   22   29
6   34   7
42   35   30
26   22   42
61   14   12
59   37   29
17   47   50
6   15   38
11   33   54
31   50   55
60   17   12
51   6   22
55   48   52
55   35   48
54   57   32
55   17   61
28   32   16
56   22   62
63   11   39
54   59   18
23   36   38
24   12   17
0   30   14
3   29   59
42   11   52
61   30   50
59   0   34
58   35   19
2   3   1
41   13   11
44   8   18
5   1   32
62   37   21
25   13   6
50   56   56
29   54   37
30   49   25
45   6   33
40   45   36
26   35   56
0   32   9
16   12   47
57   30   50
56   46   51
25   28   57
6   26   27
8   38   36
3   14   26
3   16   3
6   63   42
21   34   0
49   54   43
46   61   16
46   48   32
3   20   14
9   58   25
41   56   37
60   11   14
26   45   22
31   19   8
16   1   26
7   27   22
55   54   59
13   13   9
51   9   51
13   19   29
45   0   31
5   13   23
1   61   56
12   10   2
34   54   20
17   41   0
31   55   57
32   47   56
50   24   56
24   53   53
25   49   62
29   16   31
52   18   33
61   50   39
49   14   53
16   41   17
50   43   6
57   25   12
20   48   6
8   23   52
25   17   35
32   42   43
40   45   28
15   8   30
34   14   28
44   3   26
1   22   12
49   45   59
56   15   16
9   10   49
43   46   53
42   3   28
58   42   48
51   2   40
12   26   17
0   53   2
18   41   6
55   63   6
19   30   24
26   54   23
59   6   21
18   25   46
33   59   17
9   31   33
9   24   7
60   57   18
55   28   11
30   4   52
15   38   45
53   20   10
43   47   55
31   0   48
22   32   37
48   51   41
50   3   14
24   16   29
0   57   35
40   58   21
37   1   42
40   51   11
24   36   23
0   44   22
62   56   6
19   62   21
63   9   63
40   5   55
54   57   54
12   23   39
5   37   59
53   10   63
17   54   2
16   37   27
40   41   35
34   63   39
60   44   52
29   23   18
10   46   23
56   11   63
48   7   28
18   6   25
55   38   62
18   7   9
61   61   52
9   51   52
58   32   15
54   7   36
17   50   42
7   17   45
33   62   11
57   30   8
54   30   26
26   24   37
34   27   32
1   19   35
7   54   47
19   63   36
50   47   37
9   26   14
57   21   56
63   2   1
48   3   8
24   36   63
34   10   29
21   10   31
11   47   25
54   27   54
28   62   34
19   42   29
58   63   31
46   60   36
60   61   16
18   46   42
9   23   3
8   30   4
6   29   3
59   15   50
9   11   62
10   33   19
13   62   34
51   55   32
14   33   1
54   10   33
18   17   14
15   37   53
14   25   8
23   4   0
1   34   2
18   61   0
1   31   6
17   3   16
59   53   57
12   11   63
19   59   43
57   28   30
38   55   56
59   6   33
11   20   1
5   52   27
0   51   25
31   15   57
22   9   39
15   23   49
4   41   29
32   28   52
7   21   33
31   24   18
30   46   42
15   43   52
13   27   39
40   28   40
45   47   11
2   13   23
54   57   61
42   48   49
7   31   21
59   5   17
36   36   1
6   58   47
54   32   40
42   53   15
31   27   23
7   25   18
34   22   19
33   54   29
7   40   23
31   9   0
5   58   39
31   1   7
58   27   28
62   33   22
37   11   31
34   3   0
12   8   31
63   0   10
57   63   47
15   50   46
45   5   23
59   12   28
15   55   59
25   55   13
26   56   49
46   11   31
35   22   52
17   8   30
40   49   48
49   6   58
46   51   18
59   22   36
60   55   32
31   59   30
30   6   39
60   10   63
29   53   32
4   28   9
13   15   43
24   39   13
57   6   56
25   12   23
32   28   21
10   11   63
62   52   57
58   26   10
41   50   31
12   25   42
28   59   25
54   13   26
24   38   12
34   39   13
47   21   16
25   54   9
8   51   53
29   47   26
38   52   44
47   3   34
27   40   16
49   40   46
39   5   22
31   14   58
36   30   45
0   21   35
41   50   47
45   37   58
43   54   59
30   16   33
53   0   52
49   6   42
9   21   1
11   59   52
33   62   52
4   25   12
48   58   59
53   40   23
40   8   27
26   57   55
31   33   40
28   62   48
54   63   56
63   58   28
50   42   47
9   41   27
21   39   53
34   49   27
14   4   31
17   13   9
11   11   33
52   14   10
59   11   20
4   31   47
3   12   32
31   63   32
46   15   42
45   54   36
26   2   32
7   5   23
15   47   20
19   36   11
3   51   59
12   33   50
3   26   46
33   17   47
50   16   49
39   12   26
25   40   27
13   53   30
60   31   62
57   40   63
22   52   63
54   20   1
23   13   27
43   23   42
17   30   23
56   17   46
33   48   12
9   33   19
39   56   45
32   14   31
26   22   22
63   32   52
56   40   63
11   62   19
4   16   63
27   25   51
15   43   23
11   28   33
48   7   26
30   17   5
45   29   27
50   19   46
5   34   22
44   54   59
40   21   32
47   49   53
46   48   28
62   33   52
28   25   45
23   16   33
53   4   34
30   9   42
32   6   15
61   50   35
6   19   59
59   20   48
10   42   49
61   58   38
21   3   10
35   22   63
60   56   52
30   36   46
25   1   27
35   9   0
18   44   14
24   1   31
6   3   30
11   46   23
15   2   18
17   58   29
44   58   12
42   13   5
63   28   33
42   21   11
34   53   8
3   21   10
40   49   49
3   14   62
42   14   46
11   2   49
53   7   11
59   57   59
4   39   26
63   58   41
35   12   27
32   62   33
32   36   15
17   18   1
28   45   17
15   37   36
26   14   21
47   25   58
11   59   37
18   27   5
24   28   5
38   58   51
38   34   46
45   11   37
26   38   57
16   10   22
52   62   52
41   10   13
25   46   38
35   14   49
6   8   52
16   0   31
46   52   37
59   11   41
19   63   30
31   23   29
27   49   14
47   62   33
45   9   15
18   41   60
19   14   63
21   61   27
21   25   18
15   56   37
5   18   9
26   1   53
42   21   14
5   32   2
38   45   8
40   16   17
62   41   23
28   36   29
7   45   6
63   0   38
37   13   13
40   34   37
6   33   46
32   49   53
40   26   55
60   41   28
45   3   12
38   28   40
7   16   49
42   25   12
34   17   39
12   14   13
61   43   0
37   29   55
28   27   57
30   13   57
16   33   16
29   48   27
15   38   28
31   39   27
3   30   35
52   55   50
3   4   13
37   28   22
12   45   33
8   33   11
34   49   41
49   1   49
50   52   17
12   14   24
46   7   28
8   17   41
52   6   1
17   62   52
43   48   23
57   3   15
45   46   45
26   41   53
62   27   3
62   16   42
4   27   15
30   12   48
26   52   25
39   58   49
40   27   28
43   3   8
49   44   58
33   55   35
50   31   27
13   46   13
51   14   61
55   61   18
39   45   53
63   27   39
51   54   12
0   60   30
30   21   30
2   3   13
50   62   34
7   47   38
23   1   26
16   0   62
40   0   47
34   8   33
26   59   56
13   50   10
1   47   38
21   24   19
28   4   52
57   28   32
26   23   30
29   38   63
43   31   22
32   52   35
62   48   13
45   4   56
40   42   21
45   51   3
25   24   42
50   56   0
55   26   10
54   60   21
54   22   28
58   23   14
16   15   41
12   50   19
9   32   2
23   61   55
23   39   27
56   18   18
1   19   38
59   15   18
15   62   52
57   31   31
51   14   14
38   37   44
56   5   6
23   4   52
54   7   9
55   1   8
8   35   38
25   49   11
0   7   14
62   8   15
21   57   31
1   36   28
50   57   33
12   43   63
51   53   20
30   7   35
60   56   6
21   47   17
11   45   2
40   59   31
39   9   39
0   62   16
37   12   32
56   55   28
51   53   10
34   31   1
18   8   5
23   6   25
23   25   54
28   3   37
9   0   31
57   23   11
19   50   13
4   25   62
8   18   48
35   26   12
3   7   31
11   18   25
15   12   35
14   7   36
34   14   32
31   49   38
62   49   30
63   45   21
13   59   39
60   62   20
17   54   59
18   11   39
41   14   18
20   49   9
47   56   48
54   9   8
51   7   62
48   9   17
43   9   40
31   5   15
56   21   1
56   51   35
19   9   7
42   56   32
4   40   62
59   29   31
29   42   38
43   8   56
59   8   9
54   28   57
31   11   9
51   52   29
15   4   16
40   63   42
54   41   46
18   0   23
46   53   53
52   16   7
3   22   13
53   28   27
25   21   9
9   59   19
17   5   42
61   19   1
16   2   13
58   55   57
9   1   36
1   31   15
24   63   17
20   59   4
1   42   50
18   63   19
5   30   17
11   59   5
24   2   41
60   27   18
28   32   19
40   28   5
50   5   16
58   39   20
18   60   52
32   27   29
30   37   6
