54   5   49
14   6   61
10   40   33
28   26   40
17   2   55
17   29   47
52   25   63
48   62   43
44   18   35
21   35   56
53   54   37
47   50   20
18   14   36
28   10   43
18   22   36
10   42   57
12   3   62
60   43   61
35   4   19
22   2   6
41   23   56
28   48   3
52   8   47
55   26   63
17   11   40
31   3   18
27   2   3
38   0   49
5   35   5
52   15   25
47   4   10
2   56   6
27   45   46
24   55   55
11   19   48
9   19   40
11   15   44
29   63   5
47   46   5
44   13   60
52   47   27
16   57   31
46   57   48
45   33   15
3   2   31
51   51   19
33   45   34
48   21   54
21   43   47
4   20   30
7   59   48
11   32   56
13   62   36
22   3   48
58   37   46
54   34   45
38   36   47
52   34   42
44   16   61
7   47   16
20   44   8
39   47   40
22   0   12
56   49   39
59   6   58
0   20   53
48   20   42
56   14   46
51   47   5
45   36   48
24   38   35
48   48   7
27   6   39
4   19   53
22   5   49
44   28   37
10   42   6
5   63   62
30   62   40
31   33   51
50   38   22
62   0   26
43   34   26
54   26   23
56   50   30
23   38   43
10   22   56
0   50   38
13   53   34
4   29   42
27   53   6
59   22   27
42   34   14
49   48   36
11   42   33
37   18   32
27   63   15
61   45   21
48   23   48
8   26   41
22   41   56
6   59   16
22   53   39
17   50   12
26   39   18
20   53   8
43   36   56
8   47   11
47   51   34
56   20   56
10   47   18
10   48   41
0   22   57
14   22   45
1   45   3
36   4   27
47   50   41
56   18   55
20   24   16
43   51   12
18   59   10
5   22   56
16   41   22
44   17   52
56   3   3
60   25   4
45   7   1
20   6   41
42   26   35
13   24   8
43   18   11
3   53   44
17   20   19
22   20   20
13   35   36
47   1   20
54   18   24
49   61   15
29   16   11
28   2   12
55   33   44
45   36   40
63   4   55
59   20   50
6   63   14
33   29   53
63   63   28
16   41   7
0   47   19
20   33   46
26   10   27
44   33   32
54   4   9
40   50   54
23   3   16
39   50   52
1   40   63
43   53   10
45   33   43
6   28   23
20   43   3
35   56   9
10   42   29
22   40   12
8   38   9
49   44   37
35   53   10
6   14   10
28   56   54
35   18   34
10   42   21
50   50   14
3   43   21
51   38   19
41   18   57
1   0   25
58   23   0
19   2   54
13   17   30
5   5   16
3   22   55
25   39   20
33   23   10
24   23   10
41   7   6
3   49   29
2   57   32
8   35   48
6   15   49
10   0   23
39   55   30
45   1   3
14   51   29
38   8   34
0   53   34
54   45   8
61   55   19
45   62   63
24   54   1
13   22   22
5   41   59
22   44   31
6   40   32
10   35   14
40   0   56
19   50   7
15   52   23
33   31   61
38   29   45
19   1   30
17   30   34
6   46   47
35   37   53
59   17   50
38   1   15
30   48   55
37   55   28
42   55   36
62   24   28
13   31   33
36   55   28
45   5   41
38   2   16
57   42   20
15   25   60
24   24   18
34   52   49
27   37   8
39   50   61
42   45   48
30   46   1
31   20   57
62   30   42
46   1   21
7   32   27
2   40   34
40   33   32
58   62   22
13   23   22
41   55   28
39   63   12
45   5   4
31   22   35
17   36   31
22   27   33
49   34   52
46   50   17
53   19   46
43   49   6
49   47   39
2   24   26
24   52   7
24   27   47
47   14   30
9   44   62
34   15   43
16   31   57
4   43   0
55   31   53
60   63   56
11   58   3
15   6   17
31   24   42
5   45   19
10   47   1
41   37   44
39   39   26
44   28   54
32   34   11
44   24   9
30   0   46
4   52   14
41   1   28
28   23   15
14   24   6
3   27   59
8   59   60
9   54   15
37   62   53
44   61   23
1   19   42
38   54   50
53   0   15
63   55   21
0   19   48
48   17   53
51   28   37
19   23   34
1   47   16
3   42   17
6   40   42
53   11   25
49   29   6
38   1   23
47   33   48
27   36   23
8   39   10
42   28   37
17   0   37
14   43   2
3   40   35
33   51   2
34   58   57
11   25   59
37   44   30
24   44   39
23   52   14
13   48   22
4   39   12
24   49   4
56   36   31
3   28   22
45   12   1
3   25   53
40   41   24
61   16   35
16   5   40
1   53   52
49   61   46
18   2   26
52   50   39
19   5   35
24   0   15
44   46   12
33   58   57
14   32   52
7   39   56
45   28   58
9   43   48
1   33   49
43   43   26
53   61   9
31   55   47
46   18   58
2   54   14
8   58   50
50   51   18
16   25   15
27   60   34
34   17   39
27   63   40
43   49   41
15   2   54
4   42   50
27   1   44
40   16   54
41   20   38
8   49   6
52   2   43
9   25   47
11   62   48
40   51   58
18   13   31
54   0   38
16   53   7
45   3   16
21   2   32
20   1   25
16   1   30
20   59   14
11   53   32
1   60   40
23   13   11
3   6   60
1   34   44
59   37   36
60   10   42
58   22   25
38   53   16
56   50   20
42   42   18
25   28   31
63   42   46
25   39   11
15   62   33
31   9   30
0   50   28
1   52   11
48   31   4
35   46   4
45   18   35
60   24   51
45   10   19
29   23   12
24   58   51
57   12   38
41   62   2
54   52   38
17   1   31
46   42   23
40   19   52
47   30   55
14   57   63
25   37   2
10   25   56
9   15   45
44   48   9
45   0   50
25   47   1
2   10   9
56   19   46
34   3   42
28   48   12
53   37   36
25   27   51
40   52   36
23   24   0
31   45   28
35   28   58
56   26   52
21   54   3
57   33   35
38   60   12
2   49   48
24   43   45
1   6   56
47   40   43
17   59   10
26   2   3
4   55   31
0   19   56
43   40   40
9   61   16
17   46   42
51   56   7
8   19   56
48   49   50
47   55   9
28   59   4
46   8   48
24   29   47
36   54   26
46   59   13
52   14   52
63   5   55
53   52   17
29   52   34
21   23   22
9   58   56
5   31   41
6   0   29
13   25   60
31   18   39
49   2   42
62   56   8
27   15   23
33   20   4
39   33   8
0   34   44
51   33   44
23   40   49
54   14   50
26   34   59
63   34   43
56   34   43
58   50   21
19   5   8
25   45   63
60   40   14
54   47   38
6   57   55
58   50   32
48   46   28
29   26   34
38   6   7
8   32   56
47   4   48
44   60   25
20   42   49
20   27   29
5   36   57
43   18   56
42   33   3
32   49   12
53   26   61
58   46   44
23   5   38
25   32   44
26   44   3
4   46   48
12   56   29
33   62   62
3   39   57
48   4   49
20   55   58
26   3   57
55   61   6
37   53   47
12   30   56
37   28   36
62   39   39
43   11   43
8   29   48
48   51   50
56   44   5
49   36   49
61   40   43
51   23   20
26   47   0
24   19   60
7   54   37
39   2   17
43   14   46
0   8   61
22   40   47
55   41   2
29   26   42
56   48   21
62   40   11
3   36   48
53   47   37
14   42   18
28   44   15
44   34   25
49   31   5
32   48   6
22   63   13
44   3   25
27   0   46
57   49   19
30   32   44
42   8   44
45   33   3
12   45   0
9   53   19
27   56   57
2   23   37
34   10   2
11   41   58
12   0   25
28   27   54
1   10   50
22   40   55
47   47   35
32   32   42
20   39   39
1   60   12
52   22   46
48   20   56
53   17   57
58   40   18
58   9   46
30   4   17
21   23   32
45   63   52
41   52   32
28   43   47
30   0   20
50   50   33
58   10   39
0   62   22
32   9   33
13   20   26
59   49   33
20   43   19
23   63   39
50   16   52
43   1   28
50   45   8
45   39   44
63   40   53
1   3   17
55   1   26
43   44   17
60   36   26
50   2   4
0   27   18
54   1   63
48   53   53
7   45   4
39   28   62
17   25   24
11   8   33
36   10   18
9   16   12
63   20   33
28   32   43
0   10   6
29   20   10
38   54   29
15   39   9
41   36   54
5   42   58
50   42   18
61   47   20
4   47   14
0   60   45
60   26   55
48   17   63
52   50   13
1   40   38
60   20   54
53   23   33
45   20   41
63   52   24
37   1   56
36   51   6
2   63   47
57   47   21
52   21   46
37   14   44
13   41   19
34   16   53
44   43   34
39   40   45
14   43   21
60   22   48
38   26   45
22   44   2
22   54   4
20   30   10
1   24   6
40   29   62
8   39   59
5   51   27
61   41   42
2   46   12
51   18   57
12   40   30
34   13   13
26   62   40
33   44   5
24   1   37
43   2   21
52   58   6
52   31   57
54   25   63
14   40   12
17   41   5
14   56   4
10   19   48
32   0   19
9   40   61
62   21   53
3   0   22
33   63   37
32   62   58
6   48   4
23   58   41
31   0   40
44   52   5
40   44   37
53   37   44
46   30   49
51   0   38
1   32   61
2   39   53
34   48   7
30   23   12
46   50   33
51   13   12
9   46   62
11   46   57
20   57   52
46   62   15
24   6   41
49   44   11
4   44   8
28   0   45
51   54   51
39   42   21
50   17   28
34   53   12
3   53   23
3   46   18
37   49   60
45   39   54
61   12   38
54   24   44
21   41   47
38   2   45
54   29   27
59   35   12
2   46   46
25   42   13
10   43   10
18   24   46
6   35   13
62   22   57
16   48   3
6   31   47
59   44   33
59   35   48
9   22   50
32   2   53
18   23   25
48   22   60
52   38   15
42   14   37
63   42   4
25   41   9
19   14   46
11   47   3
51   46   33
40   33   9
57   49   30
19   38   50
50   11   39
10   19   30
19   35   51
61   26   17
14   57   17
11   57   30
50   5   37
35   8   34
53   33   33
41   54   19
22   57   24
19   59   14
23   52   6
4   47   4
27   46   8
28   44   49
40   54   19
43   43   34
50   60   22
52   31   31
17   62   34
43   41   60
39   1   30
28   34   1
43   54   47
9   6   52
38   44   30
42   51   12
41   33   43
37   36   44
52   57   5
27   63   32
30   44   31
38   51   8
43   45   47
33   30   25
1   42   41
49   7   14
24   29   60
29   10   49
44   20   54
27   37   44
46   56   13
6   39   22
22   35   48
38   59   24
14   21   35
50   59   40
46   63   16
13   26   60
8   44   57
10   62   30
56   11   38
41   45   45
41   63   13
47   51   55
21   1   33
51   56   50
14   53   9
44   33   5
13   33   22
43   21   55
50   2   45
26   22   30
52   10   13
40   53   10
58   44   1
14   50   1
39   60   19
8   40   63
37   23   33
13   44   2
33   55   32
23   42   26
39   61   30
21   30   31
39   30   34
39   0   50
13   6   62
39   43   28
43   40   62
50   55   60
14   4   57
47   23   21
45   2   43
7   39   3
51   60   37
49   13   32
4   48   2
42   16   28
34   63   41
1   39   2
28   58   5
53   53   52
1   35   9
45   12   14
37   20   54
29   2   7
16   2   35
41   62   14
51   25   58
18   48   16
27   26   39
17   13   31
63   48   11
43   42   48
28   62   36
38   7   5
32   12   43
38   13   38
29   62   44
28   2   4
34   21   4
2   27   58
19   52   20
1   41   24
4   35   53
49   2   6
50   48   7
16   11   37
13   6   46
40   59   27
33   46   3
28   53   6
36   40   32
39   40   37
40   40   37
20   63   22
18   41   41
38   51   60
54   52   13
52   20   7
28   21   25
7   49   21
43   36   44
40   43   30
18   40   8
16   45   62
6   46   1
32   44   29
25   63   19
51   2   6
1   53   27
32   2   20
24   42   21
61   0   2
15   52   13
18   24   12
13   58   7
33   13   9
52   30   49
63   60   32
25   1   47
2   28   61
17   24   18
61   54   17
53   45   6
28   55   56
63   45   16
47   62   43
23   21   20
45   6   20
12   1   55
10   48   32
15   57   21
6   34   23
0   41   63
14   23   25
20   40   11
10   39   58
43   16   33
50   51   9
31   49   9
56   21   53
40   62   1
46   47   31
26   2   53
3   62   36
40   11   41
41   52   3
16   52   21
26   1   45
48   8   50
4   49   21
13   3   62
30   37   53
19   28   40
45   18   20
26   3   19
45   45   1
22   1   46
35   61   26
46   7   2
62   48   10
28   63   4
48   3   34
1   50   13
38   10   54
1   63   42
52   1   4
25   13   13
10   50   33
30   1   54
55   61   49
12   22   50
9   3   58
41   55   18
52   25   20
54   56   6
41   56   8
28   17   28
5   53   58
60   34   40
32   26   32
41   19   50
56   40   45
42   7   22
22   35   57
21   39   13
40   58   28
0   25   55
32   49   39
35   23   26
6   42   21
48   6   51
52   11   44
15   50   9
21   11   32
35   42   18
50   57   49
58   34   36
22   35   7
9   40   27
26   2   12
41   27   33
35   3   42
5   46   62
39   7   57
22   23   31
21   42   52
28   6   43
47   60   21
26   29   59
17   42   21
48   48   53
9   8   18
24   63   35
15   42   27
43   27   34
6   33   47
18   45   39
22   3   14
44   14   46
59   30   51
7   38   48
43   50   52
39   8   37
8   18   2
12   40   14
40   14   36
39   13   61
15   32   22
49   15   43
52   5   22
38   57   24
45   47   60
0   44   9
40   36   43
27   23   15
53   15   48
31   19   38
7   35   55
1   27   14
11   6   25
39   47   55
24   4   12
38   53   27
23   26   7
36   4   19
34   0   42
30   52   35
52   14   39
11   37   35
45   47   34
31   23   10
53   46   37
63   4   63
41   28   3
6   43   39
10   2   38
12   53   12
29   52   24
34   48   53
63   35   6
51   4   0
34   15   7
3   10   58
52   4   13
0   42   9
35   62   1
52   52   41
60   51   0
45   8   42
55   39   29
52   47   36
47   27   34
22   47   2
3   35   53
22   12   17
12   45   56
16   1   3
25   26   7
45   4   23
32   19   38
1   2   30
29   17   2
26   34   20
2   36   58
26   51   40
26   37   3
63   47   20
60   49   34
57   21   60
52   17   55
17   62   59
43   47   34
56   53   46
16   0   6
35   38   41
13   45   62
21   23   43
38   40   46
16   57   19
58   34   48
58   42   22
39   56   12
6   2   32
5   40   23
5   55   53
30   20   60
45   23   51
0   40   17
54   49   26
28   41   35
62   20   60
14   22   58
44   44   20
47   4   20
46   9   13
27   51   1
5   40   33
3   46   61
13   38   38
40   28   51
28   58   60
4   45   4
51   44   37
33   43   51
9   32   40
13   42   59
62   28   58
42   51   1
11   39   60
62   57   25
61   44   8
46   58   4
51   59   40
17   48   15
24   16   59
51   11   35
48   2   44
27   13   16
63   1   0
48   62   26
29   46   3
62   19   52
29   28   59
63   14   56
30   2   20
29   37   1
26   63   15
44   46   33
21   6   41
12   6   60
13   48   0
22   39   11
58   26   57
44   54   47
3   14   57
15   56   6
28   41   48
6   49   34
27   44   23
2   39   18
42   30   60
31   46   38
42   32   58
49   63   19
34   46   6
14   56   28
58   11   36
27   1   17
26   47   54
8   16   29
19   0   31
22   42   59
51   36   51
23   23   22
30   56   54
24   45   3
60   25   51
11   50   2
33   42   19
57   48   20
4   5   16
43   5   32
53   57   54
0   51   36
59   48   18
48   52   37
52   46   33
12   57   30
47   33   0
9   42   31
40   63   56
17   32   24
20   2   28
19   41   21
51   62   31
55   42   35
44   47   58
52   44   2
2   60   39
39   7   7
30   51   4
20   47   5
49   41   63
45   3   25
36   44   37
41   42   48
25   35   7
62   37   41
10   21   32
44   5   40
19   2   13
60   48   33
1   39   16
21   2   6
60   22   25
12   42   62
15   53   23
61   12   30
12   44   15
37   46   33
1   41   54
6   49   49
48   63   22
37   28   50
12   49   55
54   26   35
16   22   18
28   47   4
9   28   61
1   37   43
62   18   59
40   18   53
12   9   8
47   39   49
5   3   34
46   57   15
47   62   18
31   47   48
45   18   55
46   28   53
42   42   52
31   42   31
13   43   53
40   8   44
31   34   15
4   19   6
4   42   26
21   51   35
31   12   5
39   29   62
33   39   13
40   33   40
61   1   3
60   48   17
23   62   51
10   25   8
31   52   23
31   48   9
44   46   2
26   17   29
43   7   23
0   29   44
33   34   12
20   28   39
17   44   4
44   39   54
50   44   37
1   44   12
50   4   11
55   30   53
32   5   21
18   47   7
4   45   18
45   8   32
33   53   1
33   49   39
38   46   16
12   58   6
8   45   61
3   36   63
43   50   42
15   42   19
6   51   32
40   48   23
35   19   28
32   0   59
5   63   41
39   49   1
48   46   0
57   19   46
6   52   21
12   40   62
33   56   20
5   47   25
13   40   56
30   44   2
50   39   12
4   32   12
41   40   42
47   1   4
25   29   50
44   4   14
16   13   48
45   46   31
17   47   5
9   45   2
56   50   10
1   25   7
29   47   56
24   46   8
60   12   38
40   57   61
37   47   33
22   56   10
62   45   9
62   62   24
12   26   60
10   55   44
49   55   15
61   46   41
21   50   11
26   32   43
42   47   59
50   48   40
0   52   8
11   44   62
61   45   13
22   63   39
53   43   2
22   52   26
54   17   58
33   52   32
5   43   38
46   46   6
20   38   40
11   42   61
28   57   28
22   45   36
16   21   36
50   59   25
51   44   11
55   4   44
50   52   38
32   47   4
20   5   51
40   23   33
47   49   46
37   62   0
12   47   0
40   4   7
35   0   55
18   18   16
48   55   10
52   21   23
36   28   1
37   49   40
26   28   59
61   40   21
1   51   3
37   50   61
57   19   57
5   50   33
6   49   9
52   42   20
14   33   24
0   48   14
38   8   46
30   59   4
14   48   55
58   19   51
19   50   15
47   0   41
23   19   63
20   63   38
42   46   20
34   53   54
21   40   12
35   1   55
4   24   30
43   61   24
62   41   30
38   56   12
42   2   18
13   36   56
52   17   47
54   43   5
35   63   32
51   28   60
38   58   6
43   3   30
52   2   7
53   63   4
3   42   3
43   9   12
17   40   15
35   2   22
0   43   24
36   18   37
36   47   61
58   54   35
25   58   50
31   55   38
1   36   7
20   21   4
19   52   34
45   51   10
23   57   26
36   44   29
18   3   26
62   50   39
51   49   62
41   0   12
35   44   29
53   16   54
62   52   10
56   57   45
16   44   21
4   49   12
28   23   24
47   48   7
38   52   61
18   29   47
35   57   22
14   25   58
56   26   37
38   7   61
30   45   28
2   35   5
52   43   1
61   52   18
6   40   50
38   62   21
39   55   12
22   52   16
58   15   51
4   40   28
14   28   45
21   13   32
30   52   52
36   3   50
46   3   33
18   0   29
15   50   18
45   5   27
37   12   1
32   33   45
63   19   43
52   61   50
41   33   31
43   33   50
32   58   0
48   11   39
54   15   16
26   26   40
50   0   37
42   38   5
31   27   52
57   24   24
35   40   45
62   36   26
50   45   16
30   63   35
49   47   30
7   48   2
61   46   7
8   40   45
47   10   30
19   41   63
44   47   34
40   21   58
52   16   52
23   4   12
32   32   27
8   44   11
3   41   54
23   43   46
40   31   39
50   62   31
21   35   47
58   35   9
50   32   49
36   2   14
59   34   40
49   17   63
32   12   8
16   27   51
51   50   12
48   7   16
42   33   43
22   41   21
54   18   55
41   16   60
25   40   12
48   23   4
10   53   36
5   55   26
7   55   43
7   42   17
49   25   20
13   21   26
37   0   49
38   28   37
14   11   55
1   36   51
37   52   61
31   46   6
39   36   48
48   52   5
53   15   18
44   14   27
43   4   23
52   61   17
2   7   57
37   47   44
5   39   14
51   59   23
13   51   36
22   4   17
36   39   49
42   47   32
5   52   60
42   31   52
32   42   21
52   11   30
55   22   7
50   30   54
6   47   4
50   59   17
43   38   58
50   29   31
51   44   1
12   27   55
48   8   40
14   26   55
26   0   46
33   47   56
28   3   14
58   23   40
32   52   48
19   0   12
43   46   22
24   2   33
49   14   43
19   56   4
60   49   19
11   34   22
50   14   40
46   0   46
43   30   59
1   46   5
7   20   30
19   45   48
16   21   20
8   59   48
40   18   35
28   51   40
45   11   39
17   19   30
51   12   49
42   14   29
55   49   5
37   40   45
44   23   22
49   4   38
59   19   50
39   54   48
18   35   9
61   22   27
51   26   26
16   42   19
21   5   48
2   22   55
18   11   36
47   2   5
41   36   46
20   43   50
24   62   36
47   8   42
38   50   2
47   3   15
51   52   36
62   52   24
8   16   60
57   52   12
54   51   17
34   33   40
5   18   8
49   22   61
54   31   62
62   1   59
34   29   56
7   40   0
3   31   45
7   19   51
55   10   37
53   51   19
37   5   49
47   31   5
54   42   20
14   21   24
1   39   53
16   2   55
60   56   34
47   4   39
46   46   36
45   14   41
12   19   33
18   17   29
32   32   52
8   37   27
42   39   58
45   38   54
42   18   24
45   60   20
43   63   23
47   28   52
30   10   61
2   49   40
19   45   58
52   52   12
7   26   39
58   25   53
32   46   10
14   48   3
42   51   55
28   0   5
57   18   57
48   10   21
54   61   0
37   3   49
18   2   53
39   33   50
41   63   54
53   61   31
51   12   13
47   7   3
53   59   12
37   11   43
38   25   50
34   10   41
54   46   28
23   58   56
14   20   55
15   33   46
36   50   61
42   58   28
44   3   12
38   3   50
25   53   10
49   35   62
54   2   42
33   51   45
61   62   27
36   52   37
55   11   28
51   29   7
32   63   56
0   45   7
53   61   48
21   42   18
27   42   3
56   44   49
58   6   9
14   6   20
2   37   40
35   48   4
58   42   44
42   19   24
5   39   6
35   56   22
28   15   25
17   15   6
51   3   31
44   18   49
21   53   62
12   2   27
43   8   43
50   33   51
49   50   16
48   50   36
31   53   62
33   39   52
42   17   46
40   46   21
49   51   9
8   54   39
20   50   7
52   13   12
8   43   6
6   21   28
46   45   6
25   23   11
11   33   25
28   63   39
3   19   55
46   46   27
32   52   34
24   23   27
0   52   18
44   56   13
34   4   24
15   35   8
2   48   28
48   41   62
18   42   5
42   56   14
36   5   31
42   48   12
16   32   59
56   52   26
19   21   18
5   11   25
29   60   9
36   51   46
49   5   44
33   22   0
5   42   40
28   8   55
16   25   56
45   58   61
51   31   37
39   58   6
13   53   9
59   10   40
19   44   31
6   20   21
56   55   33
14   49   56
50   44   11
27   54   7
34   18   39
58   20   62
25   45   49
9   52   22
48   59   14
41   28   36
36   50   46
24   48   54
56   48   48
52   51   21
29   42   5
57   11   35
46   3   12
60   42   20
54   26   60
42   55   22
4   41   50
48   0   41
14   36   51
18   42   25
59   37   50
42   57   19
41   18   37
4   41   26
32   55   44
30   26   41
62   46   7
36   52   27
51   34   53
55   54   32
52   29   62
17   56   21
26   42   40
54   50   46
46   38   29
52   45   13
49   32   50
37   33   41
23   63   16
63   24   31
60   21   51
32   38   27
40   2   19
16   39   59
26   4   15
43   13   36
4   40   20
11   22   49
44   4   47
9   59   63
61   30   41
40   47   37
60   42   37
20   23   40
25   44   5
15   56   21
20   2   51
57   43   63
16   26   25
22   37   58
0   49   34
25   34   20
8   36   59
18   10   35
3   52   15
35   53   30
43   33   5
37   29   36
27   28   61
11   56   4
24   13   12
53   21   55
42   40   59
41   45   5
54   63   19
46   57   1
44   63   22
58   35   1
43   0   47
51   7   15
30   32   54
52   5   45
45   56   9
48   14   36
54   23   42
11   48   4
4   57   33
32   22   35
12   43   52
35   48   37
52   35   12
53   34   48
46   54   47
7   42   44
54   53   48
17   43   5
62   1   3
13   45   54
32   17   4
13   43   2
37   52   47
37   39   48
63   48   24
6   36   55
10   58   7
19   39   13
46   4   63
17   5   40
50   4   41
52   10   40
11   53   19
37   63   55
51   59   49
17   23   38
12   43   60
20   30   58
23   3   32
21   63   17
3   46   46
6   41   23
14   37   12
4   41   59
27   6   60
15   27   50
8   47   0
34   44   4
57   18   19
3   42   26
46   46   19
46   16   57
42   57   63
58   41   45
19   62   39
21   38   1
27   44   6
38   42   21
19   63   11
60   19   58
17   33   41
33   46   38
49   11   39
29   48   55
29   21   30
14   30   53
52   29   9
33   45   61
27   31   23
9   57   62
25   41   50
37   33   53
7   14   15
42   54   46
54   37   37
53   2   41
26   27   53
45   62   14
62   34   43
10   26   17
50   25   18
50   61   16
63   46   40
39   0   9
42   62   4
14   2   37
39   51   47
61   51   38
59   35   1
40   27   22
56   42   39
17   44   12
53   50   31
50   21   52
36   7   55
10   40   63
15   60   19
44   51   54
56   26   10
10   48   60
31   63   38
44   50   42
42   6   61
48   19   10
3   43   54
27   35   23
50   12   50
41   53   17
54   31   35
19   53   0
37   41   23
10   29   31
35   49   11
50   4   3
33   15   11
26   6   39
37   29   25
54   30   54
35   63   45
6   25   0
20   2   10
26   48   53
8   45   6
50   14   29
19   26   20
34   62   16
59   47   16
31   20   3
5   32   14
40   47   62
32   54   54
23   52   26
41   34   53
8   2   33
10   39   10
10   43   19
19   39   1
8   57   61
58   40   57
11   47   11
57   35   13
43   1   44
12   8   63
54   28   35
53   17   45
59   45   37
6   14   50
22   55   1
59   52   14
46   32   50
51   19   47
4   18   61
0   59   29
0   3   17
42   50   59
19   40   13
47   50   33
8   53   33
50   23   20
57   30   44
37   16   56
8   62   25
54   35   12
58   30   41
51   50   42
40   45   42
47   34   7
39   2   7
28   58   48
38   45   33
44   10   54
3   48   63
17   10   36
7   18   25
53   48   1
14   50   13
36   40   44
19   62   52
57   40   57
40   27   35
61   30   12
59   36   28
32   51   61
15   51   37
41   8   42
42   16   55
33   19   38
9   43   5
40   1   10
51   51   51
41   47   61
22   42   51
7   53   33
27   52   55
48   4   38
38   47   35
1   8   51
24   58   59
36   26   25
46   23   22
34   12   9
61   42   24
19   43   20
55   29   1
18   30   32
36   63   27
48   59   40
5   35   14
54   48   61
20   1   12
14   53   34
57   34   37
9   4   54
5   38   52
60   47   24
9   34   22
54   54   32
58   17   48
33   56   51
39   4   7
38   62   63
61   44   33
34   63   49
52   33   34
19   42   20
18   52   23
39   2   57
51   48   6
32   53   60
60   45   16
15   2   4
55   60   51
7   62   41
12   62   47
62   20   30
5   52   14
1   7   60
46   4   9
21   62   57
61   48   31
53   5   43
43   20   50
57   54   31
38   4   5
48   5   36
54   29   55
18   42   43
53   18   22
12   22   60
6   19   53
22   11   31
14   2   29
51   8   38
23   56   56
3   19   46
1   30   50
10   43   53
39   27   38
56   5   23
16   44   3
2   43   54
20   57   25
5   47   16
58   52   15
53   44   6
27   21   25
54   31   53
36   29   39
9   0   27
49   8   35
6   43   16
3   51   33
54   50   29
20   23   4
2   27   8
32   4   19
6   37   28
58   49   40
56   22   28
1   32   26
43   14   35
50   15   42
60   54   21
45   21   56
27   41   57
27   42   11
9   58   1
36   29   52
19   18   16
40   26   42
61   17   2
25   36   39
2   20   33
6   55   21
40   58   1
2   41   3
21   16   49
49   4   16
36   49   59
51   22   51
28   21   33
44   1   26
23   42   55
20   31   57
4   39   3
36   62   12
31   38   30
31   17   1
13   27   59
16   42   27
6   28   57
32   3   18
52   23   22
34   18   30
40   46   9
34   39   54
27   20   8
8   50   30
45   55   8
23   23   39
55   44   35
5   37   27
52   0   38
18   56   3
7   35   19
54   12   38
34   19   50
43   21   44
46   51   30
42   28   54
40   49   5
60   44   18
45   22   58
58   21   55
49   49   62
14   33   41
43   51   30
24   21   21
33   9   30
34   20   5
0   51   7
29   8   37
13   38   58
36   56   8
25   42   50
55   34   35
44   6   20
13   22   47
31   33   42
48   44   39
7   0   24
43   20   38
27   18   47
9   43   60
38   59   62
40   47   7
58   17   56
11   54   33
17   52   24
20   63   9
52   29   54
31   47   63
29   29   39
13   22   37
40   2   4
35   15   45
60   3   58
1   49   19
38   0   15
19   58   57
45   32   48
37   51   62
48   33   54
25   1   14
33   29   37
34   0   19
6   3   10
15   50   0
15   11   34
21   43   6
38   53   7
45   7   16
54   23   31
17   25   14
32   1   55
26   37   41
58   47   20
10   51   40
42   43   29
50   31   5
7   50   30
39   1   56
2   35   55
11   1   44
37   59   60
54   11   37
16   50   3
40   46   1
10   41   48
40   8   35
21   21   18
0   60   11
27   42   22
6   54   37
63   50   9
61   9   4
47   58   2
12   20   23
4   63   41
55   44   4
47   21   54
3   45   58
20   39   20
63   43   20
22   29   48
21   62   38
29   63   40
56   49   28
1   42   4
8   43   15
5   54   14
37   0   58
48   55   1
50   55   10
11   53   8
47   62   27
4   43   15
33   33   40
38   18   49
7   48   33
46   55   52
63   47   11
47   52   38
15   62   47
10   56   2
8   63   14
43   34   52
40   7   54
40   42   44
35   47   2
58   26   15
19   23   23
56   43   48
37   18   42
40   34   26
44   21   60
27   38   4
43   51   56
12   36   57
56   15   42
18   20   24
11   3   25
55   57   50
49   26   30
57   20   59
28   13   21
50   21   21
51   18   38
49   52   9
18   32   56
46   34   8
8   0   24
63   32   63
38   57   10
0   39   16
19   10   36
3   29   42
46   16   30
25   20   24
15   0   5
21   53   32
53   39   27
61   44   18
22   2   51
0   45   25
8   42   29
55   15   47
12   51   37
36   12   3
51   10   36
17   24   46
30   47   56
40   52   45
39   45   42
8   36   46
35   20   4
20   11   36
39   62   7
13   27   50
16   2   6
43   56   8
50   3   37
48   50   51
35   0   45
45   42   52
0   48   31
25   6   43
52   41   63
63   42   15
20   3   13
50   12   13
59   56   3
13   0   31
61   42   13
7   2   39
42   26   25
61   43   14
40   23   20
35   39   13
39   39   17
30   55   42
26   61   15
32   28   61
1   24   27
11   43   18
16   20   23
9   47   10
62   25   3
55   45   3
14   11   37
32   47   59
1   56   26
30   58   57
38   10   43
62   24   1
38   29   62
8   3   26
57   37   38
27   58   49
39   54   58
49   46   53
24   22   26
6   36   10
49   57   27
7   47   6
35   57   30
53   23   45
2   41   51
21   63   40
14   41   5
2   42   18
14   22   37
17   21   31
59   46   41
21   42   42
20   53   26
19   30   10
8   38   51
9   48   61
22   24   46
52   48   36
4   50   19
15   41   22
23   41   50
60   19   50
47   10   20
11   43   8
45   15   37
42   27   35
30   46   10
36   52   58
45   59   14
59   63   57
44   0   45
11   40   34
4   27   57
45   2   19
6   9   48
22   42   25
4   52   23
32   18   43
22   45   59
55   25   54
55   49   19
29   44   34
19   63   39
57   4   3
5   49   27
39   34   25
9   50   35
10   44   11
2   36   4
7   49   6
54   48   37
33   48   3
7   40   29
33   2   57
18   12   18
52   59   14
21   3   13
27   3   20
32   20   58
13   50   2
21   4   15
6   57   29
7   42   29
55   22   51
41   3   49
23   13   37
41   53   25
63   45   26
42   18   48
42   33   12
38   26   25
16   39   12
20   3   48
56   45   42
45   57   19
16   8   29
48   22   9
21   59   12
6   36   45
47   11   38
32   52   26
24   43   6
46   5   34
43   26   29
1   44   2
5   53   35
53   12   52
17   23   21
14   47   1
57   27   59
29   44   23
9   36   51
25   23   24
54   26   50
32   37   2
21   29   50
49   30   53
13   40   39
40   44   62
44   57   17
61   56   32
6   27   59
17   41   20
18   58   37
47   61   23
3   45   17
28   1   44
23   3   47
53   33   45
55   20   0
37   59   31
23   11   36
40   55   16
47   57   49
53   25   57
13   49   55
14   33   11
47   20   59
34   47   8
10   36   51
47   5   39
14   27   53
49   59   18
59   52   27
52   0   17
49   42   31
36   48   41
24   24   2
1   49   47
21   3   48
14   23   44
0   24   28
14   1   46
61   54   35
7   25   52
25   49   19
27   42   56
40   29   37
45   4   52
47   42   20
52   46   25
45   45   55
60   22   58
54   22   47
22   28   38
1   40   49
3   53   31
28   8   37
38   63   24
44   27   35
60   42   28
63   41   35
12   21   29
49   29   55
43   46   33
23   50   8
4   22   55
24   1   22
51   33   55
51   52   6
21   44   16
55   29   29
41   20   50
14   35   10
37   61   28
27   39   4
21   40   50
40   28   35
40   61   33
42   36   55
3   50   17
33   18   40
43   46   1
3   39   15
63   25   8
52   12   49
49   7   2
31   26   40
8   21   30
19   33   45
38   51   45
40   20   53
50   22   59
10   41   15
13   48   53
29   59   38
57   15   23
48   29   55
20   1   48
33   62   19
37   13   39
28   40   52
48   61   21
63   42   23
38   23   32
3   44   4
19   53   28
33   3   51
14   62   59
50   34   53
44   10   27
25   49   1
62   29   40
42   23   48
42   53   21
6   35   51
42   35   55
62   47   11
1   23   45
19   57   47
42   51   30
28   0   13
14   3   0
33   33   55
44   58   1
13   19   29
41   28   52
33   52   20
39   53   22
53   26   24
10   46   0
39   48   51
58   57   48
0   55   21
12   43   19
53   29   54
54   50   20
58   45   3
58   20   47
34   31   60
22   62   48
42   35   20
44   40   60
27   45   1
41   39   53
52   59   23
50   25   60
22   21   17
55   2   44
27   29   57
18   50   14
52   59   42
32   29   51
19   53   8
57   25   61
0   40   61
14   7   49
29   2   17
39   42   44
13   30   54
18   17   39
36   43   35
30   8   31
0   35   3
52   28   43
59   43   62
52   3   34
23   20   21
42   51   47
39   57   25
37   54   62
19   59   41
4   53   21
20   47   55
16   6   41
55   59   47
6   39   10
49   21   23
9   19   31
18   33   44
56   22   55
54   51   50
22   47   56
48   28   1
36   10   62
6   3   23
22   6   41
27   39   15
61   24   25
52   7   13
21   2   56
43   55   23
37   23   45
9   42   61
52   54   37
6   42   39
59   51   36
47   33   13
26   23   19
16   24   8
61   35   9
56   34   52
56   17   49
58   12   34
9   39   6
26   21   25
49   0   29
59   11   34
54   16   53
63   40   42
25   30   8
35   51   9
19   24   16
27   4   20
23   23   3
50   39   47
24   44   14
27   55   53
49   39   10
59   42   30
59   50   14
41   34   25
59   54   35
42   45   6
18   44   8
46   62   34
38   52   38
30   63   56
6   42   8
9   43   16
1   62   35
12   39   57
22   13   35
2   40   24
58   24   43
22   23   23
14   2   57
34   18   48
55   25   63
51   55   61
17   14   51
47   2   43
42   0   46
60   41   41
54   36   31
41   12   4
55   15   23
32   47   51
4   49   41
21   59   25
30   49   13
53   49   8
42   46   61
26   9   52
61   50   36
61   49   40
47   14   42
3   38   47
5   20   21
3   3   19
54   59   11
37   50   44
5   43   18
0   37   44
51   21   23
39   63   54
62   26   57
18   43   53
59   48   30
35   18   45
35   2   59
3   7   56
55   46   29
20   8   50
55   54   49
20   38   5
49   45   7
28   29   54
49   54   55
7   27   62
44   62   12
54   5   10
21   56   11
62   43   11
13   11   33
32   59   2
63   46   3
0   40   42
45   31   38
21   55   0
36   2   56
42   12   2
16   40   7
1   46   13
4   33   56
8   63   61
4   42   62
49   39   57
45   61   24
9   52   61
23   53   7
30   49   42
42   10   54
28   47   52
8   57   48
34   53   31
1   29   47
22   58   40
43   46   9
9   47   63
5   36   5
21   44   2
17   3   29
44   44   61
5   46   20
32   56   53
37   7   19
24   50   48
48   26   28
46   8   38
43   48   12
8   55   44
13   0   39
30   43   57
16   51   29
56   43   1
39   59   17
45   50   13
17   52   33
15   49   60
44   62   3
19   29   47
47   32   49
14   53   23
31   51   2
32   0   44
9   16   28
55   3   29
6   19   1
0   0   23
6   58   60
13   33   47
18   21   4
8   18   26
50   14   59
11   45   4
60   37   36
1   24   48
32   10   62
22   59   12
1   10   8
62   46   41
31   57   29
6   32   21
25   39   38
24   0   45
37   47   62
25   0   12
60   51   38
48   10   32
19   38   4
2   45   16
11   62   39
44   27   23
54   50   8
9   56   58
46   48   5
41   27   24
3   43   9
10   44   57
13   41   0
2   50   12
14   0   30
26   30   6
35   39   51
0   62   33
39   18   37
49   15   30
29   32   43
61   45   5
12   42   20
27   58   59
58   33   41
44   51   45
40   31   8
51   29   54
63   40   18
28   39   18
20   34   58
46   14   37
49   3   31
39   35   19
19   31   58
40   3   20
5   50   25
60   21   60
3   55   30
33   0   44
1   50   30
1   49   32
54   17   50
26   55   52
56   42   20
24   63   23
5   49   8
11   0   42
30   42   56
35   7   56
3   49   43
49   8   43
60   1   57
52   22   56
37   52   24
54   21   51
59   23   39
42   4   13
35   9   37
26   27   13
12   52   15
27   27   13
13   32   48
11   48   33
41   21   57
25   9   54
58   30   50
61   48   19
20   62   40
23   44   32
41   38   7
4   39   56
34   39   12
22   52   8
60   11   36
50   7   18
10   3   27
46   5   44
37   58   2
21   28   38
40   2   56
21   1   9
17   14   29
57   17   47
55   50   36
12   38   58
36   53   8
42   5   29
40   25   7
7   44   16
37   29   45
45   46   17
59   40   51
19   3   32
35   55   31
53   49   26
18   62   53
41   4   46
63   32   24
17   17   38
16   43   19
14   6   47
44   38   57
8   40   29
18   33   54
11   14   43
23   0   48
36   46   5
15   11   56
29   4   16
51   53   49
33   20   60
17   2   23
24   3   47
46   31   4
36   51   58
46   55   8
2   44   12
56   52   12
2   31   45
38   47   44
18   1   29
42   48   48
40   49   40
53   31   31
8   25   56
36   33   51
4   49   49
44   29   56
58   43   1
45   40   45
28   44   24
48   43   3
19   55   55
46   51   8
28   45   49
10   26   29
56   7   61
34   51   58
63   52   13
29   52   54
36   47   32
22   58   54
50   44   63
41   54   47
44   52   51
55   23   35
50   4   51
37   54   54
40   60   12
40   42   24
53   30   58
15   44   25
46   11   44
43   13   0
39   28   35
53   31   59
25   5   38
18   21   20
16   53   30
14   42   3
8   49   33
23   1   14
24   39   21
42   20   48
5   56   56
63   28   34
5   42   48
3   50   33
24   30   10
3   28   57
27   26   7
2   49   32
33   55   47
44   44   36
22   27   47
5   57   54
16   17   38
11   21   22
30   28   58
5   49   58
53   20   55
62   42   11
7   42   4
19   24   47
38   28   55
36   58   1
61   32   54
15   3   3
18   44   17
60   35   7
35   13   9
43   55   14
39   3   56
45   50   41
10   53   15
31   0   19
38   49   60
26   13   15
54   20   62
29   51   4
3   47   17
27   47   2
9   55   43
8   42   4
14   57   25
8   48   4
49   42   20
33   28   60
1   38   51
35   59   30
48   47   31
59   40   42
39   28   50
32   31   1
8   34   30
16   24   17
9   32   49
60   55   34
61   10   40
22   53   29
3   35   6
46   61   22
0   60   35
36   36   48
41   33   20
47   52   8
1   43   62
62   27   0
63   41   56
58   40   47
18   27   29
23   60   7
41   25   51
9   35   9
55   36   28
6   47   18
47   56   6
23   54   4
22   62   39
41   2   14
51   30   56
59   14   55
31   16   10
8   44   3
51   4   14
51   45   11
52   1   40
48   44   3
46   49   63
50   29   4
49   33   54
49   14   32
35   29   37
49   43   0
54   15   49
3   49   9
55   6   47
46   21   43
22   50   15
40   28   3
23   38   32
38   49   11
51   20   1
44   20   39
9   35   47
27   53   62
45   30   59
33   47   2
21   1   46
27   17   4
37   2   58
5   49   38
27   59   37
29   48   12
59   50   30
46   33   13
37   43   32
62   25   57
17   57   18
53   28   60
31   62   55
53   34   36
37   19   55
19   30   61
20   0   29
15   10   38
11   38   37
30   53   10
17   27   59
24   58   42
41   33   51
63   37   42
55   4   8
13   52   19
50   61   48
40   53   26
36   2   24
52   61   5
38   20   39
60   30   44
13   56   3
28   42   4
42   52   35
14   63   33
53   5   11
16   42   5
53   45   16
57   45   5
56   51   19
21   2   48
41   61   26
60   40   41
28   42   21
5   27   59
45   26   7
17   44   27
45   8   15
60   59   63
44   36   42
13   40   30
36   28   52
57   29   0
53   48   38
27   40   49
58   32   0
8   21   13
60   62   26
14   48   17
48   33   14
41   51   55
11   26   24
60   5   57
48   50   13
50   26   32
20   62   48
43   16   58
28   55   45
51   41   2
35   62   48
36   61   28
48   60   25
33   52   60
42   50   10
31   13   12
50   10   30
55   27   54
54   29   0
23   2   48
61   50   16
6   34   33
38   4   27
20   40   52
2   50   32
6   43   48
37   48   38
52   33   53
50   43   30
18   48   8
33   26   38
31   15   9
39   14   38
8   48   31
32   31   20
17   2   35
38   50   54
58   29   62
16   14   44
44   51   12
60   14   53
17   42   3
62   44   9
52   44   38
8   28   15
48   5   44
57   24   44
26   22   1
29   0   42
32   39   21
3   9   60
60   40   23
2   10   57
55   42   17
18   37   63
3   11   26
10   23   20
59   50   43
16   30   59
18   39   14
50   15   28
44   30   59
8   15   47
4   51   6
27   0   10
10   6   27
16   0   28
16   47   58
19   1   12
30   45   45
38   40   37
60   41   54
56   37   37
8   41   57
45   14   30
61   43   24
35   62   57
46   24   9
63   0   1
45   48   36
20   21   16
53   26   51
30   62   51
34   26   38
43   15   36
34   56   18
0   40   52
31   37   26
61   40   11
36   39   18
5   49   17
25   59   20
61   40   62
28   20   59
60   33   14
59   55   19
34   52   36
60   6   8
55   53   51
49   0   43
57   1   63
21   27   48
14   39   8
24   41   54
62   10   41
45   51   47
31   43   53
57   50   29
42   36   42
32   10   15
5   40   43
51   17   54
49   48   4
51   11   45
2   25   2
35   50   2
43   10   57
3   41   27
24   5   49
53   59   21
16   3   63
56   44   37
20   58   37
30   33   55
48   8   32
22   41   48
12   62   36
11   43   54
12   53   37
35   10   39
24   60   8
35   3   51
53   14   49
18   43   21
32   46   2
5   48   59
3   39   49
46   13   60
47   60   37
30   47   4
20   13   30
35   12   58
51   29   22
57   22   47
0   56   6
3   48   8
20   44   22
2   63   57
43   18   48
12   52   23
18   23   40
55   52   39
15   32   59
25   44   33
27   22   30
59   12   37
51   47   33
11   2   27
10   54   43
21   53   54
61   36   27
54   13   13
26   23   11
30   3   17
24   44   54
56   11   30
40   23   52
49   22   52
32   63   44
16   14   29
38   23   49
36   13   40
9   44   10
55   37   38
60   54   30
13   23   44
48   2   4
50   28   36
29   58   53
45   27   35
58   52   23
37   7   57
49   52   40
42   40   41
37   51   45
46   34   52
9   20   47
21   48   14
57   62   23
46   10   32
55   14   48
20   26   7
45   53   10
38   46   0
12   22   19
34   49   41
20   4   15
53   52   39
49   1   0
44   55   14
23   45   34
24   47   6
38   42   44
50   18   39
4   48   29
13   63   32
43   48   36
36   1   16
9   54   32
32   39   53
38   0   57
38   39   29
25   3   7
21   58   41
54   49   5
10   41   58
15   27   60
2   53   48
19   44   21
6   53   24
40   13   62
62   32   61
28   52   29
38   3   18
41   46   19
57   30   59
44   2   17
49   10   12
20   52   27
20   35   54
3   9   50
39   1   14
22   29   60
35   22   29
46   14   24
56   46   37
8   52   15
54   55   8
46   14   46
11   43   62
52   20   61
31   4   55
50   52   12
10   38   9
27   40   12
61   14   32
21   35   7
28   62   46
21   52   18
25   38   34
11   36   57
26   45   1
48   48   35
48   33   3
60   50   34
49   53   52
52   23   32
61   37   40
3   62   16
14   41   13
24   62   44
10   27   57
55   48   35
31   39   15
54   33   43
44   51   30
28   54   6
62   50   51
36   8   34
46   15   39
14   3   26
21   45   61
43   23   51
18   32   23
34   2   24
50   22   40
24   49   48
62   18   19
52   15   43
8   49   24
53   46   24
17   57   58
2   8   55
21   23   54
26   24   18
8   42   17
38   39   19
41   46   0
25   62   42
24   1   12
44   15   36
37   59   50
40   35   20
25   61   57
55   35   46
4   46   63
20   54   3
51   48   43
51   57   29
4   40   50
56   54   36
38   33   52
28   46   4
19   2   27
21   41   6
33   53   11
3   52   28
53   4   43
24   40   51
39   52   41
16   50   59
3   44   12
3   32   27
48   36   46
7   42   60
20   42   21
53   59   42
35   38   26
35   26   24
11   45   58
40   10   56
38   19   51
56   33   46
31   29   51
57   26   58
9   51   33
57   44   4
15   6   44
11   41   50
28   52   58
60   52   14
49   33   44
19   34   59
9   63   63
7   3   30
22   44   12
0   45   15
7   41   58
1   40   21
4   37   41
56   50   42
27   12   30
50   29   55
51   24   44
63   45   6
12   46   1
13   56   24
35   61   44
40   7   62
20   48   20
