15   18   56
34   11   36
61   48   42
54   0   21
59   31   23
20   30   42
46   63   54
62   20   8
49   19   43
40   29   24
20   42   58
1   23   33
36   63   43
33   11   19
61   7   22
22   38   43
58   56   10
14   28   60
18   51   8
18   11   42
41   0   12
47   48   51
1   13   14
35   23   51
25   47   57
56   37   53
30   48   34
55   30   2
9   23   54
32   43   52
14   24   1
21   28   34
62   60   14
13   40   32
49   3   20
30   55   6
20   28   50
46   28   27
49   1   35
8   15   54
25   26   36
6   7   44
60   63   5
21   3   54
43   63   46
24   56   6
12   52   27
14   22   4
0   41   1
53   54   25
9   43   42
22   22   23
48   21   43
23   5   57
48   1   63
5   55   10
16   39   1
49   20   9
33   32   17
16   43   2
15   53   58
30   52   45
18   34   54
35   43   53
7   46   13
55   16   52
21   52   40
24   39   33
9   37   33
36   52   0
3   28   17
10   52   26
48   54   18
17   60   33
57   2   23
24   32   45
46   62   20
19   26   32
40   22   42
8   59   47
24   27   7
58   62   50
30   57   17
62   47   35
3   36   34
47   57   61
55   14   51
49   18   56
29   1   34
11   23   36
23   34   43
13   24   48
56   0   17
46   31   1
20   0   15
23   62   22
10   5   56
40   28   50
13   16   16
2   36   23
11   1   48
30   1   32
58   46   21
40   59   37
44   26   41
25   62   41
19   23   3
48   57   52
51   3   29
50   55   22
57   39   8
36   47   6
47   11   46
4   36   37
14   22   22
7   54   48
35   51   56
53   33   25
46   39   7
53   29   43
18   29   52
10   53   57
56   32   38
63   44   3
49   27   39
45   53   55
33   43   28
18   22   27
24   56   23
31   22   5
16   22   1
42   36   45
16   40   5
52   12   55
48   24   43
61   54   59
16   27   1
36   0   11
3   15   54
36   5   6
4   20   17
21   0   9
9   24   52
53   35   48
63   43   43
21   42   5
34   21   38
38   34   28
55   1   21
29   32   18
38   16   15
26   0   2
19   3   2
16   16   25
18   20   2
27   7   48
56   58   42
32   54   57
24   0   0
53   40   38
6   19   36
16   21   63
17   61   23
28   53   62
2   45   61
35   13   7
35   26   33
6   9   15
21   32   18
62   16   4
36   17   46
21   38   47
61   6   19
11   43   27
46   48   47
49   60   29
20   63   1
9   25   36
17   53   40
53   15   42
63   24   41
56   30   57
29   41   39
30   50   44
51   0   30
51   32   58
53   59   41
4   16   16
20   19   61
24   30   11
43   3   20
14   23   52
57   62   22
41   44   14
6   47   17
14   18   3
63   20   15
3   31   49
1   51   3
58   1   44
25   21   34
55   21   28
32   25   59
48   33   27
4   22   36
10   19   33
13   27   55
54   43   20
61   8   23
59   34   35
24   53   6
29   0   54
35   63   38
37   25   14
11   45   61
60   32   11
62   15   7
25   57   63
24   10   48
23   20   3
43   39   59
20   50   8
0   31   6
54   54   14
46   19   47
45   38   49
25   61   63
57   22   43
43   6   51
49   25   38
1   27   37
62   7   27
17   38   63
35   4   28
35   17   7
62   31   41
38   62   10
27   3   25
2   28   17
8   27   1
6   59   2
0   9   5
18   35   48
19   34   39
56   3   35
5   36   6
45   59   39
0   21   0
58   54   18
52   26   12
11   53   20
62   23   17
39   44   14
25   52   5
20   62   6
53   31   28
61   3   6
54   55   31
17   39   60
36   25   55
60   45   24
12   36   40
51   27   13
35   45   18
25   33   53
26   5   59
32   4   26
51   36   15
43   6   59
44   33   0
29   61   59
48   14   0
14   54   22
21   7   23
59   21   26
15   28   54
24   9   48
24   25   2
4   19   29
8   55   51
8   17   54
8   37   35
49   24   6
63   19   37
49   45   43
51   32   17
57   58   45
19   58   7
8   48   29
40   31   53
48   7   59
50   4   35
8   15   32
60   55   39
57   36   30
21   23   10
48   44   5
55   41   42
7   45   61
51   8   37
57   1   62
18   58   6
3   4   12
7   42   15
49   31   30
52   3   59
20   5   47
37   51   6
38   53   14
29   27   63
58   0   19
52   28   50
2   15   46
46   30   28
3   22   32
35   38   37
63   0   51
55   12   2
59   18   33
30   62   49
5   34   50
35   22   37
37   45   8
32   54   8
48   53   55
7   38   53
5   36   22
23   39   1
52   43   1
4   59   3
23   4   61
27   50   5
50   35   46
54   62   18
24   2   16
35   39   14
36   53   0
51   49   14
61   39   8
21   1   9
53   21   10
3   61   9
61   21   29
12   54   30
8   61   53
30   63   29
60   38   31
43   52   7
49   48   56
57   38   37
6   54   42
37   23   9
46   50   49
60   54   57
9   60   54
23   45   38
9   11   28
37   13   13
48   33   2
17   45   18
47   49   47
19   36   41
47   3   63
19   23   32
52   6   16
55   13   17
26   26   40
14   17   9
0   56   42
1   25   54
17   32   17
18   22   19
28   19   1
21   10   48
28   45   4
46   41   63
48   8   17
49   15   41
24   0   18
57   59   59
8   40   34
3   51   16
56   53   42
36   57   32
30   56   3
26   42   21
36   26   15
58   18   28
2   19   31
56   52   18
38   3   39
40   34   22
41   35   62
0   18   12
4   27   40
54   19   31
41   56   12
57   42   20
32   45   32
46   44   47
35   47   13
49   15   10
50   58   41
39   45   5
51   2   18
29   48   6
21   30   42
60   1   51
41   26   42
48   40   20
46   27   20
53   27   38
7   19   30
36   25   46
62   4   27
37   53   20
25   57   11
45   32   30
54   21   30
49   21   48
59   22   44
9   32   53
24   63   20
51   10   2
36   20   41
6   30   25
22   28   37
48   37   19
52   54   28
8   20   3
14   44   35
49   58   53
11   22   53
49   8   6
33   20   40
51   20   44
23   58   6
52   59   25
53   32   28
37   9   58
24   58   7
9   7   43
60   12   63
7   22   26
17   21   31
39   13   11
0   45   57
18   18   25
57   41   8
19   24   54
29   31   20
48   11   58
57   2   2
1   10   27
25   56   46
23   25   11
24   21   1
27   0   31
15   21   58
35   20   51
43   17   40
48   0   1
46   47   44
45   57   59
55   9   3
20   0   0
42   41   55
26   43   21
60   0   55
63   47   52
17   34   17
24   7   23
4   15   48
53   52   26
4   59   45
9   26   0
56   61   10
16   43   43
38   25   38
44   30   61
20   61   34
5   43   39
52   2   19
51   61   13
6   19   28
17   20   33
45   8   8
19   21   7
26   59   21
44   25   36
41   3   41
62   18   43
5   38   24
28   3   0
58   50   18
16   58   37
39   57   27
23   52   7
53   37   21
1   26   36
58   11   12
17   51   28
11   25   60
19   23   15
30   31   29
42   22   35
4   61   7
13   18   14
27   5   29
10   41   46
27   10   48
37   54   18
60   55   18
52   25   52
8   7   29
22   1   3
39   36   2
44   23   31
56   50   20
39   46   58
14   36   18
40   33   57
28   56   30
16   38   0
59   22   24
25   10   46
37   1   26
22   26   15
57   16   44
36   23   51
46   25   40
57   61   3
32   40   55
46   45   47
33   54   53
19   22   35
41   34   58
49   20   53
6   31   40
30   3   30
11   53   60
3   22   22
20   21   40
56   6   35
5   1   21
9   16   26
14   20   20
49   63   17
57   39   29
33   34   18
38   39   53
8   53   18
56   22   52
52   27   6
20   10   43
44   40   13
14   37   39
53   46   4
53   56   39
61   50   34
56   54   33
35   20   9
49   38   5
60   53   48
56   10   28
31   48   34
55   61   12
56   21   52
8   27   36
0   53   11
25   31   41
38   20   54
16   18   24
48   3   41
6   28   8
62   19   28
34   25   55
34   48   11
43   36   1
35   7   44
50   51   24
49   12   8
32   36   19
1   34   55
37   46   3
10   61   38
16   7   63
54   62   0
3   26   41
21   51   3
48   61   57
24   1   36
20   38   62
56   31   56
3   9   18
6   20   25
9   62   51
45   23   37
45   30   15
39   61   59
61   16   2
22   30   43
3   13   7
6   29   10
37   59   49
12   19   60
35   42   48
1   13   27
26   62   36
50   55   61
43   15   47
57   46   18
21   15   11
35   32   56
2   36   8
10   21   3
29   45   55
27   61   51
4   45   61
3   38   34
35   45   8
38   8   10
26   45   51
55   60   22
14   24   49
47   27   52
50   52   57
55   11   2
49   34   53
30   40   57
8   22   51
30   35   19
14   28   51
32   26   50
49   44   52
7   23   52
45   4   0
14   17   63
5   33   28
30   45   5
44   59   36
12   17   3
28   16   24
34   27   60
50   24   47
21   50   4
39   26   42
49   29   41
26   38   53
2   21   35
45   6   61
59   59   56
3   24   38
15   21   48
6   43   42
15   41   4
3   21   34
41   32   61
1   30   36
44   31   58
39   19   24
55   15   8
58   20   24
40   62   59
55   12   57
24   50   8
45   18   31
53   58   42
14   21   55
7   19   15
24   9   23
22   5   56
29   9   37
3   31   40
9   27   55
26   57   8
53   42   20
14   51   29
60   52   42
49   13   62
19   1   62
48   1   54
51   28   46
30   0   54
32   27   49
63   22   39
51   56   36
1   39   33
19   28   19
54   5   57
40   1   26
40   20   35
21   53   52
20   20   44
6   23   30
48   2   7
12   25   54
18   24   27
11   54   25
42   55   24
31   20   5
14   31   31
20   5   57
1   58   50
21   22   23
32   46   62
62   36   33
14   15   32
44   7   58
45   2   60
27   37   55
61   44   46
16   46   18
23   19   4
5   63   53
60   57   61
5   28   60
52   30   9
49   52   53
38   28   32
48   4   54
38   14   56
5   8   9
51   14   0
60   0   63
39   23   26
34   2   38
49   2   36
55   10   28
27   21   33
3   55   18
47   31   63
60   60   59
43   6   31
60   1   25
62   11   22
3   24   55
31   50   37
40   3   56
50   57   24
13   35   35
33   1   34
18   28   39
59   41   62
8   36   39
8   22   1
56   34   48
50   0   21
15   22   26
38   15   11
26   0   33
55   53   17
16   22   56
56   59   62
24   8   19
1   48   25
58   16   28
33   50   37
11   2   46
52   52   24
3   30   22
61   59   10
52   20   46
45   50   54
50   32   30
26   55   11
50   24   9
63   26   40
13   32   24
55   54   19
30   62   19
24   59   26
32   35   19
23   61   55
61   47   54
42   32   22
63   1   50
33   58   26
17   30   43
9   0   19
55   52   19
45   59   30
19   28   51
49   56   13
50   55   39
15   5   4
16   25   62
24   60   25
30   34   19
27   49   4
3   19   36
32   46   49
47   37   12
59   38   36
7   36   54
11   61   41
28   5   48
55   62   19
6   31   23
10   23   29
56   36   55
36   2   41
26   47   21
21   24   32
15   23   52
38   63   8
18   21   42
30   48   4
52   9   55
15   54   30
2   20   8
5   22   46
40   35   59
50   3   5
24   57   24
57   0   1
59   28   18
21   55   12
57   63   63
54   56   34
25   63   13
56   39   51
20   51   10
49   16   55
43   9   59
39   59   40
43   5   54
39   54   23
38   42   1
7   17   52
4   24   32
59   36   35
38   58   37
56   36   31
7   57   33
0   44   46
29   53   49
48   61   7
0   38   31
24   29   53
26   24   25
25   32   6
52   54   16
38   47   9
47   45   54
55   15   0
61   4   23
46   33   0
18   1   16
4   19   62
25   45   3
1   37   14
22   47   31
19   13   49
51   17   3
3   26   19
44   23   41
41   33   59
38   9   11
30   59   30
35   17   42
10   22   62
21   21   2
27   28   31
15   22   63
50   33   49
37   47   13
4   25   42
62   39   7
56   5   43
37   49   18
49   40   13
22   52   42
41   21   34
39   0   22
45   53   31
14   12   30
3   41   37
49   58   28
15   31   37
9   0   45
26   4   58
32   31   31
38   56   14
14   40   11
21   8   50
15   58   0
14   28   43
46   33   21
49   10   62
53   34   32
31   3   58
23   6   12
37   28   29
20   8   54
50   23   47
33   48   54
37   57   46
36   39   14
2   48   30
1   61   2
2   45   36
60   16   7
43   39   10
3   50   18
9   18   6
28   27   32
30   24   32
26   20   7
50   63   21
33   13   18
34   47   13
51   61   27
18   5   16
44   32   0
48   26   48
46   37   61
51   55   36
11   18   8
25   34   47
56   37   30
47   51   43
54   32   50
56   56   35
50   53   24
49   55   22
58   57   21
3   22   41
51   55   26
57   2   37
46   38   23
42   32   3
17   60   21
25   1   2
50   34   29
56   35   34
57   43   21
38   18   23
63   54   58
51   3   42
17   57   24
34   21   58
57   30   5
32   47   62
35   2   40
47   28   47
33   39   1
10   17   58
47   26   44
54   56   14
27   46   5
61   16   29
51   10   46
9   1   47
1   49   2
11   21   37
23   42   4
26   32   54
41   23   38
21   47   55
3   37   35
10   62   28
60   53   34
58   52   17
19   26   51
48   28   54
30   0   29
35   37   58
32   3   28
50   20   47
27   6   60
48   46   1
4   23   20
35   48   55
50   29   27
15   2   8
12   17   57
60   38   39
34   41   29
27   24   33
2   41   26
50   61   0
13   27   20
19   48   8
3   10   5
55   8   26
57   28   41
34   24   54
15   25   38
18   14   23
20   3   62
54   39   53
7   35   33
52   8   57
31   28   31
21   5   12
39   61   28
58   27   33
8   40   49
25   30   42
49   25   5
37   34   32
54   8   57
8   35   29
10   43   41
11   24   2
12   30   50
56   5   29
26   62   46
16   46   45
38   23   38
15   52   33
45   15   46
32   43   61
21   31   13
32   48   2
19   21   55
1   33   55
26   53   54
50   53   58
11   16   24
59   21   18
18   40   19
18   18   6
54   10   54
11   43   41
15   63   3
57   42   5
49   51   21
1   28   46
24   12   18
6   40   38
50   57   59
20   20   2
21   5   51
30   26   48
50   31   42
52   8   41
4   2   44
21   34   42
33   22   39
41   55   9
27   27   18
59   25   15
53   33   48
21   19   61
35   24   34
11   26   20
33   39   12
49   47   48
53   43   2
5   45   35
56   32   57
49   46   5
41   28   46
0   29   48
26   43   7
22   4   58
37   56   20
47   36   16
59   2   12
23   59   39
27   39   28
62   56   15
50   25   46
23   18   23
18   23   31
7   53   21
18   43   25
45   25   44
29   50   63
39   63   43
10   25   1
39   9   5
2   4   1
22   7   48
59   57   20
26   42   52
38   21   35
33   37   13
48   16   43
32   28   41
41   40   49
25   40   28
58   60   13
16   28   62
3   55   50
0   41   42
40   59   50
36   28   41
10   25   38
11   41   40
53   56   27
52   4   62
33   57   34
24   25   11
33   18   40
8   31   38
50   19   51
60   52   61
36   24   54
10   60   36
51   59   29
38   0   10
37   25   30
60   56   15
27   37   38
37   22   30
19   2   19
57   56   10
24   33   11
5   24   58
19   20   22
49   24   53
59   23   15
47   22   57
24   3   55
62   5   27
20   27   49
5   37   17
40   42   42
48   51   25
59   58   41
31   31   29
22   62   1
56   37   42
60   19   0
14   57   25
15   2   16
6   19   5
1   17   50
44   20   35
1   23   3
36   28   29
61   1   23
50   14   45
10   24   57
48   59   11
63   28   58
5   31   53
13   21   13
51   62   18
26   49   49
17   41   63
1   57   3
51   11   47
39   2   39
50   18   43
56   38   53
47   46   47
1   41   32
49   18   42
44   6   33
42   27   40
25   53   51
44   3   15
32   39   56
33   45   13
13   46   17
24   62   50
20   58   48
55   42   45
57   44   10
51   30   17
31   19   7
59   35   36
24   39   63
50   59   1
24   5   8
30   58   12
18   56   18
13   22   27
18   23   22
30   37   45
6   41   44
6   23   3
53   55   27
55   55   18
55   44   44
60   60   22
51   8   2
60   17   4
18   21   29
19   20   53
48   35   49
15   24   24
40   55   50
46   4   1
12   44   36
42   57   28
31   18   33
49   2   5
30   36   57
16   56   40
25   8   55
15   7   58
33   3   32
15   51   28
47   41   3
56   52   41
54   50   37
43   7   56
51   5   46
30   4   27
21   3   10
2   34   56
63   38   36
55   19   30
22   58   38
49   51   12
21   37   41
43   40   1
62   59   17
40   26   56
46   35   62
49   43   6
38   45   10
10   31   38
22   3   63
46   11   0
50   62   26
11   19   2
26   1   59
52   15   40
40   23   42
25   43   8
32   26   39
63   61   6
21   31   39
18   26   16
56   2   57
26   30   37
8   36   27
5   25   35
9   24   60
1   24   18
49   19   0
36   26   54
31   9   39
16   41   44
57   62   61
61   19   34
48   3   58
10   40   15
48   29   42
55   7   26
43   15   2
43   0   58
63   58   62
5   40   52
37   38   30
33   41   29
5   31   21
59   60   54
23   10   40
53   20   13
45   6   27
45   41   0
17   15   35
28   26   43
28   63   60
23   2   7
28   31   31
0   36   28
46   31   24
9   57   6
57   25   39
48   32   4
35   34   55
47   29   44
56   38   35
36   27   46
19   50   47
14   53   20
6   36   8
11   23   52
30   61   16
55   20   28
52   4   41
40   62   9
17   32   49
49   55   40
39   58   5
41   52   12
27   5   52
20   39   63
49   28   32
59   41   43
52   60   19
53   1   15
26   37   26
17   9   55
50   38   50
45   3   62
58   54   26
38   55   25
58   24   35
45   60   27
47   54   58
26   37   53
32   42   62
50   25   12
0   24   14
11   31   40
50   63   2
15   63   12
3   29   48
47   16   41
18   31   39
59   45   42
41   44   44
25   48   5
31   62   59
4   38   57
39   16   9
38   27   39
33   2   63
57   15   43
37   52   20
0   13   12
36   24   31
7   15   32
2   60   63
31   54   16
11   30   38
48   6   4
7   25   55
21   2   7
47   0   38
3   32   51
39   7   17
5   30   32
56   42   44
36   21   35
1   31   49
45   17   44
0   36   12
9   21   35
22   3   55
19   22   57
40   41   41
11   44   41
12   31   49
25   43   27
5   63   18
29   62   57
11   26   39
21   18   20
57   35   29
0   58   47
61   52   57
0   11   3
24   32   28
5   37   33
25   32   51
4   19   40
15   52   60
1   9   16
27   32   19
23   50   7
5   1   36
19   20   63
42   28   37
32   27   35
6   31   9
36   29   56
42   54   22
28   28   38
26   27   5
40   3   41
12   20   59
21   43   3
41   51   15
9   3   17
51   57   31
50   1   33
27   9   4
27   39   54
5   13   35
6   33   25
32   51   57
5   38   35
8   38   47
5   27   40
32   28   30
0   34   33
49   16   40
54   3   17
40   7   56
9   40   13
17   6   12
50   11   7
43   44   8
57   3   25
37   29   12
18   6   16
35   61   11
36   7   7
15   1   17
25   58   4
44   36   2
19   27   55
50   26   10
29   4   58
59   41   54
56   40   43
38   15   58
31   14   40
46   16   40
18   20   31
27   43   54
42   18   41
32   62   42
19   0   11
58   58   17
40   53   59
51   61   0
32   32   18
54   63   0
32   36   59
29   7   47
37   41   18
61   56   16
32   7   43
17   4   19
47   2   36
26   24   6
34   17   47
59   42   56
40   32   56
50   50   23
53   26   26
63   44   37
59   33   28
3   52   15
48   13   62
5   35   28
49   1   27
5   19   5
27   27   38
51   1   62
35   35   57
32   34   58
59   20   27
40   23   4
30   59   17
63   63   7
19   21   29
2   35   53
36   29   13
26   51   3
19   28   38
52   56   11
62   37   51
33   24   21
25   46   63
47   61   5
50   55   8
0   40   39
44   21   35
50   57   37
50   61   16
48   36   53
25   0   21
13   41   45
23   33   46
24   26   11
34   23   52
46   47   20
28   11   35
50   10   45
21   22   34
25   38   26
52   24   48
14   56   14
21   29   19
47   46   7
7   22   52
27   18   39
0   23   1
27   3   54
25   4   23
49   33   40
6   24   28
32   18   40
59   44   46
0   22   16
19   31   63
60   42   22
34   39   1
10   9   44
3   47   36
6   28   61
58   48   43
43   5   16
25   41   20
14   34   35
49   56   29
7   21   59
12   25   40
25   5   23
46   0   0
57   18   45
45   56   12
50   51   11
13   0   41
42   46   58
37   55   25
21   29   46
30   62   34
3   17   49
57   19   45
21   62   62
0   33   26
12   41   37
52   57   3
16   0   3
27   63   23
53   60   16
47   56   38
45   54   12
13   52   22
18   44   21
59   55   35
38   60   29
39   58   34
47   45   45
4   55   42
25   42   3
28   46   4
53   2   37
47   5   58
50   58   3
51   33   44
57   43   11
3   33   50
58   49   18
41   55   31
15   19   6
53   11   45
10   27   56
18   55   9
14   59   54
54   29   50
17   42   59
49   57   53
58   58   46
1   28   33
62   5   60
4   24   21
17   37   42
45   14   49
47   43   6
61   43   42
34   54   57
54   12   59
62   3   25
48   28   44
30   55   46
13   18   56
28   4   5
51   28   27
62   10   63
52   24   9
4   36   4
1   12   25
32   9   4
7   46   34
26   41   17
49   6   1
16   20   27
51   2   63
9   15   32
50   30   29
19   1   17
18   4   18
60   52   19
16   56   30
0   8   5
5   29   47
45   26   43
24   36   60
41   27   39
49   23   45
48   38   49
57   10   24
3   39   17
18   63   21
34   42   50
24   62   20
59   39   28
19   41   25
63   25   38
45   18   40
56   57   18
3   26   52
39   21   33
41   30   58
42   39   31
0   15   10
4   7   44
11   28   61
44   35   62
15   20   26
48   12   63
46   7   63
39   55   23
40   63   56
29   45   9
56   55   33
29   42   6
0   14   19
50   10   4
8   28   61
51   11   3
51   59   1
1   16   15
56   1   24
4   40   41
18   54   13
36   45   11
29   61   47
21   6   12
55   46   40
25   55   51
27   4   7
13   24   30
62   38   35
36   28   12
58   56   21
7   20   15
59   27   21
10   23   39
33   61   43
23   23   7
29   43   51
35   26   9
30   27   9
5   27   55
53   43   11
12   29   18
3   23   35
33   42   62
52   3   33
55   40   40
7   41   44
45   55   22
38   63   44
18   23   13
25   38   49
4   4   59
9   59   48
15   29   51
60   36   31
15   25   27
10   30   38
18   30   39
49   28   51
18   3   19
54   0   0
61   15   3
32   55   9
46   5   24
1   29   45
6   45   62
62   3   61
21   62   50
7   17   62
23   48   7
33   25   29
32   53   60
16   32   60
32   47   11
60   59   58
7   55   50
43   41   62
25   32   41
46   1   21
17   2   24
59   17   0
49   61   15
29   62   33
39   25   34
61   63   4
62   12   5
1   26   13
34   26   44
49   54   29
53   28   41
3   4   61
62   37   5
43   62   19
33   4   28
58   61   5
38   51   9
47   23   56
6   6   40
50   62   18
59   16   23
1   24   33
29   29   3
56   3   27
37   5   0
47   7   61
37   40   26
29   3   29
41   54   18
27   62   25
5   48   29
9   8   0
35   54   20
60   27   19
28   30   37
16   15   27
44   55   4
59   47   31
22   58   5
26   53   6
56   22   6
21   25   32
45   28   43
54   61   15
48   33   42
49   20   44
45   20   35
24   6   17
27   32   30
50   57   9
1   40   5
56   35   58
14   21   2
6   24   0
11   26   63
50   43   10
31   13   14
50   30   40
38   11   10
56   62   13
1   23   18
47   14   47
23   63   5
29   52   46
54   43   3
25   45   59
46   12   62
46   6   51
0   23   16
47   35   63
58   37   45
21   12   25
28   11   0
54   59   42
54   4   43
48   23   44
30   38   51
42   20   35
38   7   12
20   41   59
44   59   44
0   26   43
58   44   37
27   30   37
17   5   17
1   39   8
50   56   21
38   2   39
31   41   28
29   24   31
5   28   33
51   24   12
7   6   6
59   44   54
48   14   44
10   46   11
36   22   36
34   23   43
39   25   45
5   26   47
13   31   37
1   19   29
28   52   62
5   40   40
18   40   55
59   32   38
30   55   14
17   22   34
55   13   52
26   3   56
26   21   34
28   9   50
0   7   9
14   18   59
39   44   56
17   1   20
49   26   52
23   3   56
40   40   43
19   51   47
56   29   60
3   40   37
40   27   0
24   51   12
32   52   15
26   33   54
14   29   53
33   21   55
6   25   42
27   4   30
49   43   30
58   1   24
61   18   50
48   4   1
62   10   7
60   2   24
56   56   14
24   52   7
55   13   5
14   40   37
62   11   4
11   27   6
1   56   0
39   3   39
24   24   11
48   59   42
60   61   3
5   4   2
25   56   7
17   38   18
4   37   33
35   18   37
0   6   6
36   27   54
26   63   62
10   44   31
62   9   8
43   3   42
20   29   42
30   21   13
59   0   19
26   61   60
49   27   0
17   58   34
12   21   63
27   14   43
4   18   53
15   60   32
53   34   20
0   35   31
37   2   41
34   45   14
15   4   6
24   48   12
43   35   58
52   24   34
23   5   10
26   28   41
52   10   55
1   52   3
45   6   14
56   0   27
25   31   2
62   0   61
46   15   44
1   59   5
56   17   4
14   23   43
5   59   3
51   21   32
53   30   25
23   1   12
5   23   61
46   49   51
3   39   31
11   23   5
39   52   7
48   16   56
25   0   0
10   20   54
58   2   8
7   23   5
53   16   46
6   22   1
51   19   43
49   29   50
32   28   58
61   62   5
3   6   8
3   54   20
23   62   59
59   39   51
40   19   40
53   41   10
0   17   45
37   57   17
52   45   13
13   29   19
43   13   61
19   29   47
60   4   20
29   51   60
48   31   2
23   35   2
48   38   20
54   42   21
32   57   16
16   43   14
40   26   42
61   45   44
3   55   59
7   24   55
46   27   28
48   36   2
50   41   9
39   45   13
51   3   2
17   25   35
8   48   5
21   48   5
41   40   41
35   19   9
1   21   32
23   37   2
7   6   39
49   56   38
20   62   50
5   36   35
2   62   61
10   5   43
40   53   51
62   6   5
2   22   10
28   1   18
55   57   23
55   20   51
4   22   17
17   0   14
51   62   0
41   28   37
31   36   27
54   11   58
39   28   31
51   9   63
38   17   44
35   15   7
6   32   25
4   53   22
49   59   27
35   28   11
35   57   35
7   18   57
48   34   43
59   34   27
17   46   49
1   62   2
34   7   46
58   41   0
49   41   10
37   48   18
25   27   32
7   21   49
46   38   4
13   45   17
42   59   29
26   58   5
60   50   35
5   41   16
5   33   20
4   17   15
50   3   19
31   12   7
25   27   62
24   4   54
59   60   21
40   57   55
49   13   8
45   28   31
24   1   60
46   32   25
24   63   63
7   47   44
43   18   0
20   11   54
37   58   41
24   23   1
9   31   20
24   42   5
13   20   55
61   58   46
5   25   58
51   6   17
58   26   32
10   54   46
31   1   35
63   59   7
26   59   7
39   62   59
63   3   9
35   20   39
16   23   53
30   25   25
48   37   53
43   6   15
56   17   24
49   11   9
54   4   62
25   20   51
27   57   21
49   62   24
60   43   25
8   46   8
58   22   23
25   29   3
3   38   17
16   10   39
31   61   47
30   51   63
19   22   17
40   28   58
19   56   42
15   40   5
45   33   31
54   55   14
24   27   55
17   2   13
46   9   61
42   31   62
15   26   35
53   57   26
59   37   46
30   32   19
50   2   6
10   55   46
34   27   38
59   14   21
3   61   52
12   30   42
49   3   30
51   57   61
39   15   11
18   12   22
16   26   4
47   51   11
1   8   5
19   5   17
32   52   4
35   58   39
38   46   0
5   35   18
9   1   21
33   38   33
1   47   63
48   41   1
46   8   17
23   3   2
29   56   49
56   20   50
2   24   43
62   42   47
57   20   47
10   20   4
3   15   45
52   18   43
40   32   21
10   37   34
61   17   47
49   32   56
35   28   56
51   60   18
27   5   44
12   31   22
31   23   44
60   58   50
24   5   18
5   38   51
3   36   44
24   24   2
5   54   6
43   32   1
55   17   49
51   33   24
24   31   51
35   29   54
33   9   45
17   62   8
11   0   38
41   5   26
46   11   50
20   4   60
36   4   28
21   53   8
61   49   49
7   19   63
59   26   21
43   7   20
33   36   14
46   17   49
15   4   15
32   26   60
25   62   60
47   4   1
1   12   17
21   63   60
23   26   8
13   44   28
26   51   49
9   23   33
10   11   56
57   45   21
48   29   53
1   7   15
42   6   31
41   49   14
63   35   35
43   3   58
10   21   34
15   20   50
54   35   49
47   6   34
14   42   50
46   51   42
17   29   36
32   5   30
58   21   27
45   55   42
32   33   20
48   29   26
26   49   3
40   12   61
19   11   44
35   57   18
24   58   24
10   17   3
11   21   55
55   19   50
16   44   37
14   44   5
59   62   8
58   46   49
0   56   15
12   32   2
54   58   38
58   45   45
38   22   33
8   41   44
14   60   5
28   5   27
0   10   6
57   34   35
45   54   56
58   61   19
13   20   31
14   52   27
51   9   45
58   39   27
25   59   2
38   48   41
34   40   53
18   5   1
46   62   59
0   59   24
2   55   53
15   12   5
51   17   46
49   38   52
45   11   45
13   23   42
10   27   3
5   2   49
16   14   23
51   29   48
45   7   63
6   26   25
46   2   3
22   10   48
38   61   30
44   6   13
7   4   3
51   57   22
60   62   62
36   18   36
59   19   3
1   29   33
48   6   33
48   15   48
13   54   28
13   38   13
19   0   0
56   8   30
48   56   14
33   43   53
13   54   20
51   23   21
33   0   18
14   11   39
16   44   17
3   48   29
2   49   39
8   62   57
60   63   58
29   21   36
41   15   51
39   54   7
44   5   15
40   9   56
12   18   57
17   36   18
3   7   42
13   21   52
47   3   43
47   50   48
21   8   23
14   46   45
5   7   6
52   10   15
56   19   24
54   7   55
41   57   31
37   63   40
23   62   36
6   19   44
19   62   6
19   47   5
8   49   10
48   4   37
1   26   53
52   19   48
56   2   23
46   14   62
36   24   41
47   51   53
27   8   56
8   2   46
37   10   13
51   56   10
47   31   43
29   0   31
49   61   1
43   47   2
1   25   41
42   25   35
52   28   10
41   42   47
49   25   48
1   14   19
46   40   4
33   63   39
56   1   15
59   42   43
6   26   2
14   30   49
1   38   14
24   18   23
44   29   61
47   28   39
49   0   19
32   17   41
40   37   61
18   21   3
38   26   39
37   11   36
62   13   5
19   30   37
48   35   21
37   30   27
13   22   42
62   58   38
1   11   21
37   36   24
27   62   36
22   5   48
50   29   42
49   62   1
12   53   23
57   0   23
24   28   55
57   37   29
56   2   43
56   40   55
9   30   32
20   3   10
46   40   13
12   56   29
50   48   6
3   36   8
0   12   11
32   38   58
11   27   56
44   18   37
43   30   50
28   17   1
6   38   52
13   25   21
18   8   24
17   35   39
2   12   19
61   61   4
14   25   62
42   31   17
21   25   13
60   34   9
29   33   52
0   37   10
20   26   25
3   29   38
54   18   31
17   34   43
29   62   45
49   4   36
52   5   56
50   32   52
49   42   53
47   33   63
34   22   58
48   10   58
1   44   44
37   57   32
14   21   40
43   8   20
33   62   2
37   34   24
24   0   53
54   37   47
11   14   21
50   46   61
29   48   58
24   32   9
60   51   37
24   4   62
35   25   27
49   61   29
18   53   5
58   63   7
51   24   46
14   20   58
48   40   6
24   43   8
18   34   38
7   11   43
49   60   21
56   35   47
27   0   23
47   0   1
53   35   19
47   40   2
63   4   10
49   30   27
3   57   21
4   41   38
44   22   31
49   24   45
1   33   28
40   53   16
26   56   3
47   11   5
52   31   12
32   9   43
18   25   24
30   9   45
42   59   39
61   34   60
27   12   38
52   55   25
57   11   52
20   31   39
0   61   24
26   31   39
28   3   26
16   45   48
3   34   25
58   19   21
19   26   61
57   24   38
25   3   60
58   47   53
57   3   7
23   55   39
61   54   32
42   37   45
52   16   41
48   60   61
55   45   39
35   40   48
32   40   20
45   40   63
37   11   10
45   23   2
53   53   24
30   33   21
20   23   54
48   55   60
42   40   44
52   15   49
38   31   28
13   23   25
29   18   36
32   45   15
33   21   37
43   0   13
28   37   48
25   39   37
15   58   36
46   6   21
12   16   59
32   52   60
30   35   44
34   24   26
58   28   26
12   22   55
23   21   3
20   12   26
18   7   24
46   61   1
43   44   55
52   4   31
21   13   24
9   26   38
19   4   16
25   0   56
57   4   19
16   5   63
48   31   28
12   14   54
21   10   27
9   63   16
48   32   42
53   32   50
14   54   14
42   0   62
58   55   17
63   41   3
13   28   56
52   1   19
22   62   39
31   21   6
59   29   23
10   23   55
2   39   8
8   24   61
27   37   25
46   48   55
55   21   44
43   2   13
51   43   11
19   25   23
17   53   0
23   40   63
61   38   15
51   4   29
46   36   25
10   40   34
48   51   53
50   0   5
61   53   30
58   53   19
39   28   43
51   35   45
29   4   31
21   26   30
30   14   40
50   37   50
56   55   21
22   24   13
28   6   16
18   8   52
4   43   40
48   50   55
60   58   41
56   34   59
18   53   39
13   25   43
47   55   39
52   21   52
19   24   20
25   1   39
1   25   9
10   26   39
16   22   28
27   55   11
51   14   46
23   24   24
15   25   56
55   38   39
19   29   19
47   60   62
51   63   22
7   20   6
41   41   49
29   14   63
14   60   19
32   24   31
25   17   63
8   55   19
62   61   18
27   45   47
9   40   38
52   53   19
57   62   48
19   5   46
58   40   43
46   18   38
63   31   14
47   63   33
3   23   52
62   15   24
28   31   42
20   48   8
16   2   3
14   44   43
9   7   29
51   32   46
62   21   28
40   27   37
21   11   21
55   23   42
52   45   2
22   2   61
52   29   8
43   37   59
21   47   2
16   28   50
51   56   22
44   39   8
35   48   13
5   53   4
43   28   50
43   51   14
60   12   52
50   31   29
5   41   51
39   8   20
41   25   41
47   8   5
24   26   3
5   18   7
9   36   34
24   5   54
58   21   47
34   3   28
59   26   43
45   31   32
7   59   39
1   40   38
2   22   60
25   1   57
58   6   21
17   56   26
56   44   36
29   63   30
33   48   0
41   1   27
2   14   22
56   51   20
56   54   13
43   16   63
34   43   47
52   11   14
38   61   59
51   13   2
50   2   19
31   13   6
9   28   58
46   4   54
39   9   58
40   25   57
58   8   19
33   55   51
51   34   22
48   39   60
25   46   7
55   18   47
12   27   50
8   33   31
44   2   37
29   31   49
17   40   8
30   52   2
13   41   31
29   48   46
3   26   29
35   31   55
56   19   48
62   19   6
28   24   24
46   32   63
20   15   40
24   8   56
2   23   10
26   50   2
41   18   38
10   14   58
49   57   21
8   26   0
59   62   21
30   35   53
54   1   21
63   34   56
32   2   41
40   30   62
59   62   53
13   5   16
61   30   46
14   43   41
35   25   48
48   25   43
3   24   30
24   46   8
4   60   42
57   21   45
39   22   35
25   28   0
40   44   46
50   60   33
30   45   16
51   29   26
62   26   42
10   48   12
51   26   13
51   8   48
10   24   30
5   29   32
14   63   6
54   57   34
49   9   63
24   45   13
14   46   13
3   27   37
50   8   47
2   37   47
17   43   60
42   2   39
47   2   56
48   43   10
49   1   1
59   30   37
60   39   31
19   19   60
63   25   60
41   22   43
50   34   47
18   33   46
9   5   41
40   31   21
49   20   0
57   63   9
36   8   25
54   17   3
14   16   33
63   53   50
5   7   44
35   28   31
50   45   2
5   26   38
14   5   56
48   58   53
26   5   51
24   10   14
0   40   4
3   56   20
3   25   30
51   46   50
57   62   7
39   27   44
8   21   59
49   6   9
21   57   8
48   15   40
28   9   2
30   28   34
38   62   63
45   11   12
42   39   44
26   58   20
0   55   13
30   28   11
52   58   22
7   36   33
47   20   51
35   40   37
51   21   42
52   14   50
20   22   40
58   60   22
29   15   62
62   18   4
62   6   27
14   35   36
0   22   41
45   55   10
28   15   0
19   63   61
50   15   52
24   33   56
14   41   12
58   51   42
12   26   40
31   27   35
2   1   62
59   63   10
58   2   18
17   55   24
14   22   40
39   10   50
18   29   38
52   9   46
39   47   4
46   55   9
50   3   36
32   45   50
24   57   9
29   23   43
35   49   19
58   45   15
14   40   52
7   7   6
3   37   15
50   56   12
46   43   21
27   24   24
28   0   21
8   21   51
52   57   19
38   23   55
47   19   48
34   22   38
50   30   19
46   1   4
26   52   3
40   4   55
23   43   8
21   30   27
29   32   52
36   44   8
33   62   35
40   27   56
51   31   55
45   2   10
17   41   21
57   40   26
43   2   22
5   39   23
41   7   3
40   30   22
25   33   44
53   8   37
32   27   59
0   28   45
49   63   2
52   29   49
51   25   13
36   50   33
51   55   18
8   11   34
14   27   58
5   2   41
58   4   20
56   0   60
6   35   31
28   18   36
40   42   16
4   39   9
13   25   57
0   22   62
7   59   62
16   58   2
54   59   0
14   45   60
38   57   30
20   5   7
44   55   40
43   21   33
51   6   32
2   38   46
36   20   53
46   8   53
38   8   43
24   1   14
12   56   12
40   18   36
58   51   17
16   54   31
38   24   30
9   35   32
37   24   24
17   0   6
30   59   9
39   51   11
45   57   28
55   37   45
25   58   14
4   39   36
14   30   40
19   27   63
30   18   39
19   7   61
43   26   39
13   29   54
59   40   55
49   46   48
13   57   23
25   4   52
51   34   45
20   28   40
17   29   46
38   45   0
46   35   7
51   5   2
1   22   55
9   29   47
19   30   17
9   31   55
28   12   36
3   53   15
62   16   24
42   44   57
9   12   31
16   20   60
7   60   32
53   28   28
28   37   37
49   0   3
34   62   5
47   62   24
2   30   18
22   56   41
42   3   41
20   1   9
34   44   11
20   40   56
59   44   38
0   6   39
26   11   35
30   60   17
11   22   61
15   18   6
18   48   6
43   5   28
0   20   15
13   26   41
19   29   55
54   6   57
2   47   36
18   43   15
40   32   0
33   53   48
27   21   16
12   29   48
12   24   55
40   18   3
50   30   9
48   5   61
17   54   31
52   29   18
61   47   46
19   28   63
30   53   4
9   20   31
19   6   14
44   13   30
63   59   23
7   2   47
48   34   6
17   58   2
9   19   31
15   44   36
15   22   46
23   63   60
51   15   3
26   57   20
46   31   34
14   22   52
47   6   0
60   62   21
62   3   14
34   28   39
13   56   23
51   60   26
42   40   31
53   24   37
62   55   14
3   25   43
37   60   30
31   62   40
49   50   21
22   9   52
60   2   63
40   26   21
61   22   28
44   40   5
12   28   54
61   2   7
33   28   34
14   55   21
10   19   43
50   60   58
37   44   11
46   56   36
26   60   21
1   6   5
52   62   19
13   24   57
34   26   35
27   1   30
55   8   39
1   63   1
60   62   53
35   30   54
47   25   57
18   17   7
54   2   0
