0   3   19
17   8   1
44   38   14
22   24   49
15   56   7
20   32   39
31   42   35
56   58   16
10   52   20
25   40   10
56   0   35
14   33   55
1   4   52
44   59   60
34   24   50
35   5   17
61   45   52
32   52   36
5   8   57
24   25   40
15   6   1
51   57   57
21   31   27
11   53   32
60   61   51
11   8   20
51   27   28
5   60   10
41   48   19
4   56   37
38   25   17
3   3   30
6   6   22
12   25   19
3   11   1
10   53   37
6   10   62
57   29   1
32   56   34
42   42   48
25   19   35
47   47   3
3   15   2
8   50   46
28   60   48
5   51   2
32   14   38
41   52   22
6   52   51
62   15   40
6   46   2
50   16   18
45   55   7
55   44   34
12   25   53
55   28   49
29   8   42
42   24   29
28   34   4
62   1   32
30   35   11
6   63   47
13   46   63
18   16   58
23   24   62
25   30   4
55   43   40
20   7   3
7   26   60
10   15   58
13   39   37
10   37   0
24   20   60
47   51   2
38   47   42
8   45   59
21   46   43
38   53   27
0   29   3
44   63   43
56   5   39
54   50   11
47   33   39
34   54   42
25   10   15
63   7   24
10   51   9
0   34   16
37   41   6
49   38   17
33   61   42
18   9   62
7   57   52
52   60   62
59   7   52
52   23   23
47   45   40
43   7   41
46   50   31
5   59   36
44   44   15
60   49   20
44   9   33
52   17   39
23   19   21
22   41   54
30   10   36
44   7   48
45   8   36
36   2   37
53   63   22
26   54   31
14   12   42
10   35   1
47   4   23
44   22   29
59   21   47
47   4   20
44   48   15
22   58   54
41   43   42
24   13   32
53   43   19
24   16   49
27   19   40
57   18   20
14   15   53
39   26   30
38   24   8
25   11   21
32   15   45
54   50   62
54   10   47
25   49   28
12   13   36
54   20   6
28   41   1
60   4   9
27   33   4
43   25   35
9   37   11
31   59   44
24   38   14
37   51   43
6   12   5
32   4   19
10   36   37
15   9   2
3   56   3
52   54   1
33   55   44
20   0   50
5   11   2
18   36   22
14   55   32
15   12   45
49   22   36
4   58   52
31   40   11
51   39   18
23   41   32
16   16   34
36   20   32
12   34   10
2   12   60
7   10   54
38   3   36
37   10   48
34   54   38
30   33   11
20   22   7
32   5   29
2   2   61
16   46   33
40   24   55
23   3   15
61   42   10
57   38   50
34   61   44
26   20   19
20   14   62
1   0   19
10   18   37
40   25   26
18   10   1
51   60   60
47   35   38
5   20   53
38   21   46
34   15   31
12   55   5
21   15   45
21   13   3
31   30   37
45   5   14
23   44   1
19   18   37
38   36   58
6   17   15
33   45   32
2   56   35
26   7   5
57   36   49
56   7   54
62   23   32
61   62   39
19   49   12
5   12   15
39   6   46
59   17   29
2   54   2
17   35   26
42   53   19
2   21   25
58   43   12
41   1   48
49   52   4
38   0   38
28   32   46
12   2   62
31   39   10
45   46   43
20   63   51
29   47   41
28   16   2
32   20   35
52   11   22
60   49   24
62   20   39
37   29   6
63   20   40
2   62   19
16   49   37
36   56   7
19   18   9
18   37   36
59   9   2
21   17   25
7   60   3
50   10   14
25   2   26
24   8   43
21   36   51
46   0   17
42   7   18
10   34   32
53   37   38
11   50   23
2   27   19
53   60   5
21   49   13
4   52   34
47   59   39
5   35   45
46   22   33
31   39   48
32   62   34
6   51   39
3   1   56
24   34   45
17   44   39
24   6   26
36   6   6
63   60   24
42   38   33
60   20   34
57   5   47
17   41   40
19   41   9
16   27   22
27   63   10
31   59   43
11   56   3
59   59   34
49   44   16
57   6   14
2   13   44
45   52   10
20   57   56
11   46   5
19   13   45
42   62   10
43   29   38
21   52   19
6   58   3
8   1   10
16   39   14
63   3   29
59   50   6
1   30   2
10   11   15
19   37   10
36   31   41
0   53   54
17   27   44
56   31   9
5   55   28
34   9   31
57   30   32
58   55   50
63   21   29
0   18   35
22   48   41
26   18   24
3   18   34
51   0   54
26   60   47
0   6   25
8   16   58
20   4   44
17   52   61
61   63   19
23   6   43
1   18   37
2   57   56
30   15   51
37   37   14
7   56   10
3   56   33
25   13   60
63   42   61
21   21   48
29   29   45
38   37   58
38   49   3
6   12   2
8   55   3
28   16   63
61   52   11
60   61   45
33   6   14
12   39   48
13   53   30
4   42   5
22   13   52
44   36   0
41   58   39
30   18   5
62   11   48
37   4   26
19   8   3
16   41   37
53   34   57
54   58   27
11   55   40
5   12   16
2   21   31
22   25   46
35   51   44
5   48   26
27   8   27
25   40   39
4   46   4
24   10   28
25   4   3
24   9   58
24   16   1
40   54   54
47   44   37
5   51   35
16   44   12
26   52   23
2   43   14
61   51   27
9   49   3
25   38   42
63   63   36
16   20   42
61   42   8
38   24   44
0   58   18
9   54   10
38   50   5
51   31   27
34   22   8
21   9   1
27   44   57
56   57   10
58   10   25
29   11   60
44   58   24
48   7   49
63   7   3
56   24   32
45   40   31
21   46   39
41   39   18
48   25   23
24   4   46
51   19   62
29   32   41
60   17   35
24   4   47
14   26   14
30   39   0
9   49   48
7   41   4
7   40   63
50   10   36
20   6   8
23   44   41
9   5   13
28   18   17
46   5   21
5   39   63
38   27   21
39   57   4
15   61   10
47   40   61
27   47   23
31   21   53
53   56   1
29   12   34
39   56   31
26   12   28
50   46   33
32   32   35
59   56   25
36   39   29
3   52   1
53   7   39
10   45   14
12   3   62
48   17   57
38   4   11
7   30   23
46   36   14
25   34   14
44   4   22
2   50   57
24   17   39
55   34   46
9   8   31
13   19   27
23   18   10
48   36   40
52   2   51
41   54   6
27   54   51
3   17   47
33   51   21
16   8   49
39   34   30
32   6   18
25   7   28
30   18   19
21   54   9
38   1   6
59   19   23
58   34   20
63   45   53
23   17   37
62   12   2
58   0   39
29   44   54
21   15   40
27   2   37
62   29   12
61   54   53
21   9   0
48   19   39
55   43   41
47   9   30
61   9   54
36   33   4
40   25   21
31   17   35
34   4   47
17   48   39
16   40   50
57   45   12
17   3   38
32   55   7
28   0   44
53   25   3
28   46   58
51   48   11
17   36   53
62   42   62
36   42   13
27   44   58
22   30   10
40   46   19
54   48   59
46   47   7
43   59   59
55   54   11
49   34   6
3   29   19
25   33   63
55   36   6
16   46   27
4   32   44
45   12   41
1   34   44
38   9   52
25   14   28
15   35   31
4   63   51
59   1   10
43   11   28
38   57   45
14   61   49
8   49   44
60   11   2
35   62   41
8   49   34
30   30   51
21   54   55
9   13   61
54   26   8
50   40   18
4   56   24
48   22   52
26   5   39
18   4   31
1   5   45
58   0   31
42   60   40
20   17   13
11   39   55
46   11   43
55   4   57
26   45   46
21   50   63
59   6   52
63   56   14
34   11   51
33   36   13
39   1   19
26   33   48
9   50   33
59   54   56
34   37   48
40   34   10
28   46   12
29   4   53
17   50   33
14   38   59
47   30   56
30   6   16
14   38   37
18   52   1
9   47   5
9   48   9
36   13   8
17   17   18
62   42   24
23   11   56
26   48   28
3   12   10
27   8   40
31   30   23
15   49   55
15   62   38
36   4   52
17   35   37
54   50   12
7   7   0
37   7   46
57   19   53
36   51   41
29   20   28
53   32   27
61   52   54
11   46   36
17   62   49
31   6   32
33   59   0
59   7   45
47   37   44
10   14   5
6   46   53
16   15   56
35   19   36
17   45   36
5   44   23
46   54   4
37   39   30
14   27   27
14   35   22
29   28   21
53   49   7
32   31   19
17   3   30
36   8   37
13   39   33
18   59   16
35   47   45
5   38   1
46   54   7
18   7   41
30   36   48
54   39   47
24   36   8
14   48   41
20   20   33
18   21   26
36   61   16
1   4   58
61   44   16
46   18   32
5   62   3
29   21   47
44   49   44
11   22   14
61   42   44
30   63   53
0   31   61
7   30   58
34   2   63
14   16   19
20   8   36
16   63   13
54   40   13
8   61   11
41   45   10
33   33   33
48   45   57
3   44   41
15   15   62
41   14   42
17   23   53
44   8   32
26   29   40
54   16   61
40   10   63
22   36   30
10   42   38
16   10   14
13   2   44
55   20   43
9   31   1
33   40   13
52   57   12
45   59   54
11   11   51
40   21   18
48   47   42
1   32   43
37   28   4
6   54   13
34   12   32
12   60   31
25   5   15
49   53   7
16   60   9
5   12   58
33   50   56
29   2   27
22   12   56
33   30   38
55   26   6
41   30   41
14   8   5
58   48   35
4   47   29
11   34   0
45   23   13
21   8   47
4   31   8
12   7   36
29   17   34
55   48   24
2   21   10
59   20   5
16   55   23
23   51   28
34   7   55
4   4   46
63   38   9
21   23   48
29   40   32
2   44   29
63   23   29
19   63   36
30   24   13
20   9   40
41   18   56
38   14   35
36   12   56
0   49   52
25   22   36
5   44   26
8   45   40
60   14   52
12   57   1
59   3   35
36   47   60
15   54   52
30   28   51
62   7   39
27   59   57
12   36   11
7   57   61
1   35   14
16   6   57
23   36   44
20   12   34
61   39   29
33   27   9
39   44   6
44   15   28
11   58   32
42   3   8
14   15   26
1   34   43
24   44   37
50   19   18
47   16   20
55   43   0
47   46   16
36   63   0
32   31   50
43   62   48
61   52   39
38   24   16
22   61   38
44   12   28
32   34   10
43   49   15
10   3   50
6   63   54
10   28   42
30   18   52
61   33   49
11   50   44
47   49   2
10   15   55
25   5   43
23   21   25
60   46   33
48   49   3
1   50   50
20   25   29
42   30   23
33   36   56
60   8   3
51   4   54
36   49   43
43   49   12
44   57   47
46   22   39
58   48   62
42   5   11
4   3   54
49   7   42
22   17   43
61   42   11
8   38   38
45   28   23
30   38   19
57   33   47
31   2   23
47   13   55
14   14   61
6   17   29
12   10   61
38   48   37
50   44   54
19   59   47
62   44   1
54   59   53
18   14   18
12   15   18
35   5   43
52   18   62
36   45   43
3   51   57
48   33   59
59   7   46
32   63   29
13   59   14
2   54   33
26   0   42
10   59   52
28   40   4
23   19   28
25   44   56
12   52   59
13   7   57
61   46   10
48   60   54
39   12   8
32   0   9
48   62   54
62   8   51
56   5   57
30   22   48
14   41   36
37   1   44
2   5   61
1   18   38
30   28   50
13   57   47
27   25   16
19   63   58
27   32   29
30   4   6
15   16   45
32   43   21
23   16   60
47   17   14
48   22   22
23   36   41
27   62   14
10   17   55
2   58   33
55   49   11
54   61   27
8   26   55
9   50   3
35   57   15
21   44   43
25   1   26
29   23   25
30   50   21
45   59   62
8   13   53
13   38   40
57   38   51
21   38   22
23   7   44
52   8   54
58   33   51
10   2   36
31   35   34
63   62   29
34   39   42
20   24   57
59   44   11
18   49   43
28   4   44
5   34   3
49   10   43
20   41   42
55   41   37
15   56   58
24   26   34
2   1   46
60   48   0
19   4   39
4   40   5
2   43   23
7   56   50
18   42   52
11   59   39
8   58   50
38   52   5
27   1   43
37   34   45
7   17   45
25   42   16
60   63   54
8   50   4
62   47   11
6   60   5
35   1   0
38   46   37
62   7   25
25   15   60
21   24   43
55   23   6
52   36   9
35   2   29
15   0   23
4   58   44
9   40   51
54   2   54
7   59   13
53   39   6
32   35   41
11   12   51
27   17   24
4   57   5
43   16   34
30   8   22
45   10   33
40   61   39
2   14   46
60   57   29
0   0   8
12   57   35
14   34   31
6   18   29
48   42   17
29   52   35
55   43   35
58   4   43
5   47   38
31   10   41
48   35   9
2   16   60
5   50   35
56   26   9
37   45   30
10   11   22
14   6   58
17   16   48
26   34   11
44   29   21
5   34   23
57   25   32
24   57   43
44   16   21
31   16   58
42   0   32
38   4   39
31   14   21
17   11   14
24   0   46
45   20   32
2   33   44
28   2   10
36   4   3
10   4   44
12   42   20
3   14   13
62   20   35
13   28   37
18   29   63
16   41   10
53   36   13
33   28   9
58   45   40
15   41   15
59   35   18
62   58   14
12   9   0
17   15   30
16   14   63
4   28   45
4   46   48
34   21   16
24   28   52
38   38   8
48   54   13
53   48   61
20   7   9
61   57   57
61   8   17
14   43   58
0   10   51
7   41   0
21   60   56
54   56   54
40   46   3
20   10   38
47   62   62
7   13   30
25   29   30
44   36   34
30   13   52
31   26   29
55   26   1
34   14   44
1   56   56
37   23   21
9   6   54
10   49   35
12   10   13
35   40   6
47   26   3
13   48   40
43   9   55
35   26   50
10   55   41
2   11   60
29   13   55
12   20   14
0   2   59
28   34   6
29   46   31
31   39   38
30   21   29
16   15   1
53   3   47
17   42   39
46   5   22
5   12   47
61   35   16
5   9   8
8   14   31
0   60   14
42   48   42
46   62   43
31   2   52
8   49   4
53   25   30
45   47   10
41   61   19
44   62   14
18   4   43
3   39   61
2   48   50
4   34   63
21   23   19
10   20   15
33   1   16
47   13   59
37   39   5
27   44   28
61   9   61
48   6   56
50   11   41
39   13   45
22   13   47
37   15   32
16   24   5
63   32   0
5   41   33
33   5   45
9   42   48
36   8   33
30   46   38
8   62   46
58   51   29
9   14   7
5   47   36
52   53   62
30   58   62
58   56   34
27   39   45
9   20   40
32   29   52
43   9   18
33   22   55
29   30   9
39   0   10
42   19   29
48   41   58
35   29   40
40   47   43
49   36   10
10   9   16
13   13   13
37   14   43
27   25   48
9   7   26
9   40   60
9   53   35
16   9   49
15   48   36
61   21   59
60   18   59
18   3   45
49   22   35
49   16   5
46   6   62
0   2   30
17   0   47
32   38   9
14   10   37
55   49   38
14   54   8
37   53   9
22   26   28
25   30   8
19   11   18
20   16   28
21   40   43
15   39   58
20   28   11
3   16   15
57   48   27
6   36   6
32   48   35
37   3   3
58   45   11
19   17   41
32   43   12
3   48   23
17   42   33
13   48   37
30   57   7
33   31   40
31   11   46
26   11   45
27   11   32
25   46   35
4   8   59
53   56   52
11   15   44
36   11   63
33   15   48
43   17   32
21   52   55
50   59   15
11   18   23
34   36   50
32   13   47
56   41   27
53   63   39
53   31   40
26   59   2
31   35   10
55   49   36
37   17   52
40   54   43
28   8   39
26   57   47
57   36   46
29   21   2
37   37   54
10   41   59
15   56   38
27   15   35
29   1   56
42   50   3
1   3   22
12   62   62
7   14   29
53   52   37
40   7   44
10   1   45
25   40   16
8   46   33
48   42   61
36   28   10
41   63   19
44   37   32
63   39   59
10   55   8
6   58   30
15   10   26
15   25   54
45   39   33
28   56   19
5   39   49
34   14   30
49   31   2
42   14   41
23   14   27
26   23   38
49   14   39
51   42   0
11   14   44
30   15   2
35   45   45
34   19   5
24   63   39
45   6   49
6   4   15
46   48   14
8   56   39
24   35   63
61   45   30
9   62   36
41   30   44
18   61   18
10   0   50
35   1   24
57   5   18
39   43   3
2   52   23
54   0   15
13   19   43
30   13   45
29   12   41
57   23   48
49   7   22
32   30   39
40   51   40
52   49   57
8   48   53
7   50   39
12   14   37
35   1   41
7   8   16
20   22   19
49   62   49
45   7   34
44   44   40
60   12   39
5   48   61
50   33   37
26   5   5
30   50   5
43   37   41
23   42   41
39   3   10
12   3   0
12   48   32
58   37   2
45   1   43
56   42   42
6   58   11
18   17   50
9   43   52
35   46   16
45   34   39
32   54   41
9   4   58
32   31   39
14   49   40
16   16   47
63   30   45
9   33   11
6   57   31
33   20   50
49   53   33
33   58   58
19   7   47
34   4   45
40   26   18
15   6   46
39   5   49
27   13   58
12   19   48
26   6   39
11   49   31
15   46   15
43   43   58
2   25   2
5   51   50
45   45   42
42   21   32
15   63   37
52   18   63
28   18   51
37   0   43
24   52   57
27   22   17
55   4   13
26   55   60
17   38   26
40   24   46
28   42   58
19   2   5
21   21   29
41   37   8
63   18   42
43   37   33
6   48   42
61   57   34
36   26   5
23   29   37
20   13   48
15   39   36
43   37   39
11   51   63
61   31   30
8   6   11
36   35   32
58   34   17
61   56   10
38   24   43
53   56   57
51   60   48
37   37   6
18   60   36
40   28   26
63   1   29
17   63   57
8   59   46
43   10   32
44   49   40
4   19   53
22   21   31
10   1   16
57   56   51
42   4   62
26   11   52
13   33   10
37   5   36
14   61   22
6   5   25
27   56   1
15   40   4
34   61   50
48   51   62
61   28   9
34   1   51
32   22   5
58   6   47
46   43   40
52   45   0
62   13   26
21   22   46
34   3   23
29   26   8
27   19   36
19   62   14
31   57   9
14   54   43
17   19   53
43   60   10
39   63   40
34   17   58
0   13   46
47   58   61
36   35   53
21   7   12
30   50   12
27   14   19
28   49   36
54   50   14
42   50   10
36   22   4
33   20   6
32   59   62
35   53   46
57   9   25
34   60   22
41   8   50
7   16   55
34   38   16
4   62   8
48   30   48
5   8   8
21   47   13
3   56   30
15   9   30
55   46   61
34   3   22
61   58   10
43   2   34
61   2   5
32   50   16
22   35   10
34   13   49
26   3   22
38   6   41
26   51   16
56   52   12
6   34   38
27   61   6
12   7   10
51   42   38
34   11   35
11   48   28
54   14   36
25   41   56
58   54   10
34   10   32
55   63   25
54   35   46
6   27   18
24   20   43
24   29   32
55   29   6
28   24   53
44   54   42
39   56   44
33   53   41
54   23   30
42   1   46
40   12   48
41   35   19
17   14   6
2   44   10
32   55   38
6   3   57
16   4   5
46   54   10
36   48   11
40   9   47
63   23   47
56   22   22
7   42   2
41   58   4
47   41   61
3   7   56
41   60   42
37   38   38
42   61   42
10   45   9
17   32   43
53   9   39
17   41   55
1   17   31
20   33   33
15   18   46
20   40   26
32   16   3
30   12   43
60   51   54
38   8   5
5   45   23
9   55   31
51   47   62
48   22   1
63   16   13
42   7   30
23   22   28
18   50   1
39   2   32
7   21   27
12   36   36
10   51   53
61   33   63
17   44   35
63   11   19
61   10   17
52   5   2
7   21   12
18   37   26
15   1   60
51   47   16
54   0   46
49   63   54
58   0   36
63   21   15
32   3   0
14   8   46
10   8   52
50   19   9
60   38   57
22   52   22
21   38   36
32   53   58
40   12   39
0   37   57
31   60   18
6   28   34
15   36   39
38   61   45
31   58   34
2   38   43
62   40   2
27   44   10
18   29   27
42   49   38
31   33   29
57   24   53
15   34   53
2   41   63
55   58   4
17   1   30
14   47   20
9   4   59
29   43   44
18   9   14
44   24   3
26   57   63
22   17   35
45   62   45
61   28   44
0   16   3
5   8   46
38   36   19
5   37   3
60   39   25
1   48   14
38   14   10
23   29   41
8   43   4
27   4   52
40   3   34
36   63   39
56   7   47
31   18   11
4   56   18
16   37   40
4   46   23
50   13   32
34   16   41
4   11   26
6   4   11
36   5   39
10   7   11
57   9   62
10   63   42
30   51   36
15   20   13
12   10   12
32   62   51
10   62   22
13   13   44
57   59   51
19   4   9
31   20   38
46   22   50
4   37   1
24   10   43
60   44   35
30   12   47
39   44   42
25   18   29
45   58   40
43   63   29
50   8   22
48   60   45
11   59   43
33   43   0
29   8   21
63   42   0
7   16   45
5   63   45
3   1   9
61   47   30
19   18   40
46   0   57
42   52   44
5   55   29
61   23   49
15   8   17
52   17   62
0   10   61
34   7   41
37   33   48
19   57   38
4   17   43
30   12   39
6   1   36
10   28   39
2   49   33
23   20   29
14   3   46
61   53   48
43   49   16
52   27   3
39   61   48
21   51   1
16   47   40
38   34   19
4   46   52
22   35   54
36   32   14
25   43   48
35   43   30
35   21   50
38   29   43
35   29   10
35   2   18
42   0   47
7   18   40
52   48   21
37   25   4
47   49   13
11   0   30
6   38   23
16   54   42
56   8   5
37   15   21
62   41   59
7   30   1
32   18   35
52   58   57
17   13   15
29   37   42
48   50   33
12   19   55
25   56   2
50   8   56
0   15   44
40   60   48
54   46   29
20   53   41
22   38   4
8   45   50
16   4   12
55   46   35
5   6   59
17   2   6
4   5   16
29   25   21
7   18   27
23   25   10
26   45   28
38   36   42
24   54   12
54   23   28
43   42   8
41   51   37
0   14   47
46   48   3
59   46   49
46   37   48
6   13   54
53   38   9
0   61   0
22   9   36
8   36   2
54   25   35
57   51   10
19   44   55
14   55   63
61   25   23
3   29   63
31   44   21
6   35   44
5   20   48
38   21   43
31   3   27
1   28   42
34   34   11
9   18   47
17   16   12
29   27   17
39   54   44
34   17   39
37   62   37
6   22   13
63   29   61
46   51   33
26   1   15
56   2   52
38   34   53
35   43   35
42   8   1
16   14   42
26   20   27
35   8   36
55   33   20
21   61   31
58   55   32
1   2   8
61   36   62
21   2   44
0   14   35
53   30   50
15   8   38
16   57   51
49   22   14
61   47   7
48   27   35
19   50   42
13   37   22
11   58   55
10   8   56
30   20   31
46   47   31
6   33   56
19   25   57
20   31   26
58   33   6
42   24   23
8   47   46
62   55   34
33   27   35
29   17   0
19   12   14
28   39   54
59   23   43
12   24   19
58   10   46
1   62   10
19   55   1
55   46   6
49   44   63
8   49   24
24   32   63
30   42   37
1   63   13
47   9   36
46   55   5
38   58   31
61   34   49
22   51   39
21   59   1
57   1   7
42   20   43
43   50   6
47   44   49
0   14   5
21   14   38
13   6   34
24   4   49
31   62   19
51   17   42
10   59   9
28   33   41
33   5   19
8   57   59
29   55   1
8   5   30
59   33   14
25   51   13
24   16   40
53   21   3
7   10   46
6   39   12
30   15   36
8   16   56
51   28   20
8   9   54
18   61   8
29   56   44
31   42   60
21   21   42
40   11   44
56   40   12
8   46   37
39   50   11
2   33   59
21   57   37
57   33   43
45   32   40
13   45   43
50   51   61
36   13   10
61   59   54
52   19   14
12   3   53
6   62   27
59   2   62
12   54   5
6   5   11
4   6   60
8   8   44
48   49   61
29   59   63
16   4   30
40   43   37
61   0   9
56   32   34
48   9   34
3   57   0
5   51   3
48   6   54
55   61   35
27   46   14
4   30   62
4   44   14
30   56   63
8   10   16
19   14   50
37   10   34
52   9   14
44   12   29
33   55   10
50   53   12
12   17   23
33   43   4
62   37   45
6   28   46
32   4   50
40   45   16
53   18   43
35   50   15
25   34   34
27   41   4
37   58   32
61   32   12
43   13   42
27   19   53
47   51   4
27   0   14
20   23   28
14   13   43
20   13   6
5   5   36
61   25   17
19   12   41
39   11   58
31   36   10
57   0   32
51   37   6
1   1   51
43   9   40
32   29   31
48   40   58
32   42   41
30   19   2
39   28   18
13   12   58
35   5   22
27   19   60
22   9   47
5   56   28
22   3   41
50   31   10
6   22   39
9   47   41
27   63   57
10   52   46
52   47   17
29   11   1
0   46   30
45   58   37
26   31   16
18   19   38
34   56   9
55   36   45
1   45   46
38   37   38
20   57   46
58   17   22
10   59   42
44   3   14
27   46   16
49   41   6
1   61   27
3   32   41
14   44   4
7   42   59
14   1   8
51   46   12
46   14   33
48   0   62
1   25   52
11   57   33
39   4   10
5   41   12
7   47   26
22   14   25
63   8   44
61   15   21
14   2   46
27   20   17
37   38   50
17   42   35
5   1   30
16   6   39
24   58   39
38   33   53
9   13   11
14   62   23
3   59   56
41   58   19
54   47   11
4   58   9
25   6   27
37   21   48
16   31   31
30   5   23
32   11   18
34   14   41
10   52   42
23   47   37
33   29   37
37   29   44
33   9   42
32   49   56
57   57   9
7   7   60
1   35   61
55   40   51
19   52   39
23   49   57
22   8   5
22   29   22
13   19   39
56   37   39
21   55   47
30   12   50
21   2   43
17   38   55
30   30   13
1   12   3
62   45   33
27   41   24
44   37   34
14   15   6
6   51   13
7   7   61
28   12   21
41   20   17
5   13   57
39   53   5
63   51   11
29   30   41
30   20   49
57   32   7
61   43   61
13   9   45
60   40   25
53   43   54
1   32   37
17   58   1
8   26   57
10   61   55
19   13   58
50   7   17
62   21   53
40   6   8
59   3   36
23   22   30
44   24   31
23   36   11
21   41   43
16   31   55
14   60   53
25   54   28
20   47   11
45   48   4
1   61   28
9   6   16
19   51   42
13   51   5
59   5   13
5   61   62
60   50   56
61   52   50
40   10   36
19   6   45
25   35   32
17   9   38
57   4   18
49   62   57
41   7   37
31   55   43
4   3   8
44   7   56
4   20   1
40   58   7
62   44   62
8   26   62
35   31   16
56   63   29
34   54   32
11   61   36
1   53   52
11   41   58
60   51   50
23   8   35
8   51   24
5   14   10
45   29   3
62   58   27
3   32   39
45   30   50
15   29   11
10   11   37
27   49   19
63   34   46
17   6   2
19   58   3
63   5   24
15   60   14
0   15   9
20   7   7
43   34   38
44   10   39
60   27   12
50   33   6
49   57   46
11   57   44
23   22   42
13   0   38
0   9   52
36   16   45
10   28   21
39   29   42
38   57   10
5   13   15
14   18   42
47   12   36
42   44   20
54   34   43
20   13   20
5   34   34
31   12   48
55   15   52
20   6   53
13   63   38
62   6   0
25   43   49
3   2   10
63   35   46
17   9   21
46   22   25
17   0   44
23   10   3
41   57   14
22   42   43
6   33   63
25   60   41
5   7   54
21   28   25
7   23   0
59   37   30
24   10   32
17   10   57
47   13   34
36   13   51
30   44   19
46   19   33
4   57   3
34   0   32
26   9   15
60   5   43
48   5   36
13   56   9
22   11   50
3   30   11
37   7   47
7   47   59
19   14   22
54   11   43
53   62   34
20   16   13
59   27   52
23   42   1
25   25   43
37   40   58
29   3   43
6   45   26
16   38   14
32   41   58
46   27   47
25   7   15
17   19   18
3   46   46
54   4   39
35   16   38
60   16   47
50   30   51
5   39   50
26   27   29
56   9   45
23   25   49
11   59   53
14   63   49
9   13   56
28   49   46
19   11   4
9   5   26
11   33   40
14   49   30
17   17   1
16   14   36
31   59   22
54   28   52
60   47   16
47   60   57
20   16   3
27   58   44
36   54   31
1   61   19
4   15   29
3   17   13
62   31   2
31   18   50
21   3   47
25   16   5
12   46   43
16   38   10
57   48   14
23   63   40
43   57   6
3   14   43
20   61   47
10   34   11
41   4   28
13   39   11
30   4   16
47   9   43
15   38   31
57   23   38
60   36   42
11   8   10
37   1   12
15   30   11
2   44   46
31   35   38
17   6   3
52   32   48
42   3   39
35   5   63
43   63   10
7   43   12
24   60   44
30   10   47
9   32   21
46   44   4
32   45   58
58   30   17
48   36   44
48   16   33
13   11   26
63   23   45
3   7   52
46   62   16
60   27   46
34   39   9
34   25   23
29   8   44
23   44   49
52   48   34
47   9   20
27   33   40
4   52   58
51   25   28
49   3   57
16   11   38
39   21   56
26   17   53
44   48   25
13   1   53
41   56   54
11   44   61
23   26   19
40   6   11
18   44   40
36   38   24
34   10   31
36   48   15
18   6   36
55   15   57
46   14   29
6   50   2
44   9   14
26   13   53
18   21   28
29   20   2
40   20   33
45   42   37
40   19   35
20   18   38
41   38   62
42   35   31
14   40   35
9   46   55
5   49   49
57   2   57
61   27   32
52   50   10
39   20   46
10   10   11
63   51   36
14   1   6
38   17   36
4   47   2
40   4   36
58   7   35
20   25   27
40   36   10
20   13   38
44   13   48
9   16   13
28   39   40
45   7   28
49   59   19
43   8   29
45   22   47
14   27   46
21   25   26
21   48   1
7   49   39
36   46   32
36   26   4
34   14   55
44   13   52
18   7   39
31   1   18
3   43   5
9   26   34
41   9   49
49   34   40
2   31   17
41   53   54
34   46   41
42   13   54
3   59   32
10   3   15
35   59   4
30   5   47
1   27   33
30   36   9
19   54   14
28   28   6
18   44   3
37   3   29
27   42   14
54   61   39
25   33   34
15   2   52
21   29   44
34   50   13
36   11   48
58   51   32
54   3   46
42   7   36
34   52   41
42   61   26
7   28   12
41   22   51
5   53   48
47   49   6
45   31   21
24   40   49
34   12   49
19   14   2
23   13   36
62   54   16
2   32   8
49   10   42
30   29   25
22   21   50
19   5   6
37   6   44
63   38   44
7   3   52
38   43   14
15   38   58
13   14   33
60   55   29
6   0   28
41   54   37
4   33   39
36   19   38
29   50   31
21   51   44
31   15   39
12   55   55
8   51   61
2   40   23
38   46   12
30   26   32
30   15   38
52   23   50
33   54   16
8   55   10
59   1   13
39   9   38
22   29   42
47   23   35
2   37   14
2   6   5
57   36   10
18   27   31
40   39   19
28   17   63
27   21   26
39   42   38
50   43   33
35   19   49
53   7   48
29   30   28
51   4   60
44   31   11
43   7   33
11   30   60
38   4   15
11   15   7
16   33   45
32   7   29
27   18   28
2   44   44
30   61   59
0   49   10
41   28   14
21   7   58
33   62   44
57   42   33
59   5   46
40   21   21
24   12   3
25   26   27
50   12   33
13   49   20
47   24   25
42   10   47
34   30   16
50   36   48
31   43   18
16   13   42
13   31   53
23   51   41
16   39   40
29   52   12
34   10   43
2   16   53
21   31   22
9   42   4
9   47   63
35   9   29
32   35   35
63   45   29
19   2   36
31   1   49
28   57   44
41   8   49
56   48   7
13   54   49
54   12   45
25   23   21
52   61   57
51   26   40
6   21   45
59   57   28
55   61   56
50   18   9
62   54   37
49   52   7
42   62   18
41   57   39
38   20   44
10   47   35
50   21   20
31   59   18
32   47   56
26   15   43
19   17   12
23   29   13
24   54   57
35   49   35
47   5   28
30   61   38
59   2   46
19   0   43
37   47   26
35   8   41
56   59   45
55   52   16
37   56   10
19   49   11
32   56   58
12   62   54
17   45   50
60   6   54
23   11   43
36   47   32
10   3   36
9   26   58
31   41   17
5   16   10
40   60   14
1   37   8
52   39   39
56   27   45
26   13   27
44   13   29
31   31   51
34   1   15
31   41   44
41   19   43
1   21   9
62   50   52
42   45   19
49   3   54
59   62   32
34   62   50
52   16   9
28   4   23
30   58   63
22   36   18
31   63   30
30   30   42
24   37   6
26   18   53
16   32   44
35   49   11
12   9   46
51   59   21
32   15   50
26   34   39
2   17   37
59   20   1
15   56   6
2   50   58
34   6   43
35   27   30
1   8   45
43   35   42
40   12   44
47   17   40
27   20   52
29   40   18
32   0   34
43   52   3
37   13   59
26   7   0
51   44   31
43   15   39
27   2   50
38   12   45
62   47   10
13   50   63
14   14   46
30   35   13
15   1   36
31   8   6
23   9   35
57   13   57
0   55   35
41   51   10
1   41   8
22   54   35
23   11   12
11   7   12
49   35   6
1   49   57
51   25   1
16   48   33
60   3   54
29   17   17
50   59   14
31   60   59
54   41   33
22   37   14
23   16   39
20   1   54
34   61   20
49   38   19
52   3   48
22   48   37
15   13   0
52   41   38
60   30   1
21   8   8
21   14   12
57   15   59
3   32   7
45   13   51
32   55   42
27   47   22
39   25   18
39   44   43
45   30   38
63   11   47
62   39   55
55   12   36
26   11   48
11   5   31
35   16   55
39   33   11
56   32   51
5   6   36
33   4   48
56   10   54
41   60   43
61   46   40
27   13   28
17   36   26
23   60   54
0   47   33
24   20   63
55   62   31
62   21   43
43   16   32
2   54   34
26   8   32
57   31   33
17   31   48
46   11   40
39   20   29
11   35   11
42   40   41
17   56   1
30   39   39
24   52   43
41   45   11
32   18   21
19   19   34
21   39   16
33   34   9
37   46   11
51   57   43
5   8   54
28   10   60
55   4   46
21   35   43
27   57   48
15   28   14
53   25   24
10   46   42
18   50   43
24   5   41
0   11   35
6   52   5
24   3   50
9   63   39
53   35   10
36   1   22
20   7   4
36   30   6
49   8   18
19   63   44
34   41   13
59   58   25
35   15   43
20   12   54
10   38   32
22   35   27
26   44   16
7   30   61
60   59   39
26   53   31
2   29   1
37   57   43
42   19   40
0   35   50
17   27   25
3   59   11
6   6   57
56   4   52
27   41   8
14   13   46
30   44   59
52   63   56
41   41   31
50   31   37
13   12   44
30   55   36
4   16   40
11   0   24
60   4   54
40   50   46
33   45   37
17   13   8
28   58   50
31   6   21
27   56   39
26   40   54
23   41   12
34   50   45
51   6   46
50   33   34
51   26   49
6   18   53
1   44   36
1   63   0
53   31   39
52   58   11
56   23   9
23   52   16
20   50   39
15   9   22
38   58   46
47   20   31
52   43   62
26   8   16
46   16   14
11   7   13
7   14   53
62   60   27
3   59   60
18   27   48
21   49   16
15   1   38
3   41   61
57   62   35
48   7   21
61   54   54
43   17   2
10   44   59
61   8   36
20   63   42
18   58   37
36   56   45
24   21   27
62   20   45
49   5   42
56   9   5
24   28   27
32   49   5
7   4   39
38   61   46
34   13   46
54   46   0
1   52   2
58   42   12
47   5   20
13   0   52
55   44   27
36   60   49
23   2   58
0   52   27
11   30   36
36   1   1
62   61   34
23   23   52
14   12   62
56   7   62
44   38   44
47   21   1
34   18   55
38   10   15
24   10   40
60   16   46
11   55   44
28   29   48
47   5   17
15   17   53
27   36   40
39   1   45
59   19   46
20   56   15
2   43   8
9   13   58
33   35   29
29   22   27
62   4   45
62   38   10
43   31   14
39   13   28
8   0   10
19   37   39
36   51   32
29   7   42
43   18   21
1   34   8
30   45   41
44   62   15
7   47   61
21   14   37
6   21   33
58   53   27
23   13   43
62   9   44
47   14   60
36   59   7
45   62   42
0   13   53
39   10   49
28   29   51
38   63   24
47   61   45
12   42   9
38   0   6
38   35   11
23   52   41
52   37   10
4   34   42
7   0   55
6   51   26
24   8   51
15   14   19
28   13   38
14   12   43
42   54   5
53   29   12
45   41   41
24   10   6
20   41   16
49   14   42
34   2   0
34   62   47
13   24   15
38   11   42
31   44   52
10   10   53
28   53   25
15   6   63
25   20   34
46   50   7
3   12   57
4   13   1
24   22   38
50   12   11
48   61   24
52   14   62
7   46   61
52   20   42
58   10   43
63   8   19
45   13   53
34   20   5
62   54   36
19   24   44
57   3   43
29   46   17
20   33   36
10   53   53
35   40   14
45   16   36
1   44   4
26   8   28
16   59   37
24   20   48
21   5   3
16   37   50
26   48   16
5   63   31
31   62   30
52   60   1
51   45   38
21   9   43
62   41   60
16   1   58
60   46   27
25   61   44
58   54   51
33   46   13
9   4   36
56   8   14
18   48   35
41   14   34
31   56   50
0   58   2
43   13   50
29   9   60
30   10   51
22   29   16
62   6   51
27   13   5
54   10   13
37   49   58
17   19   30
13   56   63
32   16   52
58   32   6
45   38   48
3   44   5
5   10   5
35   62   49
24   43   1
14   15   19
13   20   19
28   16   17
63   14   53
38   15   41
30   48   26
59   32   46
20   48   58
16   21   18
53   30   49
11   38   39
61   16   62
12   26   27
17   9   4
12   50   55
17   11   2
51   47   21
57   60   47
46   20   40
56   14   57
39   41   19
18   27   28
20   36   15
30   19   52
31   42   30
53   34   45
40   26   55
49   44   61
10   32   58
63   53   31
39   61   12
10   50   9
4   57   27
51   63   49
55   7   44
24   51   25
32   35   48
37   19   48
30   62   29
4   24   43
11   11   12
51   52   11
58   32   47
56   26   3
52   48   40
52   63   46
27   18   2
8   6   43
12   28   27
27   8   1
1   3   48
32   4   51
8   59   44
5   57   23
31   52   13
23   19   37
58   38   60
13   38   9
31   16   51
30   32   11
33   6   34
12   9   52
33   10   22
0   6   17
55   9   30
29   38   32
5   10   26
41   52   31
5   40   0
29   5   42
14   18   36
1   5   62
19   6   51
26   61   4
20   21   62
29   11   2
14   62   31
3   0   56
15   2   45
6   28   48
10   28   38
43   49   7
35   34   50
18   17   58
4   45   48
30   57   61
9   39   60
5   39   38
31   1   63
6   9   2
3   61   61
23   57   35
2   53   2
35   34   40
44   41   45
10   6   61
30   9   36
23   1   10
18   23   50
32   0   59
5   53   50
26   19   38
59   44   14
46   49   31
6   61   13
35   62   31
61   40   14
60   2   36
39   49   46
40   43   31
1   56   54
5   59   27
38   50   32
35   41   3
36   61   43
62   50   27
5   35   0
20   34   59
40   8   61
38   52   40
9   43   38
29   14   39
49   12   47
8   0   11
26   7   27
12   60   55
4   49   1
9   60   28
16   11   41
8   33   2
54   45   60
12   49   32
30   36   39
12   23   41
7   20   39
37   46   43
22   11   27
44   38   39
31   43   42
62   43   52
18   12   48
26   24   51
49   58   18
6   46   59
13   51   55
42   59   2
42   30   42
54   39   41
7   38   41
45   61   47
30   13   44
26   38   8
34   59   16
30   19   51
47   54   40
41   53   10
1   38   8
49   48   16
24   20   62
23   12   6
7   52   13
41   48   38
10   29   27
42   13   21
22   8   9
23   28   10
20   24   63
15   16   0
6   9   43
11   6   26
2   36   53
63   60   61
14   27   15
31   32   39
25   49   35
59   13   22
63   10   18
48   23   33
18   17   52
56   48   12
11   11   56
61   60   10
47   39   52
2   57   53
43   10   28
29   23   28
36   46   14
7   31   63
7   45   8
61   0   10
8   50   37
50   20   9
17   27   39
3   61   29
57   55   9
55   41   34
39   51   60
56   29   52
55   22   3
24   0   15
34   26   31
49   54   2
11   4   50
28   39   44
4   39   51
31   49   38
33   11   55
42   14   28
6   29   45
19   58   58
59   27   47
9   40   1
61   15   62
15   32   31
15   26   44
12   54   59
34   24   21
27   27   28
22   19   45
4   34   45
62   1   47
35   63   23
42   17   58
26   29   14
58   1   35
18   29   15
44   8   33
11   61   32
56   63   31
58   61   50
11   32   45
55   12   46
28   17   29
55   62   47
24   19   43
51   28   22
59   63   24
9   23   4
36   60   1
1   4   48
5   38   61
18   61   9
33   21   6
28   10   46
29   60   53
41   57   12
56   55   10
12   18   48
7   37   32
39   61   10
14   32   15
28   38   30
54   33   18
13   58   19
6   34   40
9   58   10
50   20   10
17   1   57
32   5   16
53   60   41
18   15   63
28   47   42
61   48   61
41   31   53
26   7   35
14   59   6
24   35   33
5   39   18
27   29   21
5   22   45
23   20   26
14   54   53
21   28   30
2   3   61
63   47   46
18   50   35
54   0   41
30   63   54
52   50   57
41   42   23
48   35   44
22   10   36
19   37   37
48   42   42
31   31   8
36   46   35
10   63   50
10   15   63
2   46   26
53   7   41
53   6   51
32   6   26
11   6   45
23   10   2
47   30   52
49   15   18
33   3   19
30   43   19
27   47   28
7   59   30
34   33   34
7   0   31
40   28   20
33   9   21
58   23   53
18   53   35
22   6   52
51   43   37
62   60   53
52   59   20
4   12   1
41   36   38
32   34   51
32   51   20
15   56   14
21   54   37
2   29   46
17   51   61
26   23   34
53   38   13
0   33   0
18   54   31
15   10   2
50   29   39
44   50   41
3   34   41
10   62   5
1   6   56
30   57   6
22   17   36
51   7   40
0   44   32
30   14   34
43   7   55
29   35   18
32   44   5
31   59   9
34   43   11
36   41   39
46   22   13
23   30   52
33   15   46
39   46   4
60   20   49
28   15   29
15   18   0
33   52   44
4   14   2
36   42   14
7   32   11
51   41   54
51   19   20
13   30   31
40   23   16
50   25   21
8   50   49
8   42   49
40   59   1
30   47   36
41   27   11
15   3   44
22   60   58
20   39   26
38   48   14
51   48   0
14   15   61
37   4   8
25   20   40
45   22   31
38   47   46
26   5   40
3   52   37
27   6   44
2   12   13
54   46   60
11   52   41
59   10   23
18   6   40
46   63   48
12   34   1
58   15   46
56   20   23
57   60   35
17   9   15
35   2   24
29   1   45
25   8   12
42   9   32
26   10   1
22   28   26
7   18   55
57   13   29
39   12   21
33   35   42
40   16   58
15   59   49
47   41   52
30   3   41
41   10   52
19   8   34
55   46   16
1   37   27
42   34   42
29   10   21
34   48   4
49   58   20
36   6   48
28   44   46
40   60   19
3   10   38
23   2   0
0   18   51
25   58   51
57   7   43
18   25   60
9   33   60
31   49   10
3   3   62
8   24   41
21   23   45
23   59   55
40   34   8
40   9   15
33   47   58
61   9   51
28   38   27
26   37   8
36   51   46
18   43   43
36   34   6
56   46   41
39   37   13
31   1   54
2   50   34
36   44   31
21   36   33
23   7   60
4   33   61
61   58   28
9   50   53
3   51   30
43   62   34
17   16   8
15   7   22
23   56   43
38   12   38
33   40   24
11   55   53
35   10   58
57   2   47
8   59   3
39   54   2
47   26   9
59   33   7
63   46   61
29   0   27
7   45   49
18   12   13
59   36   55
63   35   63
55   57   31
15   27   43
10   50   40
31   60   63
32   3   63
33   31   6
35   53   37
58   42   20
3   13   48
24   21   49
12   8   43
19   19   40
25   61   26
18   1   47
29   41   48
35   56   37
55   9   47
59   61   61
3   61   32
53   26   20
36   38   2
23   38   40
14   13   63
4   43   36
41   46   45
38   53   43
6   61   30
63   3   39
4   35   6
12   63   53
20   4   41
48   47   57
42   58   2
27   53   35
0   5   9
17   50   30
42   47   41
25   55   39
7   56   1
38   47   21
6   28   23
37   59   19
10   46   40
42   9   54
59   48   11
57   58   9
12   7   9
28   4   39
46   43   63
18   10   59
55   62   45
6   9   61
48   2   47
14   47   44
33   19   22
2   54   29
62   50   61
26   24   50
60   60   57
34   43   15
52   44   7
40   9   39
21   12   47
48   18   18
1   0   32
14   16   61
2   3   58
59   5   54
5   50   31
31   6   36
13   53   55
40   10   56
41   56   24
38   63   36
3   16   7
28   21   28
25   17   32
29   38   6
33   52   58
38   35   30
59   39   45
27   36   43
43   38   41
61   40   16
25   9   28
38   46   38
58   36   43
8   39   32
13   15   12
40   16   56
7   33   42
51   45   29
6   10   49
5   26   12
5   52   10
39   32   53
60   24   1
54   9   22
23   18   32
58   40   36
23   17   60
21   53   37
27   49   22
42   53   24
50   17   20
23   2   45
33   23   37
62   52   53
37   4   29
51   57   53
49   39   49
36   33   16
51   38   18
49   15   60
37   56   41
11   61   54
0   1   8
40   26   35
1   31   35
49   22   40
60   10   22
54   45   13
7   39   2
25   46   28
6   42   14
33   6   45
47   36   37
27   29   36
15   40   53
34   10   26
3   54   61
31   32   34
37   22   56
61   17   7
37   35   8
45   36   39
54   57   11
33   33   13
23   51   22
36   6   10
36   21   8
13   2   55
25   23   29
24   8   4
26   42   39
53   27   9
37   56   40
2   14   51
59   45   7
3   14   34
3   17   48
29   22   34
24   29   34
41   33   41
59   36   2
57   55   56
14   23   30
9   6   15
9   13   12
39   47   14
4   16   48
42   57   19
42   44   41
56   31   1
13   51   37
21   13   18
14   49   61
46   54   46
63   43   32
36   29   51
11   13   51
4   63   8
34   9   48
9   33   21
8   58   35
8   3   49
47   20   63
19   12   60
23   40   42
61   32   17
45   23   1
55   13   25
21   29   43
1   54   31
39   21   55
1   31   33
29   27   25
13   47   18
40   50   42
27   47   52
30   19   32
39   43   10
14   63   56
41   37   42
27   34   43
3   7   59
13   6   10
52   49   34
28   5   1
21   31   59
39   39   4
52   58   15
24   1   48
13   13   33
33   34   16
53   31   7
7   63   32
29   37   27
30   43   40
62   40   29
3   30   6
14   2   54
15   10   18
16   9   3
2   3   10
41   51   7
60   17   36
55   59   9
30   55   33
0   53   32
40   10   41
43   55   37
12   1   54
8   4   31
40   41   16
28   24   6
38   61   14
6   18   5
24   63   56
55   37   13
37   57   44
20   12   35
7   45   52
24   14   36
54   38   6
58   18   3
37   43   13
14   0   39
43   38   60
55   12   51
0   27   3
55   25   50
5   13   47
23   19   49
38   50   35
39   6   42
25   1   51
3   22   9
4   12   26
27   46   25
58   42   6
7   63   55
5   19   27
25   30   32
46   17   29
9   55   9
31   9   35
37   50   31
61   14   40
55   57   48
9   27   45
60   14   62
63   12   35
61   45   20
63   8   62
7   32   23
33   61   41
40   19   32
36   36   11
45   4   18
3   52   57
44   37   10
36   27   10
5   55   33
51   44   62
6   26   36
61   25   29
6   55   2
35   13   58
49   53   10
41   41   11
9   32   36
39   18   52
45   34   20
4   1   6
7   21   11
30   42   32
1   44   38
62   43   55
57   0   13
58   43   53
54   39   61
31   55   35
36   17   38
35   38   10
44   40   33
20   57   58
9   47   43
3   45   11
23   31   63
1   45   15
43   42   33
22   58   47
29   9   34
16   44   62
22   60   39
15   19   21
44   60   15
8   53   4
58   48   38
26   33   44
24   0   52
2   38   33
25   17   49
28   34   48
9   35   60
56   4   2
45   0   14
14   16   23
21   36   54
31   61   7
32   57   62
1   62   54
26   15   28
27   13   39
55   36   17
51   63   19
4   54   22
19   8   40
62   52   36
2   33   9
14   60   46
33   12   18
14   37   31
62   0   29
58   60   46
46   22   3
29   47   46
25   24   42
28   6   2
6   56   11
21   48   52
10   46   28
4   29   23
34   10   45
45   30   53
39   11   41
11   47   24
20   21   12
37   12   35
1   16   26
30   22   21
14   33   22
36   33   14
33   5   46
39   20   48
13   56   2
2   39   47
4   47   39
42   1   18
8   50   38
45   2   55
31   14   15
28   3   56
48   33   14
29   7   6
32   3   6
26   22   26
38   56   22
9   0   16
34   7   43
44   5   34
18   18   34
29   10   34
57   25   6
8   2   58
47   39   38
44   5   10
25   26   26
1   41   5
34   11   52
5   40   32
59   16   52
2   10   53
21   21   43
0   31   0
45   4   49
63   42   46
37   19   37
15   30   53
14   21   20
4   44   53
2   60   9
37   25   56
7   29   42
10   14   45
6   38   10
10   55   4
14   50   20
20   10   0
33   19   58
35   49   42
57   58   61
63   43   30
14   12   15
38   34   14
40   19   56
40   46   23
40   16   52
36   21   52
31   24   9
53   43   34
61   54   50
25   62   6
11   48   63
21   51   57
18   16   62
7   6   52
22   19   31
0   5   8
28   48   25
37   55   19
40   44   3
43   10   40
33   39   11
6   54   8
24   16   19
19   15   37
22   38   34
7   31   10
26   42   40
9   34   44
3   30   9
28   55   2
27   16   42
24   6   49
36   53   42
8   22   12
0   42   50
51   55   54
34   13   21
17   35   56
38   57   24
39   41   10
7   60   51
55   49   40
9   40   2
46   53   3
42   26   14
1   10   0
36   21   9
27   29   35
34   15   47
30   17   36
17   17   33
31   42   31
63   49   48
43   17   5
41   29   11
20   53   28
28   57   50
40   39   41
43   36   12
54   57   16
29   32   51
51   42   19
19   39   10
59   50   59
35   27   23
22   42   32
8   30   22
34   13   32
51   7   45
63   15   5
63   30   63
1   43   33
14   17   46
36   15   44
62   46   14
51   55   13
51   48   33
10   8   60
7   54   1
16   0   37
27   30   46
3   53   30
53   43   49
17   7   5
9   33   32
62   9   3
31   26   6
61   43   31
46   25   4
26   23   32
48   50   2
4   34   28
18   19   36
23   24   45
50   39   40
44   23   29
58   61   36
12   13   18
2   50   13
57   60   51
5   6   30
28   37   29
33   31   48
8   16   12
63   46   8
18   24   10
38   19   39
0   2   17
42   8   51
62   57   51
35   1   36
10   3   34
62   27   63
48   36   61
38   56   62
39   25   32
23   41   3
0   40   24
27   62   18
52   26   52
17   13   4
33   62   32
30   32   6
62   21   44
13   57   2
23   13   0
27   28   4
43   8   28
16   18   62
12   36   55
54   12   35
3   32   63
31   12   44
11   0   58
55   22   4
59   33   11
6   42   53
26   45   1
15   20   20
9   11   49
33   3   5
4   54   23
27   63   50
38   35   40
2   3   16
13   59   29
29   6   9
1   62   52
20   14   13
42   7   10
34   53   13
61   56   36
59   60   39
29   23   33
19   61   43
53   8   47
23   15   19
32   8   52
5   49   23
32   32   37
7   29   43
19   16   33
20   35   45
5   39   1
25   15   27
60   48   56
62   19   16
33   31   4
6   50   61
27   19   62
6   47   4
7   47   34
13   37   9
8   1   61
20   44   15
29   61   57
5   35   8
14   46   44
6   63   6
9   45   31
43   59   9
35   6   22
58   61   48
27   53   43
21   25   63
6   2   16
51   15   32
63   2   32
1   24   52
44   36   50
24   60   2
11   14   11
57   38   62
27   43   14
6   46   50
5   5   6
42   24   39
2   39   53
20   37   16
26   33   42
41   7   39
26   24   19
56   55   1
15   23   43
54   61   28
38   63   42
32   56   32
0   58   36
3   17   39
59   10   35
32   35   33
7   0   13
32   4   22
14   55   6
21   42   50
32   23   6
56   29   49
55   31   12
34   0   0
26   44   35
22   52   37
29   7   22
19   1   52
14   16   6
40   26   16
63   11   53
12   6   8
22   36   56
54   45   37
60   56   61
52   55   46
53   13   16
32   45   31
41   42   16
5   29   56
0   13   3
63   42   39
35   50   41
4   24   40
43   50   8
57   9   46
28   33   35
14   14   43
27   58   43
62   40   1
55   41   32
55   23   1
34   9   26
45   42   41
20   39   22
35   6   39
63   17   3
29   39   30
56   41   29
20   35   51
55   0   48
28   40   29
1   12   34
48   26   47
44   60   47
38   38   3
26   21   5
54   6   2
43   7   32
23   50   57
1   50   10
56   33   56
63   56   50
0   8   48
49   50   4
18   15   36
50   9   28
4   9   1
4   56   31
1   57   11
5   12   45
63   33   41
41   11   34
6   60   27
18   44   20
17   28   28
41   49   60
49   23   40
5   60   0
17   5   36
13   59   31
18   62   58
19   26   49
28   29   23
12   33   38
63   35   9
6   62   13
4   12   43
33   59   12
13   41   53
1   0   45
51   29   40
63   15   7
53   36   50
4   4   49
10   5   15
17   49   39
44   39   6
57   32   9
21   52   28
11   7   8
48   50   0
13   22   15
37   21   44
48   44   38
23   26   29
3   58   23
11   62   52
51   48   17
5   29   9
17   32   37
18   9   5
51   41   18
23   44   14
50   50   61
30   26   25
39   22   18
53   34   56
15   57   55
23   46   41
3   48   39
33   13   50
27   47   10
63   44   61
61   40   60
15   10   22
46   63   42
17   15   48
38   35   45
0   23   28
62   33   16
5   60   23
8   29   38
15   59   18
7   33   8
45   25   33
49   27   48
13   3   55
36   27   16
1   42   51
44   44   46
23   20   45
25   16   32
21   60   1
44   19   36
53   46   37
20   2   41
16   37   53
4   46   44
28   49   41
14   61   21
48   21   18
40   28   16
38   36   53
58   28   12
56   49   12
38   8   42
61   53   1
17   12   2
63   50   14
7   16   11
12   62   28
37   62   42
30   41   10
25   61   34
23   34   63
8   33   23
49   31   8
26   31   14
11   59   32
27   7   16
13   47   58
63   5   48
18   55   37
10   60   30
35   4   17
37   5   41
55   57   15
20   4   50
11   24   39
30   54   33
33   44   45
56   34   47
9   54   9
61   32   59
10   46   38
5   43   61
35   33   19
28   22   29
13   60   29
3   58   56
1   18   46
20   57   32
40   11   32
19   50   58
53   27   1
30   11   50
34   11   49
5   49   8
22   46   57
24   17   28
11   60   4
7   8   49
1   32   19
16   52   35
37   9   50
46   24   20
18   35   15
32   30   10
5   38   6
6   10   15
20   6   56
18   11   0
39   5   3
6   43   50
63   49   14
17   36   4
3   55   32
22   11   53
0   50   48
43   42   52
51   14   41
28   40   34
56   45   34
16   4   52
16   42   36
29   63   15
32   3   48
28   56   18
37   26   17
41   24   35
36   1   43
38   49   31
42   48   21
36   4   18
48   58   16
40   33   50
8   49   2
45   42   43
0   3   17
49   53   57
12   48   5
36   32   50
26   54   43
5   10   1
20   15   34
31   38   4
1   25   19
63   9   48
30   8   48
16   11   52
51   13   43
48   30   37
27   23   5
47   44   45
4   9   59
56   39   43
19   18   41
11   27   34
54   59   27
5   51   34
3   37   10
40   33   42
15   11   63
60   25   18
8   47   23
55   7   36
8   28   41
13   14   15
31   56   42
16   49   58
13   15   13
30   16   44
7   5   2
25   55   63
13   35   58
32   60   7
56   12   22
22   38   16
9   12   61
35   1   39
28   57   1
9   9   15
23   41   0
9   6   44
36   42   58
12   8   36
60   37   60
2   58   51
20   15   58
63   57   30
57   12   25
32   12   11
1   38   12
61   56   11
40   25   55
0   43   0
35   16   54
50   53   4
37   33   45
3   7   1
31   5   24
3   45   44
13   46   41
43   15   34
39   7   51
14   62   30
17   4   8
20   18   18
43   24   40
57   10   52
23   50   52
26   36   38
56   9   43
33   58   59
48   33   38
48   40   52
55   38   49
0   45   16
19   40   55
13   11   16
56   61   29
19   13   2
29   39   32
14   32   14
5   18   45
43   41   37
12   13   26
51   36   52
19   18   63
51   39   0
0   34   11
21   35   44
29   32   40
8   51   42
18   48   55
1   11   51
38   57   7
47   38   42
62   39   2
37   36   41
44   4   17
30   58   9
25   15   48
60   38   29
21   16   52
5   58   24
11   37   58
5   7   22
49   39   42
34   20   21
25   19   27
34   5   52
0   2   19
39   24   42
33   52   38
39   48   23
2   59   23
29   11   29
54   24   28
23   13   21
5   42   12
9   49   63
52   10   51
25   34   30
1   15   1
33   42   26
62   48   16
34   14   32
22   11   47
30   8   46
9   62   10
39   4   46
12   32   40
6   51   29
39   14   21
47   51   42
4   56   60
24   29   26
15   48   42
46   23   20
7   50   29
31   38   29
50   1   54
52   11   35
54   11   51
54   57   14
7   0   36
2   63   52
44   20   21
17   60   47
50   11   34
51   56   4
13   9   31
14   13   62
44   29   14
34   7   33
28   6   48
28   19   17
41   46   15
38   4   23
19   27   26
54   29   9
40   60   60
40   22   21
14   27   17
10   16   4
3   63   10
61   51   31
2   56   51
47   60   46
21   16   50
12   4   46
2   18   31
59   14   44
0   27   17
49   45   33
13   15   8
59   18   29
57   60   31
56   8   57
15   40   47
34   24   17
57   14   2
6   0   62
37   17   21
6   13   43
62   43   2
46   13   47
60   35   11
62   7   0
26   23   41
29   21   46
31   12   51
26   46   22
11   12   53
56   9   36
19   34   37
46   21   40
52   40   6
48   15   36
25   59   54
45   56   46
3   54   58
5   6   53
7   37   23
58   30   12
28   12   60
52   48   25
30   43   38
38   30   30
24   62   10
58   27   50
20   18   12
29   55   41
6   38   63
35   14   54
19   53   43
3   10   2
54   21   43
25   43   37
15   50   61
14   33   37
23   22   25
28   9   22
59   10   39
8   54   63
11   17   47
36   1   37
20   36   45
49   61   49
8   43   63
27   44   25
26   3   52
16   49   42
27   53   12
13   53   31
50   56   5
22   29   46
31   30   48
41   9   58
6   37   63
63   5   0
40   3   32
9   13   31
26   31   10
40   42   10
31   3   18
7   42   44
15   54   58
17   42   3
3   40   11
55   13   2
50   27   37
61   16   43
34   4   41
7   3   13
48   0   49
17   0   49
51   59   57
22   14   15
29   31   43
19   58   46
25   17   27
20   56   56
26   38   45
42   9   41
1   49   50
47   44   33
34   9   46
49   15   62
19   8   48
33   30   19
17   11   13
57   8   46
25   13   50
38   4   12
20   48   43
7   48   4
16   14   34
60   21   49
56   1   12
27   43   39
19   25   31
36   7   45
49   14   34
5   48   49
27   38   10
27   38   11
43   2   46
17   27   42
4   14   54
61   35   49
10   5   53
5   43   26
5   3   1
15   49   33
62   32   16
26   22   62
41   45   4
53   14   35
40   61   24
51   54   62
60   13   47
3   12   48
9   8   61
5   22   11
30   29   38
54   31   52
37   53   32
28   14   11
48   26   35
39   46   10
44   21   31
11   56   8
6   42   6
26   30   14
60   41   55
40   16   35
23   2   61
26   59   60
42   9   8
29   15   15
23   44   29
37   32   45
5   55   1
14   48   59
4   39   6
41   22   55
22   28   49
4   58   4
36   12   30
9   19   56
53   13   36
35   40   16
1   35   27
20   61   20
63   20   38
5   4   1
1   54   39
63   15   34
7   61   9
5   61   8
27   34   38
33   10   42
35   17   55
29   28   25
28   63   49
53   5   41
4   13   5
28   2   49
48   27   21
48   61   43
45   37   30
37   51   27
1   41   10
40   28   11
25   16   41
40   57   46
27   4   56
44   59   24
20   2   25
45   52   13
8   48   46
22   27   52
35   51   42
9   49   5
17   42   15
2   38   45
25   6   15
40   48   7
2   35   3
12   52   8
23   43   42
56   17   43
57   49   6
18   53   16
33   0   63
49   23   32
15   9   17
22   50   28
10   9   26
32   40   35
42   38   32
17   4   36
19   10   39
59   15   36
61   29   2
60   19   15
26   13   34
32   3   50
52   59   16
55   14   43
26   45   25
58   3   51
15   0   56
41   42   19
8   56   4
62   36   61
21   15   38
8   45   29
41   23   52
59   22   9
31   35   16
6   36   23
35   54   62
60   46   52
14   8   45
1   19   56
5   26   11
9   48   3
1   16   63
46   42   14
30   30   45
13   45   32
54   18   6
16   7   14
9   54   3
51   37   18
28   10   48
56   8   43
54   4   36
29   2   53
18   31   25
22   11   15
4   59   29
61   0   5
22   7   56
60   42   1
35   38   0
36   57   2
35   47   35
37   3   33
19   9   8
2   30   40
3   12   54
6   59   22
5   10   36
29   16   50
15   23   46
36   13   38
2   56   32
41   56   1
2   58   31
20   26   48
7   38   44
13   58   47
13   7   44
31   53   38
49   43   38
52   20   39
63   11   62
15   5   39
44   55   56
33   63   27
39   52   46
32   35   51
13   10   34
22   26   63
22   22   10
23   16   37
13   58   31
7   44   55
38   2   48
43   53   2
23   2   39
42   63   11
61   48   20
26   15   42
57   43   6
46   53   42
18   9   13
18   27   30
53   41   31
1   12   46
11   10   51
58   51   52
50   7   46
36   33   9
27   40   33
39   7   49
63   2   29
58   16   59
44   9   19
54   61   53
36   0   36
8   55   39
30   22   47
22   36   34
3   51   48
9   41   2
43   16   29
41   56   2
10   31   58
18   15   33
29   8   0
1   3   59
59   15   35
54   11   30
29   19   41
7   4   0
53   44   25
4   25   34
28   20   37
10   44   1
10   49   9
2   40   8
24   35   8
27   1   60
1   2   0
42   0   11
10   56   5
4   52   35
56   51   34
60   50   32
7   18   44
57   18   22
33   55   59
7   31   2
33   43   45
18   14   49
63   5   51
32   20   36
1   40   33
35   30   14
61   50   54
37   4   42
13   17   42
55   29   48
32   41   62
58   46   2
22   31   30
41   3   11
38   10   29
49   17   34
31   32   48
33   22   53
17   42   27
56   42   37
26   5   26
18   12   36
41   33   12
27   11   11
43   18   51
9   47   31
37   30   11
26   18   27
26   23   26
30   15   3
58   57   50
31   6   35
41   28   21
54   3   62
8   51   4
38   2   47
43   8   63
2   8   43
17   9   7
46   62   9
2   54   28
39   7   38
60   63   27
19   18   43
43   36   52
48   6   41
35   16   8
12   14   62
18   21   19
14   59   23
12   60   49
58   57   39
35   62   22
47   41   42
31   2   34
11   4   62
51   24   22
60   40   30
30   27   31
8   10   8
14   34   14
51   44   6
18   16   36
13   49   59
35   46   46
28   40   30
19   15   21
0   48   58
21   20   50
33   1   48
18   19   44
56   46   32
40   12   34
52   63   44
20   37   34
41   60   11
3   59   24
23   19   63
35   17   32
56   37   20
55   12   13
18   5   45
10   62   6
25   1   29
49   31   38
36   43   16
29   0   53
32   41   12
35   5   38
9   56   52
56   7   13
53   28   8
19   3   39
1   9   5
39   10   21
13   12   63
12   51   59
42   50   19
0   57   54
29   28   8
31   7   34
36   10   44
37   62   38
25   39   11
22   30   27
37   45   38
31   21   32
11   63   52
4   37   61
47   13   20
25   21   60
2   51   37
52   49   14
40   2   49
47   15   29
15   29   31
37   50   9
54   37   41
38   21   29
31   49   12
17   57   6
28   60   10
19   59   51
58   59   50
9   44   2
4   3   45
58   25   53
18   53   1
12   46   32
45   35   18
32   2   19
23   38   43
5   37   6
10   19   15
34   20   8
54   8   13
7   16   8
62   13   62
52   46   57
15   45   15
39   17   35
9   7   53
48   12   52
5   28   44
28   60   6
16   41   52
54   20   20
2   11   8
56   45   6
16   39   35
4   50   11
60   46   38
56   56   62
11   47   37
21   18   8
28   18   63
39   29   16
12   57   8
5   61   10
7   37   49
9   9   62
51   39   44
57   32   20
58   59   36
18   17   21
51   27   52
8   1   58
10   39   41
61   10   44
63   41   62
45   37   40
42   17   39
44   33   19
63   12   51
6   48   59
16   31   47
60   57   38
44   45   15
23   51   37
41   58   11
54   52   34
40   16   51
38   51   5
57   8   35
36   20   9
31   60   39
16   11   9
45   57   49
24   38   39
47   22   46
60   35   0
29   58   61
46   26   23
5   40   6
25   8   45
23   30   33
61   58   34
26   56   60
26   49   23
17   19   41
13   30   10
47   6   44
16   52   31
30   28   28
14   59   19
0   28   29
61   42   43
1   40   15
12   7   20
62   2   13
45   52   42
21   7   34
23   44   8
16   52   58
1   23   46
11   9   44
29   7   1
60   53   59
32   14   50
21   25   42
30   25   38
23   12   27
62   16   35
31   57   58
6   7   15
22   19   26
61   28   2
12   38   36
18   46   40
16   1   46
21   36   50
62   41   14
24   53   19
58   42   32
55   40   37
22   19   12
22   15   12
10   15   46
28   39   35
35   37   11
19   60   37
44   38   31
19   6   7
42   50   40
24   43   35
39   24   37
57   12   47
39   35   50
15   46   3
0   20   56
21   50   37
13   33   58
7   25   9
53   14   61
8   8   30
17   26   42
41   19   46
57   49   62
43   54   41
17   11   8
34   36   16
22   35   52
6   37   45
32   2   16
41   41   43
19   31   37
17   54   26
36   10   10
2   17   46
57   33   39
8   47   49
56   49   29
11   43   55
58   29   20
16   3   31
21   16   21
23   2   46
23   18   21
31   58   10
44   0   29
26   29   29
54   61   34
50   34   18
24   7   45
10   5   54
6   29   44
59   19   47
28   40   45
46   49   25
22   63   54
57   56   53
2   5   17
29   34   35
28   45   42
23   36   27
52   60   32
55   26   30
30   53   18
20   44   9
33   22   52
1   34   1
56   18   58
39   62   54
56   14   13
4   16   54
25   33   30
58   32   60
58   48   2
21   6   54
48   8   34
7   50   1
10   50   26
45   60   16
55   59   28
54   57   52
61   51   24
21   45   35
37   33   10
43   17   63
4   32   6
11   47   9
10   4   56
22   33   10
32   2   14
3   63   61
8   26   10
50   22   42
12   18   33
1   21   48
1   62   36
8   50   5
11   14   12
27   30   21
32   55   34
7   7   16
20   16   27
9   46   9
24   16   0
32   9   27
18   50   41
40   8   35
16   17   19
18   31   11
17   12   38
0   62   45
3   14   56
30   34   13
2   20   51
7   40   10
58   16   44
9   51   49
44   60   7
22   3   46
23   4   40
17   29   10
9   8   53
13   38   49
0   4   47
62   41   50
25   34   27
59   1   48
14   11   31
8   53   46
60   10   62
8   53   9
63   29   30
36   61   49
17   45   33
56   59   55
54   24   23
5   18   1
55   63   47
27   35   39
52   23   8
30   10   49
5   52   11
20   14   41
18   24   50
40   53   40
31   55   21
56   1   39
62   21   52
30   46   18
29   62   15
36   49   13
49   46   38
32   14   47
2   49   32
39   31   45
22   47   29
55   35   20
8   53   44
12   20   11
38   52   54
50   31   51
7   10   56
41   21   3
38   52   62
15   42   55
5   4   60
8   60   52
12   19   14
28   12   52
16   27   10
14   38   46
12   2   39
40   29   20
7   48   2
54   1   41
10   18   39
32   51   38
20   30   22
39   15   42
27   2   18
57   56   31
46   60   9
26   4   18
53   63   20
19   14   45
32   16   61
59   22   53
49   6   47
36   57   42
38   33   8
16   20   18
60   3   45
24   30   26
3   42   45
35   60   44
34   1   23
52   14   14
30   13   48
7   9   57
4   30   48
22   61   46
33   27   13
53   10   2
53   53   16
1   49   31
29   17   5
7   12   11
37   3   31
18   61   52
15   46   58
11   48   44
27   5   22
1   35   43
37   63   37
53   27   8
19   18   13
4   55   61
7   38   11
30   7   23
5   61   22
51   49   33
7   11   0
13   9   63
8   45   5
41   50   43
4   41   36
7   1   32
13   53   49
5   48   38
16   43   23
26   6   6
12   35   10
11   57   63
0   11   38
56   45   35
38   24   52
58   51   1
58   5   35
41   57   11
36   1   14
16   8   22
50   41   0
32   6   19
28   15   53
31   22   28
17   17   63
16   45   12
42   45   37
58   55   12
24   44   61
25   41   49
51   59   11
18   44   11
36   13   30
59   13   40
44   16   39
30   23   60
23   23   63
37   32   19
46   12   50
17   61   15
3   27   48
48   2   57
32   4   0
44   14   59
2   2   6
22   61   7
46   7   14
9   26   56
18   14   0
19   57   36
33   43   17
33   7   39
5   1   62
21   34   36
50   36   42
56   40   41
49   53   54
12   19   46
41   45   6
48   52   40
59   9   26
54   28   50
41   1   16
23   38   41
59   16   40
8   63   24
18   10   4
58   41   12
51   0   12
5   36   63
1   11   57
31   41   38
14   55   35
9   31   0
10   39   10
61   5   19
23   54   22
14   52   5
19   14   53
45   44   14
33   17   22
24   1   53
38   27   26
10   62   53
20   6   4
46   23   4
18   50   19
7   28   10
27   4   15
27   15   10
6   29   34
9   47   55
43   47   15
36   20   19
28   38   18
25   7   2
47   36   31
21   45   37
46   41   40
31   47   44
14   44   58
52   61   54
18   37   49
2   53   58
43   25   25
44   52   6
0   1   17
47   63   45
53   25   9
1   9   62
11   4   54
30   12   29
8   32   0
60   54   52
14   19   50
46   7   47
40   53   7
10   57   53
39   43   43
5   2   22
55   6   13
21   25   25
39   48   27
14   34   15
13   33   15
28   22   32
16   40   40
29   36   51
55   53   11
12   14   13
28   33   9
4   47   42
49   49   42
28   17   19
40   1   42
6   39   44
9   63   28
23   50   29
10   50   34
44   40   37
55   6   45
40   58   43
7   42   33
48   62   60
32   50   10
15   28   10
38   0   48
15   7   46
25   25   19
26   17   38
61   20   32
29   27   21
28   61   39
13   4   45
14   10   63
16   8   16
17   26   46
1   7   4
17   7   43
25   47   8
62   1   45
8   58   29
56   38   14
26   26   37
4   28   7
16   4   38
13   31   15
42   25   16
31   16   46
8   58   22
32   41   11
16   23   42
24   22   40
17   7   6
19   11   34
13   3   61
35   54   45
36   7   48
38   57   40
48   41   19
45   11   36
52   58   31
40   10   35
51   27   49
24   34   9
61   44   24
16   61   1
1   27   23
40   60   24
22   41   14
62   46   62
25   39   6
42   43   19
41   43   45
37   8   39
31   41   45
36   54   35
23   34   55
19   3   43
60   48   52
1   19   52
43   52   24
3   50   8
38   11   56
54   48   6
17   43   52
16   7   17
53   47   0
60   15   43
29   59   1
48   25   22
25   34   44
2   30   42
62   46   53
27   57   54
16   43   37
19   9   9
20   14   52
46   60   49
38   36   14
41   24   33
11   39   52
23   7   21
33   21   49
5   35   42
30   0   39
59   37   0
58   40   0
3   61   36
59   24   9
10   13   45
37   4   37
48   17   36
63   45   50
48   38   61
9   26   61
32   21   21
17   63   31
14   10   5
15   16   18
21   59   36
57   43   38
25   25   45
2   14   60
22   9   12
50   4   51
12   56   55
26   58   2
20   33   41
47   17   33
10   57   40
44   35   20
56   23   42
9   5   52
1   14   3
25   61   15
17   48   30
53   47   41
16   3   52
22   46   37
17   6   30
58   52   52
9   3   39
33   4   40
22   22   52
39   10   6
51   62   46
16   2   57
32   29   41
0   10   47
34   30   50
22   3   37
33   21   13
2   33   19
50   14   18
13   7   52
40   3   12
63   17   2
2   5   1
38   23   17
35   19   33
41   38   19
8   9   37
0   20   59
45   43   41
15   57   52
23   51   35
29   36   35
48   28   40
26   2   31
47   59   23
18   62   16
35   56   35
55   55   4
18   18   49
29   49   6
39   51   2
30   27   6
21   35   16
49   52   2
50   12   43
0   18   39
1   55   31
53   55   11
46   30   8
15   45   3
43   43   4
62   12   62
63   23   44
26   61   14
62   42   30
25   63   43
14   54   6
0   46   11
24   20   41
43   21   25
40   10   51
26   60   57
6   47   15
6   39   45
63   6   48
25   60   15
49   43   61
32   56   54
25   42   15
19   15   0
19   60   38
27   33   45
16   18   53
52   61   32
7   9   58
15   5   38
53   9   41
62   44   31
19   54   7
39   10   8
25   35   42
0   54   14
7   39   15
8   0   9
61   62   28
26   51   12
4   57   32
24   51   43
4   40   12
16   43   35
37   54   40
17   17   0
24   34   32
54   25   49
48   49   54
12   51   40
56   55   48
21   20   28
28   60   60
58   7   2
50   19   42
13   10   30
47   22   53
42   9   51
62   6   3
11   61   6
53   28   9
63   2   9
33   0   47
1   21   13
10   38   45
41   24   26
60   28   3
29   10   39
39   7   52
3   41   32
51   45   61
2   7   2
51   63   57
16   31   10
61   28   30
22   35   50
1   9   47
26   29   27
4   8   34
32   30   18
62   18   40
19   5   44
32   4   1
6   12   56
43   39   37
60   30   0
41   14   39
39   5   8
32   44   44
29   59   48
22   61   37
59   47   18
40   59   10
22   20   31
20   22   49
1   47   32
8   31   14
28   51   46
56   59   35
26   63   47
42   12   32
33   15   55
51   43   31
5   8   26
5   62   24
16   63   16
56   63   28
16   39   9
36   2   31
12   31   21
14   36   59
29   2   51
0   20   43
6   47   13
14   25   46
17   55   49
31   13   41
18   61   14
56   57   35
15   63   30
63   15   26
62   56   29
18   61   51
37   24   56
22   61   42
0   3   9
29   31   11
21   50   16
62   42   31
58   10   36
34   45   50
58   14   12
16   49   44
51   11   32
48   4   21
16   10   25
31   17   3
22   8   52
28   25   6
35   60   38
35   37   9
0   5   5
26   49   31
21   19   25
40   24   18
14   60   42
62   15   39
10   6   9
53   51   16
20   15   39
7   53   13
35   4   43
4   37   15
7   38   2
32   19   45
12   61   42
32   44   41
51   53   34
54   24   52
8   59   35
30   11   47
9   45   37
9   0   61
57   44   2
49   31   53
22   25   41
50   55   57
16   5   35
44   1   14
16   39   15
19   33   26
20   35   59
10   43   40
18   13   1
6   34   15
6   45   38
38   54   55
21   18   19
51   22   18
38   8   58
21   39   50
52   24   24
28   43   25
20   35   41
4   55   5
2   17   44
60   44   30
4   16   57
19   11   62
58   39   20
36   0   31
31   42   10
59   38   11
48   23   36
6   55   27
1   14   39
26   15   32
17   44   52
26   6   50
36   3   38
22   19   0
2   17   40
62   9   0
46   62   12
4   63   9
5   24   45
22   55   5
14   57   42
8   45   36
41   48   10
46   47   33
17   2   56
29   35   43
30   44   48
4   48   52
25   59   41
23   8   7
42   46   41
5   56   53
38   20   45
40   60   45
16   6   60
51   60   12
5   10   58
47   9   21
50   48   57
30   50   22
40   45   3
4   4   30
31   56   36
11   37   10
42   3   55
30   13   35
27   30   35
4   43   10
59   53   24
51   15   34
8   6   2
22   26   25
42   49   62
60   32   42
13   62   47
49   38   0
46   9   29
41   62   46
6   25   12
32   11   7
29   22   49
21   53   22
56   39   50
49   36   53
40   58   42
44   45   41
31   12   15
63   0   24
1   6   62
12   6   62
44   34   41
39   41   14
12   35   21
4   51   52
45   0   60
45   63   16
0   53   37
42   55   35
30   61   9
4   34   2
39   5   42
5   42   26
50   13   45
29   16   36
52   24   4
46   47   4
42   47   19
30   31   18
14   19   33
62   15   22
6   43   15
22   7   36
58   51   62
29   8   49
50   37   19
6   13   8
40   23   18
40   48   41
26   33   46
16   24   53
9   34   49
14   11   53
61   11   39
