7   49   42
0   21   61
29   50   7
12   2   51
55   28   19
0   14   57
38   19   24
25   53   29
5   42   13
25   45   20
31   46   56
50   8   38
41   9   1
18   21   58
44   45   17
58   49   0
58   61   42
15   31   51
17   17   9
42   18   6
41   52   0
15   28   5
56   24   44
1   39   19
38   28   60
20   33   38
47   26   34
50   21   28
1   6   55
43   6   9
36   14   4
60   4   15
45   61   31
25   16   20
45   43   2
59   10   42
25   48   15
16   27   12
60   27   4
14   58   34
28   55   53
20   20   38
19   8   24
26   55   30
59   29   53
61   55   30
52   36   27
12   16   20
12   60   44
21   4   20
12   21   37
47   33   25
52   3   13
42   37   12
25   1   20
55   44   18
48   18   59
47   15   23
20   62   26
56   44   52
28   58   5
45   39   47
42   6   55
14   12   28
28   27   2
31   42   7
1   25   7
12   32   33
57   29   25
63   60   44
58   37   16
39   44   36
52   45   39
24   2   32
0   43   21
43   13   27
35   54   47
46   52   26
21   59   28
19   54   28
0   25   56
12   11   50
60   41   10
21   47   21
63   9   63
18   27   20
18   51   36
19   53   27
51   5   27
28   7   31
41   23   57
2   42   22
44   6   43
31   39   5
23   31   21
58   13   48
62   42   23
34   1   59
31   46   0
49   61   13
18   49   47
29   58   19
45   20   0
26   20   61
57   49   25
15   1   3
23   22   21
50   18   5
20   53   5
50   27   17
18   12   5
61   20   54
7   60   41
13   23   2
54   10   38
17   9   20
10   0   33
56   22   15
40   54   29
15   12   49
41   5   59
1   59   33
61   25   40
2   41   54
40   45   51
30   5   37
49   21   26
0   24   41
15   42   10
5   39   7
7   39   28
14   9   24
24   47   0
27   38   13
44   13   55
54   28   47
21   14   31
27   55   19
23   9   23
40   10   27
15   28   25
25   33   0
26   30   25
23   25   53
63   6   21
52   56   50
59   3   19
55   24   44
15   11   14
42   27   32
26   1   38
13   4   40
31   19   4
58   22   7
39   33   62
14   17   32
21   11   57
20   42   49
39   26   59
36   33   58
26   54   29
34   50   26
33   52   4
2   3   55
21   62   32
4   29   57
63   5   31
53   19   55
41   44   39
22   40   44
20   28   34
6   58   57
35   47   3
58   62   58
56   9   20
41   58   56
46   51   59
12   50   54
16   36   29
37   29   49
53   61   36
7   59   20
31   4   19
1   29   22
17   41   13
27   22   15
27   19   1
56   45   5
38   28   59
26   29   28
41   56   5
5   3   35
54   62   14
44   58   3
34   28   2
48   2   26
16   1   48
45   55   53
12   60   43
40   55   23
45   32   7
20   45   52
0   32   3
37   32   44
54   60   29
35   20   59
17   27   4
45   12   3
29   52   62
11   28   5
2   27   5
19   33   52
54   20   2
54   7   44
11   16   21
16   48   1
7   30   24
12   8   6
45   42   30
3   35   4
31   43   33
21   31   12
17   54   45
10   45   47
31   49   15
24   23   0
7   58   50
15   0   37
13   6   7
48   18   54
44   60   28
43   34   36
33   26   58
35   58   37
57   13   3
57   23   62
45   30   61
59   9   1
4   34   30
63   13   27
15   39   22
15   9   35
17   21   52
54   46   5
31   32   12
3   2   37
3   11   23
19   32   3
58   16   19
22   60   12
28   24   17
53   33   46
16   45   6
41   47   33
25   35   60
61   59   21
37   49   4
31   4   62
54   4   24
30   26   2
22   39   41
16   2   51
46   52   27
60   26   38
1   14   6
63   59   0
14   23   24
11   45   25
53   43   46
58   18   44
8   19   35
55   35   7
61   27   5
14   14   54
28   3   14
44   26   22
29   53   27
19   47   23
14   29   28
41   39   27
34   56   33
16   34   61
13   4   24
2   34   21
30   45   32
36   2   56
28   42   47
27   32   3
57   37   58
8   56   7
38   21   11
55   24   43
41   22   2
49   38   24
42   56   57
54   31   58
2   18   6
26   52   62
40   52   11
9   38   21
38   49   4
28   22   12
15   1   42
3   41   48
41   44   52
44   30   37
20   42   34
52   45   58
37   13   56
52   32   62
54   28   3
4   14   8
13   49   7
61   8   63
51   58   58
42   49   39
8   34   7
22   46   20
17   30   30
61   47   17
15   48   51
12   46   60
38   40   19
61   4   8
16   1   23
51   31   36
50   12   4
57   34   59
19   31   28
16   27   41
14   14   51
16   9   57
30   5   10
33   62   61
52   47   49
57   35   2
53   9   0
30   14   55
48   10   18
61   27   16
9   19   24
54   49   9
10   32   47
36   49   26
8   43   47
34   4   30
6   43   6
12   44   16
25   9   29
36   9   25
33   54   24
20   53   25
6   5   29
33   57   16
62   52   46
58   30   26
1   60   25
17   7   50
11   12   62
63   49   35
13   54   16
9   23   31
23   45   46
42   7   25
28   56   22
8   47   40
8   40   58
11   32   33
47   14   4
60   45   8
39   22   14
44   47   0
8   60   26
31   46   11
46   35   21
44   49   20
44   24   34
1   42   42
56   58   8
20   42   26
57   19   37
47   13   61
31   57   35
55   32   21
30   9   54
12   20   23
45   16   14
52   37   9
62   62   38
18   8   35
34   15   14
16   27   48
23   41   19
50   42   27
9   33   62
28   12   59
30   8   24
43   11   55
40   54   36
51   39   27
58   12   38
44   31   21
62   63   58
48   55   38
34   45   47
34   0   11
22   56   53
0   37   28
36   20   11
55   14   25
16   51   18
17   7   39
48   22   10
29   17   15
55   57   36
14   63   3
19   55   57
42   11   61
54   26   0
54   34   27
5   18   23
6   63   3
22   25   7
28   41   27
41   30   43
16   28   20
52   16   24
8   9   50
59   18   59
21   38   24
54   4   16
13   33   46
45   12   11
14   19   16
48   59   20
54   63   55
21   3   42
21   37   29
37   16   18
50   15   26
22   29   38
63   37   28
49   30   26
28   42   60
9   13   14
15   5   21
29   34   13
20   2   28
57   10   15
22   18   6
5   47   15
1   62   40
2   18   24
11   53   54
29   50   8
63   2   7
47   34   56
22   17   22
59   39   17
0   42   3
54   26   62
14   6   25
22   29   40
13   11   3
15   47   14
46   56   53
60   28   22
34   41   61
33   61   13
47   43   5
17   18   44
54   46   22
47   41   62
45   42   34
47   9   57
62   20   36
39   33   20
51   36   7
0   0   53
39   1   30
60   3   12
29   62   4
61   0   58
33   46   11
23   2   42
9   6   21
42   14   59
10   4   29
52   21   2
37   23   53
58   33   42
42   31   56
5   46   63
52   37   26
21   38   60
11   13   49
38   15   10
33   31   54
12   33   57
54   23   27
44   14   16
7   49   41
62   28   62
4   16   14
31   32   15
31   35   26
37   31   59
59   26   57
41   42   5
15   52   28
34   30   25
32   36   36
20   32   54
44   33   27
14   5   1
52   29   35
35   53   57
13   59   25
11   22   28
45   48   1
49   46   30
36   40   53
33   58   55
21   54   44
7   26   52
56   43   56
59   21   36
0   11   41
23   35   61
31   42   2
63   12   14
18   44   38
54   22   11
30   14   30
43   33   49
27   24   47
10   37   8
40   60   7
37   7   28
7   20   35
6   11   20
49   2   61
17   0   42
22   6   29
43   52   52
46   25   48
58   26   25
32   47   55
36   40   61
44   30   24
23   21   1
39   44   54
44   57   53
57   26   19
2   9   16
33   34   59
7   36   62
1   53   23
33   17   15
5   26   10
51   37   47
2   34   41
27   20   58
46   53   33
60   24   29
44   27   46
35   16   24
4   51   7
30   40   50
6   49   15
30   29   5
37   30   22
52   23   44
38   42   29
61   0   42
42   32   59
31   6   24
42   29   60
13   57   20
5   47   60
46   16   61
11   23   29
12   60   35
28   21   8
51   33   57
60   5   34
48   8   13
54   16   51
58   26   57
2   49   38
15   29   19
45   38   22
2   8   14
53   12   27
39   59   58
20   55   61
3   7   16
23   47   49
35   7   53
16   40   30
21   1   62
39   0   35
36   23   2
0   26   22
63   3   41
29   53   4
32   9   12
41   43   0
30   5   20
12   16   49
35   4   10
43   25   29
52   62   6
53   44   28
47   53   33
61   60   49
14   45   25
62   14   63
11   3   7
7   0   37
19   43   2
61   14   19
58   26   59
50   43   48
52   45   53
39   18   10
34   40   43
8   53   38
53   14   6
7   7   31
42   7   60
52   32   1
39   30   55
40   37   56
56   41   10
62   24   31
37   46   0
44   39   25
1   35   58
9   44   17
60   18   33
29   50   17
18   29   35
35   10   16
61   60   16
57   22   55
49   33   36
50   48   47
55   55   50
52   59   5
49   35   63
6   40   28
57   63   61
22   30   35
34   34   52
37   33   20
12   24   33
52   48   56
20   26   2
29   41   33
0   36   63
18   30   2
17   62   43
50   32   13
11   40   17
40   50   8
61   14   17
8   22   15
21   28   60
58   28   41
6   43   54
58   25   58
39   24   15
20   30   52
42   26   34
14   30   16
29   10   51
36   49   52
50   15   61
1   59   41
48   62   51
7   52   59
24   36   57
31   30   55
48   4   45
50   42   19
57   41   36
20   51   27
59   53   19
22   38   7
56   42   1
8   46   62
1   62   15
34   52   3
27   62   2
33   1   25
49   34   23
34   3   38
10   44   0
15   30   50
41   37   12
58   27   5
55   25   36
17   43   7
44   4   45
19   39   42
12   40   45
36   31   60
46   35   46
48   50   48
24   22   33
53   34   59
42   58   58
23   8   28
35   32   3
23   9   24
53   58   35
45   8   37
43   45   57
7   23   25
61   26   29
58   52   44
42   23   53
23   54   17
12   42   47
29   37   31
54   51   29
45   13   15
3   28   34
22   26   3
42   44   55
35   52   5
41   21   12
16   13   35
40   26   15
43   53   28
5   9   11
25   8   31
16   54   13
55   24   31
42   18   62
43   28   33
23   25   50
13   6   38
39   0   57
56   43   28
11   29   25
48   39   28
0   38   17
28   44   55
6   44   51
10   14   25
43   44   24
37   62   25
5   47   17
51   14   11
51   52   9
20   54   60
41   42   55
41   18   53
37   2   49
30   43   3
34   45   57
21   57   33
63   60   23
43   39   22
4   60   20
11   34   24
41   17   31
41   29   26
10   9   24
39   24   62
42   39   21
41   58   58
45   49   4
15   28   47
12   44   6
46   27   57
17   49   10
34   44   0
44   27   54
16   32   54
60   33   23
63   17   6
26   22   58
12   7   25
55   19   63
47   20   6
31   23   10
35   37   33
39   39   47
39   59   11
30   13   6
32   7   3
25   30   62
13   61   14
10   31   13
52   3   8
27   27   6
52   31   24
58   5   9
22   48   38
16   28   18
2   24   26
59   47   4
0   45   9
47   30   55
3   44   59
45   24   7
11   55   21
40   45   6
11   49   59
42   22   3
1   39   23
39   31   12
4   56   17
0   3   37
23   44   56
18   35   0
38   61   25
39   48   47
16   32   43
35   63   11
7   22   20
23   46   26
39   31   47
34   44   60
9   62   29
57   13   38
59   20   41
31   33   62
49   46   35
51   32   54
18   9   55
36   35   1
31   48   53
5   18   20
41   16   30
46   63   20
55   44   23
35   46   9
40   25   8
39   50   1
25   19   15
41   30   24
0   4   34
53   18   61
53   9   7
63   29   54
3   2   34
38   20   22
44   26   39
25   28   18
25   33   21
32   56   27
43   54   13
15   32   62
48   9   37
18   4   33
4   28   32
10   36   28
44   2   6
23   11   59
54   55   30
5   15   36
15   51   21
58   8   40
17   21   1
53   5   55
30   36   20
50   40   34
57   52   41
5   14   41
23   37   60
29   34   57
12   35   62
28   53   23
32   34   15
52   50   48
40   11   12
28   41   33
47   54   22
57   7   12
32   4   63
18   21   55
26   4   29
22   43   46
42   23   22
39   55   55
37   24   62
35   23   43
59   0   63
15   4   24
34   51   22
58   19   2
28   48   18
62   29   26
25   33   61
47   54   21
62   44   55
38   20   15
8   27   60
54   15   45
60   26   55
35   5   12
1   12   49
11   49   14
55   63   50
14   12   21
61   21   51
54   5   50
8   4   20
21   41   53
24   48   2
22   15   15
3   56   37
20   11   5
8   50   12
47   56   13
15   55   20
31   46   62
8   23   59
29   23   56
41   20   14
6   59   21
35   9   19
30   50   34
31   19   61
2   39   56
57   3   53
0   3   20
14   48   47
60   41   9
17   43   46
37   46   49
41   29   49
4   8   63
1   56   60
36   31   36
47   11   0
52   35   45
31   8   61
23   1   26
40   0   2
30   12   56
12   19   25
20   22   20
35   33   31
14   51   58
63   21   34
9   1   37
39   11   5
31   1   14
56   9   56
7   26   5
4   11   24
28   48   14
27   17   6
26   32   21
34   15   57
11   7   32
56   55   61
49   9   23
35   35   36
1   3   57
8   6   25
59   32   25
63   18   56
16   31   34
20   42   54
31   17   54
30   47   27
16   4   24
20   48   22
30   49   42
56   27   16
37   29   2
8   43   20
39   33   26
31   36   63
8   3   55
13   10   1
6   10   52
31   24   47
5   10   17
35   5   59
63   34   26
0   43   23
52   7   23
15   50   27
30   11   4
16   13   41
19   27   7
27   14   57
17   16   60
55   39   3
21   57   7
25   27   23
8   51   41
11   19   47
33   54   8
59   8   34
45   48   51
45   61   56
12   11   42
10   32   53
63   5   38
39   59   8
41   47   34
16   41   0
1   7   42
18   57   48
40   13   23
56   39   23
36   31   61
38   49   8
63   5   16
4   0   36
22   13   7
22   36   1
27   39   44
11   55   7
4   0   18
53   2   52
57   31   21
26   49   21
61   31   25
7   10   22
14   4   19
22   35   24
26   22   39
10   43   57
4   33   31
53   5   60
1   46   45
34   3   17
6   15   18
52   38   11
54   21   38
35   35   23
38   4   59
61   61   33
43   7   53
38   39   33
24   4   37
58   60   38
17   47   16
18   48   21
26   28   6
32   57   55
17   23   29
14   56   45
22   32   42
38   26   7
12   53   21
19   40   19
60   50   33
62   45   44
43   31   17
55   29   32
37   14   20
12   52   6
32   57   12
52   18   26
61   9   55
57   30   26
56   31   5
53   3   5
47   12   11
15   31   34
24   53   18
2   35   19
15   22   23
52   36   13
32   40   9
30   47   15
37   60   61
51   48   49
60   15   62
59   8   4
6   27   57
49   28   16
2   24   58
63   21   24
17   54   61
12   33   9
9   52   42
12   4   29
8   59   42
54   26   46
4   41   17
31   54   45
59   59   2
57   4   4
62   6   16
28   46   59
47   55   58
43   13   22
40   17   62
20   24   23
43   53   15
21   23   9
2   37   20
12   19   7
7   8   4
26   32   47
37   16   63
14   33   61
52   27   30
21   18   47
4   9   6
37   38   54
6   57   25
26   63   21
25   53   45
2   30   34
23   57   33
7   44   12
55   45   31
48   7   16
54   62   13
30   62   63
55   4   52
8   25   50
14   9   50
53   63   59
32   59   17
7   39   7
9   13   19
31   53   30
22   41   26
28   12   46
12   57   56
26   30   49
23   37   47
0   39   34
34   1   8
59   0   28
2   39   6
50   33   63
60   27   30
23   22   3
39   61   13
44   44   51
31   4   8
14   37   21
20   42   2
0   10   30
0   59   52
29   30   3
42   36   17
6   46   43
27   47   50
50   20   57
51   1   12
45   50   50
62   34   28
45   43   13
35   46   8
25   48   2
52   18   0
41   56   26
7   3   50
37   6   54
55   13   46
35   51   4
54   3   35
6   9   11
22   40   21
17   4   28
54   4   19
9   52   16
27   51   29
60   13   19
4   41   28
2   50   17
9   7   42
18   21   11
19   2   28
18   31   28
45   27   24
57   49   0
4   24   18
0   4   60
44   55   33
15   26   28
39   36   18
1   19   51
38   35   37
9   22   20
53   7   23
10   58   21
2   51   7
51   23   7
60   10   41
55   35   25
39   43   24
60   24   57
50   44   58
7   7   18
26   50   33
3   11   30
25   45   45
54   48   53
16   29   42
11   44   20
29   42   4
35   29   2
36   48   9
12   29   39
34   42   1
24   35   47
28   53   21
15   43   12
34   54   46
50   4   57
6   11   28
32   35   53
37   56   28
9   34   31
9   36   24
26   43   18
48   40   39
53   31   15
15   12   34
56   20   25
36   28   7
22   42   60
30   39   43
34   31   1
63   9   60
45   6   60
45   26   9
15   20   9
22   43   22
17   46   22
7   4   33
27   39   20
48   56   5
38   61   28
32   57   36
53   44   26
23   48   48
11   23   33
7   55   26
52   35   34
11   31   57
16   57   12
35   24   46
19   32   54
17   18   22
55   36   27
19   51   15
3   1   53
55   3   59
61   52   42
30   33   12
60   18   60
9   34   55
29   40   36
29   50   58
17   9   54
32   55   25
5   57   37
18   35   32
11   7   6
38   56   26
16   13   54
9   7   63
13   5   55
42   44   48
18   31   8
42   29   13
45   25   8
0   61   14
59   32   59
12   23   15
45   15   8
42   39   26
51   52   59
63   29   48
24   43   4
53   6   12
29   30   7
61   42   22
9   10   20
17   50   12
1   8   41
22   60   21
59   6   6
63   33   3
54   13   50
22   42   61
11   37   13
23   37   51
35   45   43
23   17   17
28   31   19
29   33   62
39   18   61
15   34   29
10   32   57
13   5   29
45   28   29
0   47   63
56   12   0
3   12   18
25   48   48
63   22   37
52   49   36
26   22   55
61   18   8
2   2   57
11   20   32
50   41   51
35   40   7
39   55   3
1   48   49
50   29   60
52   27   45
28   36   9
37   10   60
0   33   56
44   56   5
17   51   54
55   21   17
2   7   9
4   34   19
24   27   5
3   61   25
38   7   4
23   12   46
42   22   61
53   47   45
8   15   18
47   11   30
35   26   27
60   29   25
26   24   60
43   12   18
1   34   31
51   36   24
49   51   50
12   30   16
3   56   17
62   24   22
19   2   59
6   21   24
34   8   63
56   9   58
5   13   49
21   33   21
57   15   26
33   8   61
18   58   34
1   13   60
17   12   29
59   33   22
41   20   63
61   1   56
54   24   45
1   2   27
19   31   61
24   46   27
15   48   13
11   14   50
36   52   30
4   8   16
45   37   35
34   46   54
53   59   28
22   27   34
1   59   63
2   51   5
0   23   39
20   36   41
58   2   17
27   62   21
52   34   21
55   62   17
31   27   22
5   50   26
53   13   1
9   56   40
41   22   61
9   23   27
5   8   27
16   47   50
21   45   32
63   22   16
30   49   56
11   17   26
28   16   13
57   23   36
62   20   51
16   48   11
45   29   46
17   29   33
24   40   38
10   31   5
7   46   62
61   9   60
48   54   28
41   57   62
39   36   59
21   25   2
17   21   51
62   6   60
39   34   57
49   48   20
56   55   6
3   37   49
47   60   20
9   29   30
55   45   58
42   42   53
56   25   47
16   30   33
50   40   44
9   4   10
5   9   21
36   41   57
1   3   49
36   29   54
31   28   2
15   13   3
20   1   21
50   31   5
55   54   37
11   5   23
24   43   44
41   48   56
21   41   45
7   62   34
41   9   37
28   49   45
21   51   34
58   13   47
50   61   63
48   15   9
8   60   33
51   12   15
57   39   4
21   48   27
60   21   7
47   50   26
19   6   35
29   42   34
58   28   13
33   60   58
16   5   50
5   39   9
42   11   29
63   61   38
47   38   22
27   58   17
5   10   14
17   27   63
21   44   47
63   57   42
52   62   30
38   40   59
27   9   59
57   46   8
12   43   7
36   58   55
43   37   51
30   16   8
14   48   56
49   27   10
45   39   27
38   29   0
16   55   16
11   36   7
32   47   34
36   19   3
25   13   46
32   25   5
44   27   15
4   44   25
28   53   16
38   28   57
43   32   56
52   38   50
20   56   28
41   30   55
63   5   1
57   52   26
10   15   17
54   44   56
32   16   8
50   31   4
44   42   5
18   19   56
16   27   13
60   44   57
54   33   5
27   58   61
38   37   32
57   0   59
25   28   38
41   40   29
38   36   23
48   14   10
25   50   27
21   49   24
51   40   22
7   38   27
35   22   19
44   5   27
28   55   28
52   25   46
26   15   6
25   36   59
1   56   49
11   33   46
48   42   51
0   2   33
23   54   34
41   53   52
42   59   27
37   42   1
20   45   48
57   15   8
60   26   54
62   53   7
42   50   61
21   14   54
63   42   60
34   9   6
2   60   31
16   46   7
10   21   26
18   45   56
61   48   18
23   34   57
2   40   57
9   60   35
56   36   15
38   42   36
30   27   62
53   2   24
15   30   56
4   50   20
56   59   36
53   19   5
4   2   15
13   11   34
48   17   0
23   27   9
52   60   28
18   14   22
44   43   52
43   17   12
28   50   17
18   29   16
31   17   1
54   60   9
57   16   16
48   63   50
55   47   27
8   49   59
26   7   63
8   51   15
59   57   49
44   9   11
2   13   0
42   21   24
16   8   47
24   44   7
49   24   63
12   32   25
10   31   9
47   5   16
63   25   36
13   19   1
40   36   25
45   40   62
50   47   56
46   55   58
22   20   4
53   45   50
32   2   62
28   21   22
45   8   30
63   47   13
45   20   61
42   2   20
38   9   25
55   22   55
0   3   38
2   33   36
49   40   25
57   6   10
52   63   9
9   25   15
48   17   61
48   21   7
13   19   3
36   54   46
1   35   54
4   0   11
14   7   47
42   58   21
20   12   59
52   11   13
27   19   8
22   47   23
18   49   54
36   43   23
21   44   14
55   28   28
12   57   15
22   39   0
44   34   47
22   51   17
17   56   20
13   48   54
41   10   61
51   37   20
26   33   2
45   37   25
34   22   24
15   52   24
30   43   0
42   4   9
0   22   36
21   20   58
38   50   61
9   33   46
54   43   28
6   58   39
22   35   6
13   56   12
27   10   4
44   47   4
53   18   51
1   55   16
37   23   55
45   8   23
45   59   23
55   61   33
33   52   5
23   33   25
9   30   5
22   39   25
13   33   31
28   32   57
47   21   30
58   44   9
35   40   61
7   49   63
39   17   11
11   30   17
24   47   24
22   56   33
4   61   33
56   21   61
13   56   18
45   39   44
36   53   27
57   22   60
11   23   14
42   41   54
23   25   7
2   43   21
16   29   16
5   45   12
32   59   21
52   6   24
23   42   0
28   53   46
41   54   47
8   19   37
10   51   19
6   61   50
42   24   49
63   16   55
39   56   26
42   9   33
24   33   28
19   49   10
22   26   58
61   60   37
27   24   53
27   34   23
28   35   25
0   47   60
18   29   62
62   62   22
21   1   0
41   32   23
60   4   1
2   53   44
17   19   10
30   3   61
1   34   48
54   34   34
15   63   29
62   23   37
23   50   62
12   32   14
8   13   16
22   23   24
15   32   17
57   38   57
31   52   26
14   47   50
18   39   49
44   32   59
2   5   58
59   52   29
7   10   23
54   3   8
59   5   12
29   36   2
38   24   49
13   50   15
38   51   57
49   61   56
31   45   63
41   62   4
43   27   31
59   14   16
47   46   29
6   8   40
20   7   12
52   41   36
17   4   48
14   20   35
53   61   58
21   54   59
4   40   9
36   38   25
52   48   59
13   2   33
0   0   49
29   48   21
22   55   61
26   33   1
1   21   27
51   40   35
55   36   60
30   37   21
62   18   60
42   55   53
37   24   60
31   29   60
38   47   25
18   36   63
29   33   5
54   19   55
40   10   37
20   20   16
53   6   61
57   10   40
16   12   10
30   62   4
2   59   56
59   35   24
59   37   18
53   5   10
37   30   58
12   58   40
6   22   60
21   60   34
8   57   20
46   19   34
32   49   48
49   55   11
14   31   51
22   33   2
46   42   13
41   57   29
13   6   42
45   62   20
44   63   52
37   48   17
23   50   2
29   34   21
43   46   1
32   55   52
60   28   61
0   59   6
20   45   53
12   19   21
6   48   21
12   34   20
2   54   48
15   60   40
29   10   13
9   19   46
32   4   58
61   44   21
62   11   56
21   34   18
34   47   53
53   53   38
49   6   27
43   38   21
7   24   28
20   49   18
44   10   22
6   11   0
25   54   24
56   47   32
6   19   58
16   10   60
63   45   43
47   41   24
63   28   50
16   60   19
19   55   59
0   10   32
8   27   54
36   58   6
56   20   0
45   41   17
0   59   21
13   43   10
16   12   3
39   43   55
33   15   30
1   15   25
8   19   22
0   52   41
50   12   27
63   1   58
50   0   1
9   53   17
54   47   55
40   13   16
51   21   6
15   35   42
43   48   26
16   12   52
22   35   20
31   25   57
39   38   33
46   5   16
52   14   38
40   60   53
61   5   48
47   47   9
8   36   13
30   58   3
6   56   42
54   27   29
21   34   2
5   44   21
15   27   6
15   23   8
45   54   21
26   5   20
24   28   19
27   3   19
44   30   25
42   56   47
29   2   57
36   23   24
12   50   47
10   3   18
61   1   50
36   30   21
49   26   12
50   21   59
34   4   5
47   38   30
53   2   53
4   42   19
26   33   17
35   11   33
63   47   23
58   6   42
34   44   29
26   18   3
1   46   44
57   61   17
7   21   38
60   31   3
18   28   33
31   31   58
34   39   23
52   48   8
41   28   27
57   52   23
62   47   43
12   16   52
47   19   28
24   11   46
18   23   8
59   47   53
52   45   44
29   11   20
2   59   11
58   5   50
54   21   39
37   31   47
23   32   19
53   20   57
1   2   38
23   45   23
36   23   27
46   10   17
20   20   34
15   31   33
19   57   32
40   8   19
53   23   15
7   8   6
20   3   42
8   35   62
51   51   45
62   61   55
17   53   57
13   22   40
43   23   15
52   47   43
44   61   51
11   62   37
28   57   9
44   34   56
60   17   12
36   60   10
10   32   17
62   49   57
2   34   17
23   31   20
52   28   29
12   4   55
50   32   43
44   17   50
2   50   8
33   25   44
58   23   0
10   35   62
55   3   37
62   15   41
4   11   0
30   19   22
57   22   63
17   47   62
26   15   15
20   26   0
46   40   61
37   59   10
49   13   25
48   12   17
10   35   31
19   32   17
5   63   14
35   15   20
55   36   8
40   31   44
7   56   15
46   41   29
43   58   35
32   10   40
39   17   54
13   47   56
57   19   33
36   43   20
1   34   28
33   30   32
34   31   61
32   46   39
17   42   6
54   34   21
16   54   24
8   15   24
5   7   30
13   32   50
27   27   50
23   49   27
14   36   34
55   55   10
51   9   22
9   29   29
39   20   3
48   14   8
6   10   6
29   24   61
34   10   56
31   3   54
36   30   0
25   49   59
29   57   12
56   59   37
35   28   30
32   42   24
50   32   26
58   53   58
55   11   29
50   43   22
5   54   25
35   4   3
59   46   20
16   56   61
59   50   13
33   31   1
30   9   31
4   7   29
55   15   21
57   12   54
29   62   24
24   33   21
58   11   24
15   51   26
58   0   55
56   10   17
20   58   24
5   31   49
28   48   54
59   43   63
4   56   22
37   45   29
46   20   38
43   14   24
58   0   16
55   44   26
27   51   30
61   51   41
54   28   30
53   3   25
54   36   14
28   42   17
28   13   20
59   26   5
40   52   49
58   27   16
48   27   1
22   8   46
40   1   25
52   37   15
39   44   52
38   63   56
38   42   24
26   60   17
38   10   23
19   45   22
0   58   20
18   34   27
10   17   21
44   36   51
49   6   17
48   8   57
35   49   39
47   18   9
38   22   48
58   56   30
47   54   17
47   17   42
58   26   19
14   45   7
16   20   47
36   17   62
53   26   36
28   56   29
34   59   28
9   10   22
0   63   58
52   59   63
20   12   57
43   26   28
11   10   14
52   36   47
51   46   30
7   7   27
35   7   24
58   17   56
43   46   61
16   34   25
44   30   17
38   10   24
43   12   15
37   7   9
9   15   0
33   39   9
48   31   15
39   33   61
41   0   61
59   24   2
53   47   43
63   61   26
44   56   23
17   61   41
26   62   11
31   30   50
1   1   60
62   41   58
3   57   6
44   18   11
53   45   20
5   0   33
60   11   31
40   51   14
57   44   42
38   63   60
56   54   30
22   27   29
50   38   29
11   23   51
1   29   25
6   39   37
32   48   32
48   42   59
36   33   44
46   47   63
33   4   38
34   10   25
51   9   24
4   40   6
5   15   55
28   55   49
45   29   51
31   27   0
10   63   23
37   46   40
12   58   18
22   44   51
10   23   20
3   56   47
38   29   20
19   3   56
41   47   50
29   34   19
12   6   24
4   20   0
53   4   19
21   39   1
54   6   7
28   52   13
47   49   36
33   62   12
42   5   7
55   31   15
23   37   24
23   50   59
52   38   25
3   29   18
30   2   17
58   63   5
47   44   0
20   18   14
51   13   27
38   3   7
37   59   2
46   12   25
10   48   54
14   6   59
32   15   6
25   28   31
54   37   12
15   42   54
30   4   8
52   55   0
7   4   63
60   36   18
2   18   21
24   8   31
17   7   24
60   21   11
46   37   56
62   32   44
42   22   2
32   14   57
60   43   22
53   51   19
45   30   27
17   34   29
6   28   20
10   12   28
53   44   24
7   25   49
57   59   33
41   19   60
52   11   30
59   0   53
48   14   23
17   29   61
28   53   7
20   34   43
17   51   18
59   42   30
46   26   60
53   18   45
57   19   57
56   44   47
38   62   58
53   58   26
50   42   53
2   6   63
21   53   48
54   49   49
10   11   35
17   42   29
53   36   35
15   7   4
55   35   22
49   7   57
4   59   1
58   42   3
52   11   25
36   32   47
56   52   60
46   53   18
53   14   8
12   0   5
40   38   63
31   35   61
3   44   55
29   53   26
62   30   24
32   5   55
6   51   59
25   32   25
7   38   37
16   17   51
10   28   18
58   25   42
48   44   52
10   8   14
36   53   20
6   21   41
19   61   40
47   32   29
28   16   15
19   52   40
8   28   52
28   49   56
7   24   51
27   53   10
60   12   50
57   17   25
38   43   62
62   58   52
34   51   5
51   37   8
21   57   25
63   41   19
38   30   25
48   21   42
34   34   14
58   43   5
10   38   27
50   5   26
32   15   1
50   42   60
48   53   51
14   26   25
19   52   56
36   2   54
27   49   20
40   17   59
45   39   56
16   20   25
1   17   63
12   15   24
32   13   9
51   50   8
8   2   23
55   54   55
40   56   30
7   42   25
1   61   23
16   47   45
56   9   4
15   20   7
48   25   36
58   29   38
14   9   20
62   0   23
50   31   22
35   1   7
6   43   56
32   26   7
33   23   63
47   43   27
46   42   2
27   42   62
42   13   14
62   59   40
54   38   43
44   20   20
42   13   0
62   56   30
51   20   57
33   12   6
17   27   3
54   63   30
44   61   25
39   35   27
51   47   56
2   0   14
63   39   57
25   14   61
56   23   38
43   16   53
0   49   28
17   45   17
35   45   33
21   13   10
32   3   20
28   16   44
62   37   21
63   11   28
63   3   28
28   23   54
4   20   30
52   39   48
13   45   60
8   25   28
37   20   39
32   14   33
18   59   0
20   53   13
31   10   31
31   60   8
22   27   12
30   45   59
10   58   20
31   51   27
34   9   20
62   21   14
4   21   62
55   55   58
3   48   38
17   19   17
62   59   11
2   58   60
12   61   63
46   16   57
44   7   9
10   37   58
10   6   13
60   24   58
13   12   9
44   50   18
54   49   59
12   43   17
6   48   25
53   11   26
56   60   9
33   37   22
1   47   12
19   47   62
44   61   13
43   54   20
59   29   21
12   49   43
18   41   14
11   14   34
10   1   37
55   52   39
15   48   18
36   25   26
2   20   7
23   7   19
47   40   17
17   24   56
19   49   3
5   22   26
22   37   30
38   29   54
19   63   27
33   12   56
43   25   0
51   20   60
39   28   7
39   18   59
11   20   19
22   17   56
14   44   54
53   30   11
15   47   50
63   50   3
48   56   22
53   22   63
38   40   40
62   60   41
54   23   31
62   13   18
6   60   53
41   9   12
23   29   35
62   33   22
35   44   53
50   7   24
61   61   3
38   13   7
10   63   27
56   12   21
41   31   37
52   60   29
17   31   16
18   60   43
30   41   60
55   15   41
8   0   3
11   63   4
51   38   30
2   3   27
43   15   10
45   47   28
30   63   11
7   0   35
4   24   56
51   39   21
2   58   35
19   4   29
51   35   12
43   7   31
40   8   13
58   8   55
54   33   7
23   36   17
60   18   61
53   6   8
44   7   23
12   0   27
26   50   45
19   38   60
54   14   24
59   7   37
49   9   49
36   43   49
62   24   11
13   9   60
3   40   19
56   63   5
60   3   37
45   26   63
2   21   8
63   42   21
8   13   17
28   15   18
45   63   9
51   56   51
40   60   52
11   9   3
45   39   51
22   33   8
18   40   8
0   49   57
60   12   37
21   40   54
63   32   1
59   10   18
45   17   10
28   32   21
12   56   41
24   53   40
57   7   50
53   33   5
22   46   10
54   53   28
27   28   7
46   10   31
32   12   16
1   60   43
51   41   34
43   54   21
11   58   2
63   31   22
15   26   30
58   23   55
20   29   28
15   37   44
56   26   54
39   16   2
28   35   46
61   56   60
25   51   40
31   14   18
53   58   2
1   58   30
0   23   42
57   54   30
10   4   3
48   35   29
61   24   61
10   30   50
13   58   59
57   12   23
45   29   25
55   38   11
20   9   10
25   37   19
36   39   2
2   33   4
42   18   11
36   59   8
6   35   19
40   40   27
17   40   34
28   42   21
41   52   60
36   54   23
34   27   26
46   54   21
19   17   45
62   28   21
21   5   61
9   59   38
45   40   55
38   30   1
44   8   57
53   8   31
28   50   58
44   26   40
2   11   11
12   34   7
43   19   2
45   10   0
51   59   10
37   36   52
20   34   32
21   49   60
52   30   7
0   42   42
57   45   51
59   17   11
16   5   7
4   27   52
34   10   13
35   4   5
47   53   27
63   57   43
7   4   28
39   18   57
48   27   24
18   44   17
36   58   2
34   31   44
61   15   25
1   62   53
44   63   60
54   46   27
59   24   62
20   17   32
35   31   15
36   13   20
30   9   13
55   19   7
42   44   52
32   9   31
30   53   29
33   21   18
4   27   15
37   14   59
51   38   60
6   30   60
2   11   45
52   32   41
40   34   51
50   27   1
31   32   24
47   56   52
48   22   12
21   38   41
63   22   27
30   23   20
34   33   36
44   28   32
6   10   33
50   12   37
9   48   12
19   33   13
19   45   46
32   7   56
43   0   50
6   39   17
27   49   26
46   61   41
21   54   40
38   33   52
37   50   3
49   44   36
2   52   45
37   33   57
7   30   30
63   42   22
62   23   33
30   1   62
44   36   40
2   11   61
0   54   5
36   30   25
51   49   60
22   54   63
1   61   11
23   39   58
50   14   15
55   35   2
56   46   8
63   62   25
39   41   34
33   29   5
41   5   2
26   40   34
23   0   29
13   24   29
53   27   16
4   52   12
35   28   24
4   8   37
54   6   9
1   51   40
4   58   57
43   35   35
34   57   56
0   47   34
31   58   31
11   39   16
5   53   49
19   44   17
43   58   55
41   48   48
24   39   23
2   32   39
59   47   15
23   6   10
40   45   22
63   12   18
60   24   16
46   27   43
19   49   36
9   45   19
46   34   51
53   51   6
9   38   9
6   38   22
35   29   53
46   50   30
57   44   30
22   14   10
55   35   55
55   50   44
50   19   7
25   38   18
55   0   53
29   21   12
34   19   4
63   16   26
13   40   57
52   7   12
18   26   13
6   56   49
9   44   45
1   39   21
20   46   0
41   16   25
47   40   21
10   13   32
53   61   13
27   46   48
22   33   61
20   25   7
1   0   14
37   17   7
42   21   60
43   58   8
39   26   57
8   32   16
0   25   31
54   34   8
15   4   23
60   44   55
1   37   22
57   5   3
43   10   60
61   29   15
0   60   41
4   59   31
3   26   10
62   37   18
24   47   51
51   47   38
26   59   16
22   49   32
29   15   6
43   22   48
29   34   58
51   37   25
60   31   53
55   21   58
56   5   63
7   7   17
3   45   6
30   39   55
18   59   50
36   55   5
32   34   5
42   11   27
62   50   47
45   25   52
28   48   32
53   53   0
32   53   5
61   34   7
45   1   53
25   55   22
22   46   56
27   20   2
27   9   26
29   61   5
52   57   59
13   34   28
9   50   15
44   13   8
27   36   9
14   49   51
24   12   42
22   44   14
46   9   24
59   1   50
58   44   63
4   48   4
18   43   53
19   39   59
46   24   19
57   0   58
28   49   42
40   58   35
59   22   63
21   63   29
63   11   23
24   15   56
7   3   24
38   29   46
3   8   42
16   53   0
19   36   62
15   60   26
14   5   55
36   13   26
15   42   60
45   13   16
58   16   10
52   4   10
63   38   17
39   59   5
4   44   45
62   39   26
60   34   21
9   49   6
11   6   25
30   13   14
59   0   34
13   13   2
26   8   33
43   27   62
45   57   3
53   63   14
31   13   26
37   37   63
59   50   55
23   46   45
32   22   11
42   11   3
56   43   48
59   46   9
45   36   29
47   20   15
39   30   0
46   58   51
21   33   30
17   1   40
44   50   58
11   11   42
9   42   51
50   47   43
21   20   51
57   45   31
27   59   13
55   17   59
52   55   58
7   33   20
41   39   26
44   41   62
32   34   46
54   45   18
20   1   23
20   30   35
9   1   40
19   4   55
27   57   49
8   53   43
23   27   8
4   15   11
15   59   0
60   17   13
61   63   61
19   52   0
53   30   17
1   3   1
36   37   56
57   21   54
13   24   17
34   25   27
42   55   6
1   52   47
37   13   23
61   24   36
59   27   0
61   35   28
29   3   20
10   34   7
33   1   17
49   3   60
57   59   18
48   41   54
34   28   54
33   1   59
27   48   45
38   63   62
39   56   18
33   51   3
23   25   0
48   24   13
23   24   4
47   2   52
61   56   26
26   10   24
32   17   4
58   8   53
14   59   17
10   49   21
48   56   41
18   0   51
48   40   56
17   17   49
59   31   54
11   10   59
53   9   13
14   63   48
61   13   42
9   61   5
63   46   4
52   31   60
24   49   45
7   38   34
47   41   1
28   46   49
2   54   49
11   46   56
23   34   31
58   42   1
37   22   1
28   55   61
11   28   52
22   52   25
60   11   26
14   30   12
38   32   26
2   21   34
43   43   25
28   46   20
4   48   40
31   8   63
54   34   24
15   61   43
4   28   60
51   35   5
42   47   49
62   45   48
44   13   60
27   28   60
26   45   47
60   47   15
22   50   62
54   57   50
21   2   37
34   23   11
34   22   10
28   3   38
25   62   32
38   28   58
37   54   5
30   58   28
34   33   37
40   11   20
57   50   59
39   39   40
30   48   54
5   50   62
2   8   59
46   36   57
31   46   20
60   19   14
37   41   57
2   23   51
31   42   24
1   27   13
44   40   32
45   27   60
23   20   59
58   2   49
60   36   5
31   3   30
37   18   43
9   50   41
38   48   50
4   6   31
52   59   13
37   10   1
57   28   61
37   0   20
27   6   13
50   54   53
21   39   56
53   23   0
34   31   21
16   4   55
59   3   38
60   40   39
13   29   48
33   40   51
27   22   0
2   17   57
17   17   12
59   8   63
5   5   41
61   8   53
22   27   54
61   33   33
46   21   49
33   26   47
22   1   15
45   34   28
54   57   59
4   62   3
25   58   30
27   43   32
38   38   47
62   47   63
27   60   11
60   3   31
39   19   1
5   46   45
63   12   49
62   13   61
50   47   49
56   3   15
44   12   4
59   49   60
54   2   27
0   16   25
57   1   34
30   5   18
0   33   53
54   58   36
54   16   26
9   15   17
8   63   34
41   31   39
40   27   49
62   62   6
37   47   28
18   41   1
12   29   35
49   38   26
28   32   15
12   2   42
44   7   20
53   13   3
1   45   43
39   48   61
27   9   24
10   26   37
24   41   28
22   14   14
30   14   58
47   37   50
30   26   60
41   23   36
2   10   6
24   40   45
55   3   16
22   61   35
52   40   28
17   28   12
10   25   32
7   49   47
15   63   33
5   32   62
35   57   33
0   21   60
12   56   37
29   6   14
20   38   24
34   35   15
47   29   32
12   50   0
55   19   60
38   23   12
53   25   18
16   58   63
59   22   61
51   13   12
18   57   45
43   46   51
45   29   6
0   12   60
0   23   11
0   9   31
9   13   62
7   12   12
44   19   58
50   18   2
41   42   61
43   38   40
28   55   40
26   15   51
45   22   57
54   25   59
31   27   1
6   8   32
31   45   48
35   49   48
29   59   20
18   23   12
28   23   59
23   27   18
22   31   21
56   5   59
2   51   19
51   11   56
38   26   47
2   48   9
10   58   15
11   6   50
21   36   57
18   37   51
6   17   63
61   7   16
5   21   27
18   56   59
40   44   36
63   39   54
27   33   17
13   53   57
61   41   63
61   48   15
49   10   26
8   18   26
23   56   4
29   19   20
16   48   54
41   12   14
17   11   27
16   0   47
53   63   7
63   56   37
20   37   18
4   0   35
16   46   14
2   58   12
26   21   4
4   26   10
51   62   56
43   2   4
2   2   28
6   21   56
16   24   59
28   47   61
53   35   47
28   21   7
1   15   14
0   4   57
13   23   14
61   32   36
6   6   55
4   42   54
37   37   8
51   59   53
3   14   28
63   7   42
31   32   25
8   62   29
4   23   5
46   43   1
39   7   3
10   21   49
63   0   59
11   23   30
12   3   47
63   24   11
58   9   11
59   0   11
23   28   17
16   47   16
9   60   14
17   45   0
18   35   43
44   16   9
4   26   53
10   37   29
55   35   56
27   42   27
56   12   23
13   32   51
10   57   57
32   12   23
34   60   2
43   21   6
27   29   2
43   22   19
0   20   30
17   23   32
11   42   58
6   6   12
32   2   13
27   8   30
17   30   62
19   3   11
63   12   4
2   19   20
43   17   59
54   32   36
51   62   41
55   7   50
42   24   25
27   3   20
44   4   24
45   39   53
0   43   26
14   23   18
50   45   52
57   43   5
47   30   35
7   24   32
30   57   45
45   43   26
25   35   46
55   51   56
14   61   25
38   26   3
43   43   33
21   23   3
5   40   27
47   2   13
58   15   41
41   57   55
7   43   43
52   12   1
37   25   61
12   49   62
55   56   2
41   30   18
30   8   26
49   35   47
22   1   27
42   12   5
42   1   56
31   35   21
10   4   10
26   53   48
42   43   8
23   51   18
54   9   40
17   29   35
33   35   52
8   21   29
13   32   59
52   59   37
10   24   29
36   44   51
0   57   60
51   25   43
61   47   23
53   5   6
9   22   32
14   26   30
39   63   61
6   29   18
57   3   55
4   5   33
21   42   28
13   47   36
45   42   32
52   28   36
17   49   48
15   10   59
57   50   7
55   27   30
22   7   11
13   40   11
13   16   24
53   41   39
22   18   59
21   54   30
25   6   25
43   19   60
16   29   46
31   51   52
12   19   38
55   36   23
62   6   21
22   40   48
29   12   23
50   24   61
63   25   4
61   6   6
5   19   22
14   34   47
43   5   43
29   47   24
18   55   41
57   46   44
24   16   11
56   36   63
24   13   7
22   13   57
11   50   55
26   24   54
38   32   27
43   16   49
57   51   3
41   13   62
53   33   8
10   3   28
63   59   15
39   23   20
13   11   25
12   63   14
25   43   22
24   13   51
12   41   25
10   42   51
43   50   63
59   39   15
46   17   24
62   41   45
28   39   19
3   17   17
0   59   11
40   20   12
8   36   57
16   61   14
54   4   25
59   32   12
8   42   28
50   36   2
10   22   16
8   36   22
3   6   55
13   52   17
14   1   21
48   53   30
43   16   30
29   19   13
10   58   25
20   13   31
48   56   31
31   52   5
25   6   11
2   5   33
43   41   44
52   60   53
62   46   19
22   43   18
8   27   57
58   12   18
15   50   25
45   46   0
39   35   21
34   15   12
16   43   56
14   31   50
58   17   46
58   14   8
33   16   10
39   9   19
56   51   63
30   43   63
60   10   38
20   26   9
62   1   56
30   47   61
40   42   9
52   44   47
5   46   55
55   46   50
6   48   16
35   33   46
54   45   19
14   45   22
10   7   9
30   36   7
55   14   22
3   41   57
63   50   7
8   41   43
16   59   59
47   23   5
23   21   32
19   38   51
22   16   32
61   0   60
43   51   0
56   3   8
60   43   50
53   10   63
24   55   17
1   7   63
18   40   13
13   13   0
34   62   36
18   42   46
59   34   7
38   45   53
6   2   13
46   25   10
28   34   62
54   14   53
37   50   1
23   43   21
9   15   59
27   9   31
8   12   9
40   29   39
21   58   35
40   38   28
52   28   0
60   44   23
52   10   3
10   3   41
7   33   46
35   11   62
33   10   40
22   44   49
45   44   52
19   33   57
55   28   41
55   45   51
15   31   24
15   55   48
58   13   5
44   61   9
51   15   23
55   11   27
30   5   30
48   13   30
17   11   17
58   62   33
38   18   0
31   60   16
8   16   28
53   60   27
36   36   8
18   43   57
42   31   44
18   7   50
58   51   3
38   2   57
54   7   3
31   32   7
8   0   63
57   20   14
32   14   20
33   29   12
37   41   47
18   25   5
27   25   9
59   12   31
59   3   10
60   18   44
53   23   14
62   53   5
49   37   50
54   6   37
55   30   63
16   63   22
41   57   30
41   63   60
60   16   16
58   15   17
45   2   26
26   20   1
9   46   22
20   40   8
3   7   29
41   27   5
55   28   47
58   22   14
34   53   15
45   44   18
53   30   4
55   63   3
62   46   17
44   14   19
63   54   40
51   6   58
37   55   13
60   3   53
53   50   63
43   52   18
62   42   4
0   39   37
53   5   1
62   42   59
55   16   16
61   39   57
58   52   5
60   28   37
21   41   46
2   5   12
6   16   55
40   49   24
26   58   45
53   15   56
8   46   27
45   17   24
56   31   3
50   20   30
47   28   15
21   53   39
48   47   45
41   31   46
3   3   57
35   7   61
61   49   45
8   32   5
17   35   7
29   5   59
35   36   28
49   47   43
3   63   38
22   46   8
41   21   7
0   40   54
36   7   16
6   56   55
40   14   14
51   33   63
41   51   61
12   0   19
47   31   7
1   37   63
18   39   2
57   44   50
7   61   40
46   13   22
42   8   26
2   22   38
61   59   0
9   34   48
13   8   6
38   48   0
38   37   34
1   46   22
49   34   46
36   17   7
24   44   26
24   60   34
3   1   23
39   21   19
50   45   39
24   37   24
63   14   11
31   34   41
37   45   61
55   46   53
30   9   23
20   53   12
18   25   51
44   57   20
0   9   28
51   8   57
46   60   30
27   24   3
1   42   59
54   0   38
24   61   35
55   58   30
2   36   58
42   30   43
11   3   28
26   62   12
38   50   39
3   14   0
52   40   32
29   22   11
19   45   57
49   46   32
12   53   57
8   30   55
15   16   17
60   32   59
10   21   52
61   51   8
50   11   30
53   57   37
45   60   50
6   45   12
41   55   23
36   60   33
6   26   55
63   16   51
19   26   8
59   12   60
11   46   19
40   43   18
34   14   7
40   14   11
10   19   18
27   52   38
45   60   51
21   39   13
0   30   44
42   10   23
63   58   21
5   15   24
57   33   55
24   26   40
45   40   36
60   9   33
16   52   48
53   13   38
28   17   47
52   8   7
60   9   32
23   19   61
45   15   62
0   11   1
42   23   48
12   2   41
11   13   16
18   27   19
5   52   20
60   57   37
10   63   4
41   63   50
26   8   55
42   59   15
14   36   8
23   43   18
53   32   2
4   63   34
27   8   29
63   18   13
26   59   32
44   17   54
40   4   1
20   29   60
8   11   22
7   34   9
40   35   52
10   3   21
58   38   26
58   36   22
62   56   33
63   45   63
54   20   12
53   0   34
25   9   7
17   50   19
42   28   47
40   43   40
46   11   15
41   56   21
26   27   31
62   22   13
27   52   6
37   10   5
5   42   59
42   48   12
59   55   30
40   50   12
60   18   54
1   31   38
61   24   22
43   13   11
5   54   38
23   63   20
8   19   49
2   23   36
36   37   63
2   10   56
58   19   12
15   7   50
37   32   60
49   6   24
54   17   16
53   1   50
28   57   19
31   4   7
10   32   24
24   44   34
36   56   3
54   7   31
29   24   44
31   5   53
34   31   22
20   60   48
34   42   34
44   44   29
43   55   50
31   61   32
0   6   59
10   10   51
21   49   36
8   46   63
8   42   18
19   44   56
17   49   51
51   34   13
57   10   21
8   43   19
36   17   30
63   25   5
50   50   34
51   35   29
40   56   34
29   51   6
55   17   15
29   16   61
15   39   16
52   11   4
11   0   63
7   26   31
16   37   57
3   44   51
13   26   16
22   0   18
63   29   13
19   41   47
17   10   21
42   38   28
55   43   55
54   35   62
1   47   60
59   63   30
28   44   48
24   47   21
25   53   25
39   41   29
63   1   61
47   58   55
0   1   26
39   17   47
57   50   24
40   41   2
14   13   49
28   14   16
53   56   51
46   24   0
14   14   52
22   25   56
56   14   12
4   18   50
11   36   62
38   27   24
60   19   45
51   5   31
24   36   59
16   42   26
58   3   15
42   50   50
6   57   37
55   12   40
63   32   27
61   24   7
51   47   52
43   40   17
31   59   25
0   59   22
41   17   59
3   36   54
51   20   58
60   43   17
50   41   18
47   30   62
48   42   22
35   10   56
45   14   12
14   57   15
7   27   13
23   44   34
34   7   3
4   29   29
63   3   27
26   53   49
55   51   9
2   61   33
6   2   33
13   59   8
34   56   23
40   16   34
24   7   10
61   23   58
52   56   55
23   0   24
36   55   24
46   9   12
10   30   54
62   45   60
29   13   18
12   26   30
53   23   53
11   22   49
44   47   13
12   33   19
23   5   31
61   40   62
11   45   45
3   22   14
9   11   25
31   47   49
53   55   7
0   23   10
12   4   7
33   38   61
41   31   51
51   7   62
15   53   15
37   46   63
56   40   9
9   45   0
10   3   55
19   61   48
58   59   2
15   34   13
47   10   18
18   47   29
34   48   52
5   38   3
45   47   29
33   2   11
55   26   13
63   5   20
33   31   7
34   13   33
2   12   8
12   8   27
18   18   52
26   8   44
47   46   30
20   36   13
25   34   7
44   21   61
1   50   19
0   28   25
0   53   7
22   59   34
13   10   52
29   28   0
61   23   55
50   4   25
32   36   47
42   38   22
35   31   52
27   48   49
30   32   3
52   57   33
41   10   0
15   59   1
28   35   7
63   53   19
50   16   38
56   13   59
40   3   20
60   36   56
6   57   15
44   58   56
7   5   20
18   26   29
42   47   20
51   43   36
37   31   55
20   53   62
24   43   56
54   63   31
7   0   23
51   45   37
62   56   0
7   5   29
40   47   50
6   53   38
50   22   41
36   61   4
8   7   18
29   6   17
53   48   52
16   2   37
28   45   26
12   8   21
18   19   57
12   53   45
2   24   54
26   24   0
4   3   57
14   50   60
19   13   17
33   0   7
14   37   25
59   59   4
4   41   56
8   27   27
46   56   13
32   32   55
54   11   13
59   59   38
45   24   58
22   24   62
22   25   36
52   1   27
30   32   16
60   21   63
55   27   25
49   5   45
29   32   28
35   45   40
22   22   9
4   52   19
40   45   34
62   16   54
46   63   15
40   42   55
38   21   63
18   40   48
50   34   59
37   60   4
11   24   53
42   36   20
20   50   40
6   53   63
52   53   44
32   8   26
24   55   59
6   25   53
11   61   25
63   51   33
15   38   26
58   7   0
54   3   53
7   21   14
43   10   57
46   11   23
7   12   25
16   12   20
54   40   15
6   38   13
11   3   40
11   45   60
44   12   15
53   63   31
53   39   32
50   27   0
27   51   62
38   43   28
55   55   6
23   43   61
63   15   31
19   63   41
19   42   26
24   10   26
43   35   25
32   16   59
11   47   57
54   21   5
31   37   43
37   26   26
3   8   41
36   30   30
48   39   44
48   12   25
35   1   60
44   59   61
13   0   6
11   55   34
56   51   9
60   21   40
4   44   35
10   12   52
6   19   61
12   17   26
12   63   20
63   49   45
15   1   41
47   60   23
0   55   37
17   63   4
56   29   21
32   10   62
57   21   10
44   53   25
39   24   28
12   4   18
44   16   30
11   32   47
39   29   49
51   4   15
7   23   39
62   10   53
52   35   57
55   59   7
3   41   22
12   33   4
20   23   6
24   59   11
45   63   35
42   4   57
63   14   50
8   3   51
51   41   9
13   56   41
53   10   21
55   23   18
28   53   27
20   18   22
53   5   4
33   20   7
61   8   58
11   27   35
16   30   6
14   4   17
39   25   58
0   38   19
44   54   17
3   9   36
14   63   40
35   24   20
59   23   54
19   11   7
20   14   55
13   32   3
53   25   62
34   0   58
20   38   51
61   20   21
54   29   15
17   42   8
28   32   58
20   29   62
19   5   54
60   59   38
50   41   32
62   5   41
14   19   36
45   24   1
12   63   4
49   35   3
40   6   40
18   35   17
35   6   63
30   1   54
63   10   15
54   13   58
25   60   55
55   38   24
30   32   15
41   41   25
37   29   63
44   39   44
24   22   20
25   0   18
59   56   40
50   39   20
49   49   9
42   9   46
2   61   21
13   44   16
33   13   26
53   13   11
46   30   47
61   2   31
28   58   30
13   41   7
58   4   63
23   48   6
9   21   26
6   35   21
40   15   63
37   13   29
32   6   33
29   7   61
39   41   2
10   33   46
43   47   53
37   46   39
13   47   50
48   10   26
59   6   58
49   40   39
63   36   35
32   17   54
29   55   23
11   60   56
58   17   13
15   29   12
37   6   4
39   33   25
61   26   10
61   21   14
43   43   39
52   46   50
12   13   41
49   10   6
34   14   27
0   59   18
22   19   37
32   6   57
4   22   16
7   58   53
55   44   5
53   34   30
4   41   13
58   51   6
59   0   56
44   63   57
49   0   58
54   51   63
60   24   59
4   14   61
28   25   0
28   21   55
61   34   56
42   57   25
40   18   31
10   31   20
26   5   46
27   41   31
41   39   59
55   61   42
22   52   60
28   60   55
63   26   57
58   10   58
32   5   38
13   49   19
9   58   63
4   35   52
46   57   31
27   51   7
14   12   41
15   26   48
36   46   63
41   41   28
28   11   9
34   53   47
40   34   15
29   50   20
4   63   53
2   33   35
27   47   36
62   33   27
1   24   62
16   28   9
25   8   23
24   34   29
5   31   47
27   50   0
47   10   15
17   24   20
53   51   23
56   2   19
27   14   7
7   57   57
54   13   27
40   52   47
56   23   33
13   37   25
60   34   19
62   42   13
1   11   11
6   36   34
36   49   53
41   19   28
41   31   52
0   48   49
61   37   59
59   21   7
48   57   27
9   52   26
38   50   49
22   53   19
5   54   45
19   43   31
56   62   11
39   13   7
35   32   45
2   57   37
13   53   62
63   50   18
40   43   20
0   28   24
2   16   18
25   32   24
57   60   21
33   22   56
52   50   52
57   49   49
48   42   32
9   59   41
63   26   26
0   58   33
44   24   10
56   27   30
2   62   25
49   0   52
61   22   62
29   11   54
1   54   42
4   8   41
34   45   59
47   24   17
32   28   17
41   28   15
20   46   21
46   44   39
33   28   3
6   38   27
63   0   60
26   52   42
46   52   29
63   29   23
25   8   16
21   33   8
44   44   56
57   18   34
19   6   23
60   36   7
36   49   28
40   43   29
61   56   59
49   31   28
53   17   7
8   61   38
23   11   16
39   11   33
58   58   0
21   26   1
45   7   20
40   31   43
7   51   43
7   8   7
59   49   43
52   28   26
15   62   32
51   58   55
59   13   19
5   3   32
50   31   27
20   63   33
59   47   46
54   13   11
63   63   6
22   48   40
31   56   17
52   17   60
61   49   28
10   8   42
0   53   4
62   5   37
61   15   24
48   52   29
38   38   46
24   48   50
45   39   24
27   60   3
33   34   47
52   60   4
21   26   5
10   22   53
44   22   59
16   51   60
16   55   15
31   50   4
1   0   34
36   49   55
42   60   51
26   13   30
10   49   55
0   27   62
35   10   6
4   10   27
7   50   20
36   10   57
6   55   47
55   53   42
9   44   60
63   53   41
32   17   61
40   15   25
25   28   40
54   40   53
19   13   31
55   48   30
34   34   46
12   44   27
7   24   21
38   42   39
20   38   21
59   10   53
51   34   59
26   39   63
52   24   31
5   55   59
51   49   58
51   23   63
47   18   38
2   9   42
21   53   61
7   31   4
60   28   36
15   36   3
61   44   9
60   63   49
55   36   30
16   46   2
60   41   44
42   57   9
41   58   59
19   41   24
31   1   20
39   16   60
45   62   27
22   44   6
0   51   0
55   50   38
30   39   13
12   45   56
7   3   32
4   63   38
49   7   35
10   60   14
52   34   3
33   34   26
16   49   28
23   46   53
39   24   2
19   58   33
17   56   59
45   60   59
22   8   23
62   9   33
14   30   13
9   26   16
28   20   3
32   18   39
2   1   53
4   24   58
53   4   27
3   2   28
41   29   7
15   58   27
25   29   28
33   13   14
24   29   7
6   7   42
21   38   61
42   14   13
54   38   2
45   41   60
37   54   57
54   27   4
42   28   15
41   38   63
37   19   54
38   29   62
8   58   39
33   39   43
44   59   8
5   53   41
25   18   6
54   33   35
48   56   32
17   19   6
58   47   15
33   44   63
26   42   36
60   32   58
51   47   5
63   21   19
44   59   30
50   54   55
47   43   18
54   14   15
58   35   59
53   56   25
54   48   23
40   3   0
58   31   3
58   33   11
58   63   1
53   14   24
53   42   59
4   45   49
8   51   6
11   1   21
58   30   54
19   29   16
0   45   44
45   6   7
23   39   30
45   14   13
5   50   47
45   44   33
12   36   8
10   54   6
12   63   48
22   6   44
25   42   53
17   33   51
7   14   28
14   52   38
35   52   17
63   36   34
50   52   51
21   28   57
56   37   2
16   29   50
24   20   47
46   23   6
36   63   57
22   42   19
51   33   55
2   43   25
36   15   14
5   23   31
48   45   63
53   43   44
15   52   12
14   34   7
58   22   47
28   20   58
32   10   13
29   54   30
35   8   37
47   11   1
11   13   0
21   13   5
31   46   32
4   46   63
26   22   56
0   13   63
40   34   37
1   13   61
0   31   23
44   10   46
21   37   32
6   39   20
35   61   21
6   27   50
9   53   20
43   11   26
37   58   8
42   60   61
8   26   21
34   28   7
55   62   18
57   0   49
14   51   12
43   23   24
37   35   7
59   47   42
19   45   16
47   52   16
31   18   22
57   50   40
30   35   17
8   41   1
63   19   8
19   52   24
3   14   11
38   45   23
35   45   1
17   22   59
51   35   62
56   45   58
50   10   23
43   31   18
48   20   15
61   59   63
44   9   7
48   20   38
57   28   4
56   37   24
52   13   16
28   20   4
37   15   62
54   16   54
57   23   15
51   36   4
3   16   21
38   50   52
16   48   39
31   57   3
22   54   59
51   41   44
58   46   13
57   42   45
57   20   61
16   60   41
55   27   16
38   53   56
42   6   16
48   62   24
42   8   24
61   60   44
11   25   54
40   55   27
43   9   33
13   19   5
44   49   21
58   37   56
60   19   21
25   42   23
15   39   30
38   56   53
48   27   25
22   29   14
39   16   62
34   60   61
5   24   16
16   12   9
11   31   19
35   11   4
6   0   18
63   24   35
50   9   22
7   24   54
54   60   11
2   50   20
43   54   51
17   16   16
60   20   36
50   40   35
18   58   33
8   4   9
35   54   51
52   49   60
15   36   27
31   57   24
57   3   33
52   39   10
38   31   15
3   5   63
15   18   35
29   51   34
44   13   24
53   46   1
16   60   35
6   15   23
16   35   27
3   40   56
11   63   5
61   12   26
42   10   37
43   52   60
23   32   32
29   34   59
17   17   7
62   56   26
61   6   33
55   35   59
39   53   51
17   38   42
0   19   55
47   20   27
25   54   62
39   38   49
59   12   55
18   11   39
32   55   31
32   28   3
6   1   38
41   46   47
21   23   59
10   4   32
43   33   34
6   61   41
25   19   16
52   40   46
50   32   11
19   45   28
37   27   43
12   21   22
18   41   54
45   29   48
1   1   26
16   45   13
54   16   44
56   12   1
11   23   15
21   62   21
49   61   63
50   0   2
10   63   7
61   5   7
62   30   29
33   20   11
60   34   54
6   44   55
20   18   52
20   17   24
43   18   41
63   41   36
40   18   28
35   59   58
39   51   48
17   21   47
34   42   2
31   30   52
60   43   3
3   59   22
2   21   4
56   34   25
24   27   23
61   22   39
29   59   16
0   42   4
11   19   18
43   60   9
55   44   1
27   3   42
45   12   6
28   10   51
38   32   36
63   6   56
15   7   27
57   39   46
4   47   47
57   6   8
22   31   9
19   44   29
20   9   24
60   10   60
31   46   1
36   40   28
53   62   32
20   41   17
2   52   63
17   14   59
39   60   53
62   28   58
45   31   47
24   21   37
48   27   22
22   13   16
56   21   60
19   40   0
30   23   24
46   9   60
7   39   57
44   38   26
62   29   5
22   7   31
16   62   25
24   2   33
1   54   44
25   53   61
24   23   24
29   23   54
19   28   36
55   51   0
54   39   48
41   10   60
35   52   31
28   5   62
53   2   63
57   28   24
32   48   50
39   49   63
39   51   49
38   53   5
12   15   31
32   53   37
48   47   35
61   58   62
18   21   0
57   29   14
27   54   59
51   15   16
13   10   32
25   21   9
39   23   53
42   52   16
17   49   13
48   19   2
50   32   8
50   0   59
9   43   28
52   13   15
28   25   62
61   15   11
13   5   47
51   28   4
31   44   29
17   20   62
43   48   30
39   46   39
36   53   51
46   35   58
17   16   28
60   6   10
31   19   0
47   19   37
51   47   43
19   53   54
43   0   40
22   7   28
15   7   55
17   54   11
34   7   14
20   32   47
4   11   36
61   33   54
62   52   2
62   21   5
58   57   63
40   31   47
20   51   34
5   54   42
49   33   51
9   29   12
5   56   12
38   16   14
50   40   26
5   44   28
49   49   1
57   31   22
46   57   44
34   40   9
4   27   36
57   12   56
8   52   14
16   22   49
13   27   52
13   30   57
15   41   45
2   9   10
29   44   32
37   40   51
16   8   59
59   13   45
12   34   28
18   27   24
44   17   49
63   47   5
34   21   20
18   13   60
60   32   24
23   17   55
16   40   34
0   19   37
59   2   27
28   6   61
46   36   54
53   2   26
29   33   15
30   29   1
36   0   60
17   20   0
39   28   17
30   27   0
39   35   37
10   7   40
39   18   12
2   22   55
10   32   55
34   26   5
51   52   50
16   6   32
52   56   38
34   11   9
27   19   11
2   50   4
8   13   62
50   40   21
46   16   0
33   34   63
32   32   49
20   32   20
8   58   1
27   56   45
7   47   40
26   39   31
50   52   50
17   25   57
63   22   7
50   9   35
33   37   23
44   49   14
63   55   60
5   10   4
23   26   57
3   62   21
58   35   58
14   31   56
54   14   46
0   28   57
27   37   19
38   9   33
51   25   25
62   37   15
23   56   19
41   40   40
33   46   47
26   42   2
42   47   30
35   29   7
2   58   38
7   48   44
7   49   4
52   15   37
15   15   16
2   22   35
4   40   37
45   17   22
18   7   40
4   57   55
25   46   49
60   6   7
13   27   47
15   56   51
41   8   22
50   32   21
20   24   13
59   1   23
5   45   56
33   13   59
40   35   35
29   49   59
35   5   25
37   19   0
9   41   62
56   4   9
2   49   0
57   24   56
53   62   3
48   39   53
60   42   51
59   50   5
8   58   12
54   20   56
1   51   33
61   33   44
34   42   8
9   42   57
1   11   10
20   58   63
37   59   11
57   17   13
58   5   8
14   62   29
59   14   51
62   23   27
23   47   15
3   23   15
19   34   34
13   13   49
36   9   37
40   49   48
11   53   38
7   19   23
62   24   35
30   11   7
30   44   53
4   47   51
30   50   38
38   42   51
61   24   34
17   37   56
51   13   35
62   45   9
61   24   38
17   61   3
44   41   24
39   28   23
14   61   43
11   22   50
7   38   30
41   57   28
53   5   15
3   53   7
27   40   63
39   48   50
63   3   34
35   31   54
17   34   38
15   42   56
51   45   1
62   23   8
52   19   61
47   50   25
24   57   41
3   1   35
18   17   61
10   17   14
54   6   6
50   12   16
22   58   0
59   13   49
10   54   26
9   46   40
23   31   28
63   12   17
34   43   24
21   46   51
24   19   23
61   15   27
17   48   21
9   21   51
43   34   26
6   35   16
47   29   33
38   42   27
58   50   36
46   13   7
48   49   39
22   45   2
59   10   8
1   49   18
4   45   41
46   51   57
43   31   23
7   55   48
36   41   33
58   29   63
47   51   20
27   44   59
43   24   34
57   48   35
49   45   29
44   26   29
56   28   14
61   17   44
15   21   22
9   38   3
32   9   0
15   39   46
2   44   47
60   43   46
40   42   8
57   21   11
9   14   4
40   43   57
41   0   35
30   9   62
51   5   25
39   61   7
54   59   40
17   19   3
31   56   20
2   10   54
58   31   32
39   27   29
25   36   57
32   48   47
55   57   59
41   26   13
50   42   23
23   22   2
20   50   29
62   5   42
28   33   60
9   34   57
42   40   27
52   32   28
35   29   1
29   52   40
16   48   12
22   41   45
59   0   55
50   20   55
12   47   58
33   6   54
56   58   7
38   44   54
40   50   25
29   58   13
14   59   37
26   53   50
56   52   56
15   28   26
43   9   23
32   51   26
26   44   48
27   28   1
61   39   26
46   23   54
45   36   21
5   11   61
51   22   11
32   16   30
60   14   42
24   62   29
22   17   2
30   28   7
20   45   23
16   54   17
22   16   11
59   50   17
20   52   59
24   57   45
56   5   52
25   22   24
12   7   48
53   59   29
57   51   22
15   50   16
2   58   20
63   60   22
62   1   24
53   22   59
47   25   13
18   22   4
21   47   25
26   47   17
44   20   5
13   5   28
56   63   53
48   40   34
32   29   57
5   57   35
26   29   19
60   21   2
1   27   5
4   56   21
22   4   19
1   22   0
8   9   6
47   9   24
14   21   13
28   12   57
61   45   25
12   20   8
24   35   17
54   27   17
52   28   42
8   41   56
9   11   18
61   41   39
42   12   9
51   16   17
32   24   15
19   19   47
42   49   14
59   63   61
8   10   52
3   60   41
8   25   47
58   61   61
27   26   5
9   13   3
34   61   24
63   54   20
22   11   26
55   40   15
2   2   60
29   55   29
18   22   2
37   32   21
59   44   23
13   21   6
32   40   6
22   32   57
35   17   61
44   31   55
5   50   44
16   61   20
30   24   57
33   55   11
30   47   55
2   38   34
7   39   54
37   37   61
62   20   57
19   31   32
43   43   47
29   13   7
12   38   21
52   58   52
12   16   16
20   33   25
14   2   23
34   45   62
20   41   29
11   35   22
23   62   53
40   5   7
38   6   9
61   5   9
15   56   57
23   21   47
51   4   11
54   6   10
25   18   2
52   60   31
1   25   21
27   43   40
55   6   38
34   7   12
32   37   51
11   35   30
58   5   61
40   10   60
57   50   39
42   43   34
57   23   58
58   20   62
34   57   37
60   11   24
36   4   5
36   19   1
33   18   12
0   45   51
53   50   59
16   11   40
52   50   37
26   52   52
59   29   58
11   46   18
24   42   25
44   29   33
28   43   2
62   62   44
41   6   23
34   29   0
16   47   27
25   11   42
20   55   0
11   57   26
11   5   41
4   29   26
29   45   54
58   31   4
47   12   6
31   44   55
32   34   52
47   35   49
5   18   30
37   28   54
2   31   22
40   16   30
50   39   47
46   8   10
60   51   13
31   33   23
3   21   6
63   48   49
30   20   7
58   36   25
27   8   17
24   60   13
1   48   21
49   19   34
43   25   13
29   49   11
4   8   20
29   29   1
12   18   30
42   33   39
23   11   44
58   4   10
1   11   58
10   32   4
47   8   2
54   48   45
31   43   50
53   42   48
34   1   20
54   15   19
3   52   44
44   54   52
44   29   35
9   42   7
53   49   53
27   46   34
19   34   63
8   41   25
44   37   0
59   47   3
36   52   29
56   20   17
22   18   3
41   9   7
2   22   56
0   63   1
55   11   26
23   32   23
50   33   16
29   14   9
61   6   34
39   63   62
0   31   1
46   14   20
1   37   56
33   32   62
25   60   49
5   57   15
50   19   24
29   7   26
8   43   3
28   43   0
0   43   22
49   28   1
1   56   22
57   29   28
27   54   40
8   60   35
25   52   33
46   26   9
26   4   30
60   59   14
36   6   3
29   61   28
22   29   23
12   22   3
49   19   37
35   45   29
16   27   26
20   33   7
62   7   55
60   19   10
48   47   17
51   21   59
37   31   3
26   41   44
60   5   8
24   28   3
36   54   56
60   30   28
46   62   52
38   41   63
32   37   50
19   41   45
36   53   19
13   7   23
30   7   9
46   15   19
47   15   22
28   16   23
41   39   34
7   30   22
42   21   19
48   0   25
55   17   61
35   33   25
8   23   30
42   36   63
8   2   24
12   15   54
10   59   2
23   63   32
13   37   42
43   39   46
30   6   57
35   13   23
58   51   60
16   29   5
59   24   14
45   20   19
60   12   28
39   32   63
11   56   49
45   55   38
37   43   27
31   52   8
8   12   4
59   17   56
55   58   52
4   54   25
49   62   51
41   30   35
19   48   21
59   20   40
8   29   18
31   52   59
36   16   15
13   35   56
59   2   8
20   33   42
2   51   41
27   25   51
25   51   23
57   40   1
41   21   6
62   23   16
32   12   37
50   13   6
2   52   43
43   19   54
0   56   59
53   51   36
9   56   34
1   62   44
28   31   61
22   63   17
16   52   57
13   27   4
6   4   14
3   62   44
44   9   61
57   49   32
0   48   8
12   22   5
17   49   50
34   30   62
47   1   26
41   13   6
25   23   55
5   60   4
59   42   1
61   58   20
42   50   13
20   25   24
23   44   5
47   42   39
11   5   18
29   50   33
54   21   6
41   59   9
39   8   2
9   30   13
43   44   52
57   51   33
57   35   16
19   38   18
26   40   38
10   6   39
54   31   63
13   54   58
0   54   62
5   52   19
55   37   53
54   7   23
6   57   1
24   15   15
53   39   53
45   56   8
42   15   63
13   58   21
59   47   48
36   46   50
47   18   45
3   45   28
17   23   13
23   49   51
20   24   12
51   36   1
27   28   57
45   45   48
52   7   9
23   47   47
34   63   13
1   49   30
51   26   42
14   62   14
60   33   52
2   56   40
45   31   4
55   0   20
11   55   20
3   40   47
37   18   46
42   20   7
12   20   29
62   21   26
13   63   37
3   50   46
43   7   7
1   40   13
54   38   1
54   53   8
51   27   5
61   1   40
49   5   37
36   17   18
22   20   47
48   18   5
26   28   7
24   48   46
10   34   26
20   42   19
11   10   20
32   41   27
62   55   63
46   5   13
50   61   44
33   12   49
6   61   5
50   21   27
43   61   57
45   63   54
50   37   25
13   36   30
39   21   24
47   15   16
46   1   40
18   32   23
39   44   25
33   46   32
18   57   17
1   29   15
40   46   33
16   20   50
11   59   59
39   41   22
52   52   51
42   50   56
33   25   57
29   49   14
55   2   63
2   54   13
18   34   18
4   36   21
19   12   25
6   10   30
47   53   18
34   29   58
1   33   47
45   2   24
22   38   59
23   12   51
61   32   32
54   26   23
43   43   34
23   52   25
52   37   29
37   2   30
38   19   20
31   8   23
0   11   27
45   31   23
26   48   40
49   29   17
58   29   28
13   62   4
27   24   61
30   56   46
3   54   40
53   8   57
22   14   60
23   0   27
29   13   22
23   45   4
63   18   54
59   33   63
10   51   12
18   48   62
21   44   48
2   10   15
25   24   53
53   50   58
28   61   36
39   38   28
6   24   22
31   29   54
25   21   47
27   51   53
29   18   1
45   42   54
60   7   18
55   23   26
59   59   43
56   4   1
35   54   55
27   40   2
28   23   60
57   25   31
57   50   27
26   52   34
24   37   31
29   45   44
55   7   15
7   8   19
11   27   37
2   36   37
11   15   52
15   27   3
4   14   12
20   47   51
56   45   39
42   6   4
18   18   40
5   22   14
38   2   54
14   38   26
29   8   31
8   20   44
46   7   11
51   59   44
10   52   14
44   44   48
43   24   27
29   33   61
27   29   49
23   58   48
26   2   19
9   5   51
6   37   2
55   24   54
61   8   20
44   16   57
6   15   14
18   10   32
15   44   8
44   33   43
35   43   63
51   17   54
26   3   10
56   20   29
56   37   11
13   8   27
1   9   45
49   10   19
52   34   23
37   26   7
51   46   39
56   7   7
45   30   57
12   53   20
4   42   27
34   53   31
18   59   7
50   47   5
41   45   24
34   7   24
29   34   53
29   43   45
19   51   4
61   20   41
9   21   47
52   28   58
43   55   5
59   60   42
22   19   35
31   50   10
4   59   40
34   32   57
18   53   57
47   45   28
58   10   3
0   25   35
20   13   29
24   24   35
21   34   0
30   8   25
3   63   31
46   51   25
54   0   32
42   52   48
12   30   12
42   58   50
26   49   46
48   20   28
4   26   13
63   14   10
14   28   6
12   41   51
33   25   2
12   48   52
14   18   34
18   49   27
32   4   25
29   4   30
41   3   57
8   55   40
12   0   38
54   3   12
20   53   17
49   17   17
22   31   13
63   10   58
46   30   49
54   24   26
42   20   54
56   0   6
22   28   0
14   56   0
6   39   25
63   42   25
7   51   46
31   25   59
43   21   7
19   10   10
57   17   35
27   20   13
26   45   60
6   17   54
11   49   43
36   56   25
28   34   47
15   12   29
47   41   2
42   30   55
9   48   14
39   1   9
48   39   35
21   49   29
19   36   21
39   10   4
35   5   8
63   20   28
11   58   17
1   62   56
22   49   24
2   32   32
18   22   6
0   3   27
36   17   23
22   0   32
40   40   5
5   4   23
13   4   41
21   12   59
59   15   15
56   15   33
6   51   62
0   49   38
54   13   0
44   10   62
38   54   48
2   24   16
17   44   57
61   28   41
39   51   56
49   25   18
7   59   21
56   28   24
47   20   10
39   2   54
21   51   2
30   46   62
42   12   12
53   15   2
23   29   60
6   60   44
55   23   10
35   30   32
6   16   19
26   25   24
8   28   51
40   13   1
6   41   9
28   53   11
2   2   20
16   60   33
1   26   4
39   27   60
42   50   58
4   11   30
29   38   50
9   49   56
19   12   16
33   48   9
41   3   25
33   45   49
56   20   62
55   61   8
3   57   35
38   62   61
2   63   26
21   27   56
12   34   26
31   53   29
22   60   29
46   9   26
25   49   17
61   11   23
24   38   48
48   2   52
41   9   9
51   4   13
47   40   26
21   37   38
14   58   1
13   58   56
31   24   5
0   9   55
23   28   12
34   28   53
42   15   25
13   6   35
6   62   2
8   25   24
21   23   55
43   33   44
62   14   19
42   43   18
18   2   37
12   17   36
44   55   55
35   59   61
8   28   20
50   0   53
15   25   16
50   42   59
14   12   57
18   49   48
34   33   49
25   52   60
6   60   11
11   7   38
16   27   19
48   19   62
30   24   3
28   7   49
61   56   58
13   46   12
33   1   57
36   4   62
3   18   8
28   44   62
31   17   23
46   20   63
49   28   49
60   7   21
38   31   17
30   36   26
30   47   58
12   14   17
50   31   62
53   30   41
42   52   0
16   47   62
8   47   45
62   29   15
61   19   13
28   39   18
30   62   9
61   21   37
6   26   49
49   28   13
40   10   9
29   25   62
40   50   28
8   63   37
46   35   22
29   22   39
51   39   2
37   14   17
16   51   29
13   4   5
2   53   62
28   17   33
11   17   46
23   22   6
48   19   57
17   1   33
55   9   44
4   48   9
46   37   36
43   25   36
33   48   30
29   58   3
22   13   54
21   60   27
2   23   41
43   8   46
48   30   17
18   32   7
21   62   22
63   36   15
17   27   5
48   1   27
17   27   7
53   9   37
29   44   18
35   49   14
41   35   60
32   4   59
58   42   10
36   42   34
42   57   55
42   18   28
40   54   63
10   56   63
0   48   30
45   36   15
56   5   16
11   22   31
44   45   55
3   47   62
36   36   5
41   27   32
35   4   20
11   33   53
49   5   46
14   59   2
26   49   0
44   10   1
59   18   0
8   10   14
3   0   26
59   20   58
51   47   26
48   7   15
37   11   33
36   35   46
20   28   30
40   52   3
23   20   20
5   41   6
18   23   1
17   21   45
1   31   24
28   29   1
3   51   12
44   39   36
33   5   53
20   45   4
30   39   36
26   8   31
2   24   60
4   32   23
3   6   40
60   1   60
44   7   25
58   38   57
20   31   6
45   16   27
3   17   63
56   9   26
61   4   10
7   8   14
11   5   17
52   24   32
32   14   14
37   61   21
42   48   51
35   30   17
62   32   19
36   17   10
43   19   63
63   22   15
18   45   4
17   45   47
0   45   5
6   27   5
63   6   9
37   32   12
40   17   54
17   10   10
11   30   55
47   37   51
60   18   8
5   60   2
9   19   8
34   27   12
7   51   19
50   52   32
26   8   59
30   8   59
1   26   26
16   34   38
22   26   51
0   5   21
54   43   35
47   43   35
39   38   46
25   41   51
60   47   30
55   5   24
5   12   50
9   31   50
41   18   27
26   14   23
43   15   14
24   57   61
20   29   57
13   48   11
22   40   28
16   13   38
7   30   29
47   60   53
7   24   26
42   26   36
32   18   55
56   30   22
36   10   27
55   26   23
36   60   61
8   57   21
51   35   11
2   56   15
13   6   14
27   47   33
32   32   31
61   7   49
6   62   12
6   12   22
21   25   62
38   12   42
18   26   32
47   1   19
63   10   32
35   60   25
49   23   61
40   27   32
25   30   1
26   45   32
29   53   36
5   8   25
19   34   12
20   41   6
15   8   48
32   21   18
37   19   57
42   13   31
55   51   3
15   28   7
11   30   26
40   2   28
48   6   31
35   19   7
40   39   62
18   52   60
44   45   49
19   47   25
5   17   57
3   4   50
7   21   37
44   62   1
4   47   44
22   52   13
53   28   61
45   60   25
45   40   57
5   29   5
38   48   6
25   4   63
60   10   17
23   54   30
46   43   17
60   22   41
11   35   28
3   14   14
5   53   57
55   3   23
62   48   41
63   8   24
40   56   17
53   17   47
9   4   55
11   46   6
44   55   57
31   61   21
7   27   27
37   2   15
4   5   32
18   59   2
0   44   39
44   48   1
10   63   5
48   15   27
24   43   53
31   57   12
12   23   31
31   24   49
43   22   22
60   0   40
20   1   37
49   57   0
15   38   28
36   39   36
44   58   58
35   32   47
48   53   36
57   10   7
47   22   36
58   38   23
8   62   41
29   7   24
30   28   61
57   17   2
56   28   32
3   61   7
41   37   57
29   42   5
20   24   59
60   24   27
46   26   46
45   46   9
5   42   47
2   51   22
14   27   20
21   40   31
10   52   16
40   14   53
25   5   17
38   46   34
63   25   10
41   19   10
33   43   50
28   59   8
44   21   62
2   49   12
57   50   6
51   48   48
31   33   56
30   13   20
44   16   27
33   45   62
55   48   29
0   57   3
12   7   63
56   44   30
44   8   53
40   45   1
13   6   17
25   60   11
41   0   40
15   34   54
18   30   34
37   34   15
5   55   39
23   46   36
20   44   31
61   16   0
37   14   12
41   63   54
18   27   9
44   27   13
43   33   27
3   17   5
2   23   37
53   43   36
59   2   40
55   4   62
50   7   62
14   20   33
25   40   17
55   48   41
5   25   13
11   53   16
36   0   25
22   35   12
2   43   60
58   19   63
3   36   6
39   54   57
34   46   48
20   44   47
34   49   4
43   12   25
55   17   0
34   9   23
18   18   59
41   33   31
63   45   51
9   61   12
16   29   28
33   18   4
40   52   26
42   61   60
33   50   17
41   6   18
6   56   26
38   12   40
54   19   57
50   40   24
22   1   26
63   38   23
22   21   61
8   29   12
54   41   39
61   33   48
38   41   49
17   29   9
60   2   50
20   30   61
49   27   25
18   53   56
20   53   10
63   6   50
21   26   61
12   41   10
61   41   3
3   58   50
1   30   10
54   25   41
33   14   20
47   18   14
9   12   52
30   47   17
21   36   63
4   22   8
35   7   28
60   44   58
48   40   18
48   20   60
33   10   16
18   45   22
43   46   48
11   19   35
59   49   28
26   52   53
31   63   55
30   22   44
44   4   31
28   1   57
55   53   61
62   53   3
54   51   26
1   45   17
44   36   63
0   56   8
49   29   22
40   27   46
41   49   30
40   3   54
47   14   8
3   37   7
56   53   29
50   0   16
15   25   4
11   37   8
24   55   62
36   45   19
57   0   56
23   18   58
60   6   20
2   27   50
43   41   54
38   30   61
53   3   9
7   50   17
24   16   22
44   41   60
27   31   0
21   33   17
2   36   18
57   19   5
32   63   61
41   36   21
14   9   3
23   36   48
25   10   30
33   48   45
59   5   15
11   59   60
36   11   24
55   47   43
42   60   17
60   57   30
23   46   17
4   47   3
63   55   52
29   36   23
47   12   17
63   60   63
40   16   61
59   61   5
28   28   3
59   43   26
26   10   61
44   37   49
58   30   24
14   26   9
0   13   58
0   50   2
15   10   60
27   46   47
28   55   20
35   47   2
27   34   37
22   10   24
28   4   24
57   8   19
3   10   25
18   13   54
47   14   7
35   26   5
50   39   28
8   60   14
15   21   18
23   42   28
35   51   52
6   50   40
1   48   15
19   9   27
23   46   3
9   30   51
6   48   24
53   63   11
13   14   26
24   45   49
16   26   24
36   9   19
11   45   30
14   15   30
1   59   58
45   57   55
52   6   39
58   28   2
22   27   20
36   48   54
46   38   35
9   58   1
31   34   59
60   4   42
54   26   13
5   17   54
55   2   12
4   46   5
34   1   7
28   7   10
54   57   10
40   17   2
39   5   13
36   54   60
3   16   20
48   39   36
14   19   37
58   35   35
28   11   14
4   63   28
53   12   19
11   33   14
34   62   3
51   61   39
33   14   8
24   52   53
13   7   59
16   17   22
4   9   28
33   0   8
0   57   16
13   60   19
28   30   20
41   26   29
13   7   21
34   54   49
42   28   46
41   28   28
45   24   59
21   31   28
44   30   18
52   59   8
55   24   34
21   34   19
26   16   59
11   7   35
14   60   59
3   22   13
57   26   17
15   32   18
45   10   57
8   11   19
50   33   15
23   19   22
40   35   33
32   47   30
47   12   3
57   54   58
60   8   27
51   14   13
36   11   6
6   11   24
35   61   2
15   45   6
62   8   49
61   30   21
6   16   62
17   3   32
28   36   13
61   17   45
54   23   7
41   37   1
6   12   59
5   4   20
46   27   55
56   51   55
51   47   47
52   46   18
23   29   62
9   36   22
23   52   29
15   29   63
32   5   53
51   42   32
37   18   40
42   6   19
50   46   46
37   19   3
52   32   32
31   5   38
5   8   6
26   26   15
0   12   0
32   47   45
4   7   42
46   53   34
48   10   24
37   31   1
10   44   22
50   5   3
48   21   34
21   19   52
55   28   0
42   42   56
54   40   59
38   12   53
9   28   18
62   29   57
44   0   7
5   3   31
53   17   54
59   8   32
5   53   21
56   46   15
28   29   53
20   51   33
7   27   53
63   7   33
22   13   55
24   18   59
44   43   61
51   25   12
28   57   59
9   54   47
33   52   20
12   23   14
25   59   35
53   43   30
1   63   28
41   16   13
35   15   18
30   49   40
10   11   19
46   58   50
62   41   57
48   12   38
44   58   35
55   41   20
35   42   47
51   35   3
32   48   40
45   18   60
21   48   38
28   47   30
21   45   49
55   63   31
43   26   25
19   54   39
4   1   7
25   27   20
59   25   10
35   35   22
13   55   45
43   52   49
6   1   31
33   12   1
41   9   20
21   11   51
12   44   20
21   15   32
59   8   56
30   56   58
20   26   3
41   54   57
34   0   4
42   42   44
37   50   55
63   39   18
15   41   0
18   35   29
37   33   18
23   32   38
48   10   35
23   7   30
21   39   34
56   51   59
62   10   58
9   47   54
52   51   45
17   1   51
25   24   51
55   15   23
38   36   43
7   47   60
20   1   18
25   45   26
62   38   56
5   56   1
59   26   55
2   25   31
53   25   58
54   49   47
37   17   42
17   31   60
52   35   55
43   31   47
16   31   56
54   38   46
13   48   47
52   20   43
59   3   60
20   12   17
54   41   47
2   23   53
52   31   56
35   54   8
61   23   25
60   9   49
57   55   37
40   18   27
28   51   24
53   62   33
62   50   13
50   20   8
36   61   21
32   61   5
49   36   21
28   26   18
44   62   59
16   26   30
47   45   63
26   28   20
2   47   55
49   4   59
42   14   53
20   43   56
49   44   34
53   33   60
32   2   54
38   16   31
57   46   52
61   24   11
60   23   51
22   58   55
59   53   6
28   47   53
58   11   1
27   47   42
58   34   15
60   60   42
12   8   28
60   15   39
1   51   20
7   57   7
28   42   34
54   51   3
7   21   15
58   37   55
28   52   10
27   48   56
43   36   57
59   1   25
26   16   17
10   19   23
57   11   27
15   11   28
26   7   26
20   27   1
24   57   48
15   56   45
16   45   17
36   54   47
52   40   30
29   29   17
32   6   30
16   3   27
34   1   25
24   12   61
35   3   62
14   19   38
50   4   27
21   39   59
12   11   34
0   58   23
59   16   12
10   33   43
19   33   25
16   33   23
19   26   12
52   45   41
49   40   1
21   26   0
9   52   62
24   16   57
26   48   24
46   14   9
35   12   27
31   51   14
55   42   9
44   8   0
43   56   33
42   7   2
0   23   34
23   4   33
41   22   54
12   60   17
1   57   17
15   11   52
60   42   45
58   41   36
17   59   2
3   14   4
22   48   34
13   44   45
10   8   6
15   12   38
18   42   60
0   24   26
59   18   13
25   44   47
20   28   18
57   27   2
51   2   26
29   56   22
5   51   46
11   7   19
5   57   48
55   31   3
63   30   53
29   20   14
49   36   2
46   21   59
13   54   37
47   30   57
43   53   36
54   38   50
54   31   28
4   21   55
44   17   13
36   9   0
61   51   5
54   40   30
32   42   43
45   0   58
5   27   15
34   7   57
49   21   19
31   2   29
32   62   4
61   27   57
44   41   9
19   34   8
42   33   23
52   16   7
52   29   4
3   42   25
12   46   18
7   42   56
9   61   42
20   31   29
21   33   27
45   18   30
42   37   1
62   23   7
23   47   32
54   49   51
42   51   36
61   61   55
55   32   26
8   38   27
61   43   5
7   22   50
33   52   14
36   59   40
45   62   41
63   32   32
31   13   25
13   47   52
57   8   37
12   34   29
13   59   26
0   3   63
48   54   50
29   54   32
29   28   47
63   13   30
29   59   25
2   23   62
43   18   61
13   27   5
6   13   17
60   30   8
13   52   0
61   58   2
33   28   53
22   1   42
2   42   17
37   46   30
52   30   22
27   37   18
58   24   43
63   14   61
37   61   58
61   48   19
53   58   30
15   27   20
49   48   48
26   26   51
59   10   33
35   44   30
16   38   28
26   37   46
27   60   12
53   17   49
3   12   33
4   45   18
31   10   37
60   42   48
17   3   27
2   4   29
31   46   9
53   43   60
36   51   57
14   54   62
61   31   58
61   5   32
42   16   26
2   24   14
62   61   53
35   44   0
51   9   38
52   60   3
8   59   4
10   4   12
32   59   32
31   26   20
57   19   0
10   45   25
34   55   17
46   57   38
62   27   10
3   54   4
46   11   18
4   0   12
54   49   25
62   31   23
60   4   28
36   60   28
54   55   55
29   62   17
25   19   5
44   13   6
2   50   18
41   53   3
4   7   23
44   53   29
45   29   26
54   26   32
10   49   56
34   12   37
51   34   43
43   13   16
49   48   49
30   0   19
53   52   60
43   31   43
19   35   6
38   49   47
38   51   51
47   59   51
20   54   30
39   59   17
45   10   9
14   31   52
60   28   62
22   27   17
26   32   62
23   32   42
38   11   2
6   63   23
5   49   40
29   62   7
1   63   16
10   48   45
9   33   25
47   17   19
25   48   18
61   59   43
9   39   35
52   5   38
42   51   17
22   22   55
42   26   33
36   30   20
19   50   18
39   33   22
21   10   7
14   9   14
22   50   3
55   30   29
22   25   8
8   5   12
11   31   18
38   51   60
33   13   33
58   25   61
26   41   6
58   2   7
50   45   55
56   14   15
42   54   63
33   62   62
17   3   47
15   23   2
25   44   32
25   53   42
2   24   28
22   45   4
25   46   38
55   54   47
12   21   35
30   37   2
35   52   53
61   12   1
18   60   5
27   37   21
20   3   19
27   62   4
49   47   37
19   29   35
36   32   28
57   0   16
38   33   39
58   6   59
47   50   34
51   16   19
28   41   31
24   40   62
7   38   42
39   26   56
56   61   55
29   34   37
54   57   33
58   11   60
54   49   60
43   60   2
7   30   12
4   56   16
0   42   45
38   40   57
63   25   25
52   16   12
32   57   11
17   20   61
18   17   51
8   7   42
54   11   17
63   9   6
6   59   34
28   40   36
35   16   26
55   51   60
49   50   63
45   4   59
26   25   2
57   22   7
56   33   4
47   38   36
20   61   59
60   6   11
59   1   21
14   60   63
20   14   60
43   25   12
35   52   28
14   10   48
12   63   23
41   29   25
23   14   54
6   46   47
22   48   54
32   3   17
2   27   27
36   18   63
28   56   12
14   4   27
26   48   38
14   4   32
57   41   56
21   58   26
61   38   4
60   15   56
40   30   20
23   54   0
1   60   21
3   34   52
2   12   17
44   54   16
38   19   27
60   46   5
10   44   6
29   33   26
52   55   41
0   42   41
47   4   45
56   54   50
57   8   0
60   61   44
19   54   20
54   5   4
58   31   29
52   50   63
53   41   56
23   52   24
23   19   23
62   43   25
44   47   45
11   37   35
62   19   25
26   0   13
62   43   5
10   24   25
8   43   0
33   14   23
54   9   48
7   58   16
55   19   12
63   17   25
34   29   32
34   56   21
40   34   36
26   29   35
53   30   12
37   44   34
35   5   13
20   53   44
46   15   8
42   23   12
11   31   27
34   49   40
13   28   9
47   13   25
4   44   21
42   37   40
8   61   44
46   22   17
18   2   48
47   49   23
32   59   35
5   31   48
10   27   35
49   27   24
24   11   44
37   12   27
28   53   26
62   14   0
2   7   50
23   6   55
57   52   29
51   35   26
31   37   53
23   35   29
22   59   24
44   37   1
40   42   39
18   22   49
26   36   61
19   61   35
52   7   26
63   47   26
53   60   4
44   42   18
28   63   13
21   22   4
50   13   11
41   6   19
3   16   12
23   4   37
57   13   1
61   49   13
18   52   28
56   5   55
41   10   11
1   10   8
47   29   26
30   36   23
0   25   19
46   31   15
55   43   32
25   14   24
55   5   1
19   12   20
25   28   35
55   35   5
20   22   4
55   47   46
20   15   35
15   8   32
53   48   15
36   62   20
41   28   33
63   6   12
54   58   58
6   26   21
3   40   3
52   5   37
39   34   1
13   32   7
38   20   25
55   26   62
27   45   18
22   48   21
25   36   2
13   12   10
1   15   12
33   46   15
62   55   8
17   44   45
14   18   31
41   42   2
58   15   16
52   59   35
44   48   63
58   2   32
32   39   7
37   36   46
18   62   32
15   15   41
21   27   6
26   63   24
52   16   6
13   3   48
46   55   17
51   29   35
20   39   46
28   46   51
6   60   43
53   14   58
36   59   58
46   51   23
42   52   52
15   42   47
61   34   53
53   54   56
33   49   61
46   15   6
33   9   12
41   6   53
33   41   27
42   7   17
26   49   26
9   19   18
0   26   5
15   10   39
53   42   58
20   24   8
24   20   32
60   33   63
53   45   47
6   58   16
48   47   1
31   33   37
37   62   55
16   47   21
29   53   42
7   32   17
36   7   53
31   36   22
11   60   29
55   26   57
58   26   10
63   17   60
63   23   31
31   5   25
11   61   14
24   53   20
22   42   5
42   41   50
43   55   61
42   17   57
50   50   35
34   27   47
16   11   17
33   49   27
22   35   17
62   19   58
56   50   51
52   16   27
6   63   4
24   4   42
18   30   6
16   1   21
21   34   3
13   6   50
46   15   11
58   0   53
14   28   26
39   30   31
50   19   44
44   15   26
62   34   48
40   8   17
33   16   9
38   11   34
42   19   1
34   43   30
20   46   38
46   8   27
17   55   16
57   9   42
19   57   45
46   18   5
29   34   60
7   22   22
8   6   7
54   14   21
27   43   17
17   28   6
50   15   12
31   20   56
47   9   37
24   46   60
33   14   25
44   58   63
9   61   43
51   17   0
55   32   1
27   20   14
39   15   63
0   21   58
19   1   32
23   16   57
52   61   7
20   49   36
47   29   27
13   42   27
42   6   40
21   58   45
48   23   19
7   58   12
55   47   48
37   15   14
41   21   24
57   25   38
1   19   50
5   2   40
2   6   41
11   5   24
31   55   55
43   15   20
25   10   26
18   28   3
44   18   53
36   46   47
8   23   25
41   18   0
57   48   53
55   42   4
48   20   56
3   40   58
18   39   34
28   27   50
9   60   4
61   30   37
43   49   29
44   23   28
61   26   28
46   19   62
2   10   32
48   18   37
52   11   2
22   57   22
6   54   17
25   23   56
27   24   55
10   6   17
6   1   63
14   13   17
54   23   18
51   22   8
63   5   55
23   28   58
63   47   15
62   34   31
55   47   45
25   19   4
20   9   51
44   44   57
42   44   33
20   0   32
46   47   28
2   31   6
15   17   45
22   28   18
3   43   63
28   24   5
15   36   14
40   24   36
29   16   55
43   4   14
12   16   43
10   41   24
15   7   40
28   58   17
20   19   37
16   3   28
58   12   4
34   11   4
15   39   23
50   52   36
10   39   3
44   28   49
49   14   27
50   12   19
25   61   33
18   46   52
54   19   29
59   37   16
60   13   30
33   5   3
5   19   17
11   34   29
11   63   12
9   44   20
39   9   37
9   4   24
40   30   18
4   26   34
0   6   50
11   51   36
44   6   12
5   49   0
58   30   62
59   24   51
41   55   25
36   61   26
62   0   49
